ticket_id,customer_name,customer_email,product,category,issue_description,resolution_notes,priority,status,channel,region,customer_age,customer_gender,subscription_type,customer_tenure_months,previous_tickets,customer_satisfaction_score,first_response_time_hours,resolution_time_hours,ticket_created_date,ticket_resolved_date,escalated,sla_breached,operating_system,browser,payment_method,language,preferred_contact_time,issue_complexity_score,customer_segment,customer_id,previous_ticket_date,repeat_contact_flag
13365,Mary Thomas,mary.thomas21@yahoo.com,Payment Gateway,Security Concern,The application crashes whenever I try to upload a file.,Bug logged internally and workaround shared with the customer.,Low,Open,Web Form,Africa,54,Female,Free,4,18,2,53.58,46.64,2024-06-13,2024-06-14,Yes,No,Windows,Firefox,Debit Card,Japanese,Morning,8,Small Business,mary.thomas21@yahoo.com,,0
28261,Linda Martinez,linda.martinez152@yahoo.com,API Service,Data Sync Issue,I am experiencing very slow performance while using the dashboard.,Provided step-by-step troubleshooting instructions and issue resolved.,Medium,Resolved,Web Form,Asia,47,Male,Premium,34,5,1,14.08,173.36,2023-04-02,2023-04-04,Yes,No,Android,Chrome,Bank Transfer,Japanese,Evening,9,Corporate,linda.martinez152@yahoo.com,,0
50805,Charles Brown,charles.brown395@outlook.com,Mobile App,Feature Request,I am experiencing very slow performance while using the dashboard.,Payment gateway timeout issue fixed and monitoring implemented.,High,Open,Web Form,North America,58,Female,Free,34,10,3,21.31,227.92,2022-12-11,2022-12-12,No,Yes,Windows,Unknown,Crypto,French,Night,7,Individual,charles.brown395@outlook.com,,0
96414,Karen Miller,karen.miller381@outlook.com,Analytics Dashboard,Subscription Cancellation,My subscription was cancelled without my request and I need clarification.,Bug logged internally and workaround shared with the customer.,High,Resolved,Web Form,North America,31,Male,Basic,9,18,4,8.18,77.02,2022-06-19,2022-07-03,No,No,Linux,Chrome,PayPal,French,Night,3,Corporate,karen.miller381@outlook.com,,0
85802,Linda Jones,linda.jones330@hotmail.com,Analytics Dashboard,Subscription Cancellation,I am experiencing very slow performance while using the dashboard.,Provided step-by-step troubleshooting instructions and issue resolved.,Urgent,Open,Phone,Africa,73,Female,Free,45,12,1,1.31,97.96,2022-03-04,2022-03-16,Yes,No,iOS,Edge,Bank Transfer,German,Morning,1,Corporate,linda.jones330@hotmail.com,,0
170333,Sarah Jackson,sarah.jackson503@yahoo.com,API Service,Performance Issue,The system is not syncing data across devices properly.,The duplicate charge was reversed and refund processed within 3-5 business days.,Medium,In Progress,Chat,Africa,53,Male,Free,14,14,2,15.0,151.71,2022-03-10,2022-03-11,Yes,No,Android,Firefox,Debit Card,Japanese,Afternoon,9,Individual,sarah.jackson503@yahoo.com,,0
2117,Joseph Garcia,joseph.garcia318@yahoo.com,CRM Platform,Payment Problem,I am experiencing very slow performance while using the dashboard.,Provided step-by-step troubleshooting instructions and issue resolved.,Urgent,Pending Customer,Email,Africa,72,Female,Enterprise,22,6,1,5.48,63.04,2024-11-01,2024-11-14,Yes,Yes,Linux,Safari,PayPal,French,Evening,6,Individual,joseph.garcia318@yahoo.com,,0
124515,Karen Martinez,karen.martinez185@outlook.com,API Service,Refund Request,I would like to request a refund for the recent charge.,Data synchronization restored after backend service restart.,Medium,Resolved,Chat,South America,38,Female,Basic,32,18,4,67.07,176.97,2024-01-19,2024-01-22,No,No,iOS,Firefox,Debit Card,French,Night,4,Individual,karen.martinez185@outlook.com,,0
2130,Jennifer Anderson,jennifer.anderson530@company.com,Analytics Dashboard,Feature Request,The application crashes whenever I try to upload a file.,Bug logged internally and workaround shared with the customer.,Medium,Pending Customer,Phone,Europe,61,Female,Enterprise,4,5,4,45.15,26.83,2024-01-14,2024-01-21,No,No,iOS,Edge,Bank Transfer,Chinese,Afternoon,1,Small Business,jennifer.anderson530@company.com,,0
174982,Karen Williams,karen.williams920@icloud.com,Cloud Storage,Security Concern,There seems to be a discrepancy in my billing statement for this month.,Data synchronization restored after backend service restart.,Medium,Pending Customer,Social Media,Africa,40,Female,Basic,19,10,5,47.86,193.44,2024-06-09,2024-06-23,Yes,Yes,MacOS,Safari,Debit Card,Japanese,Evening,5,Small Business,karen.williams920@icloud.com,,0
167488,Thomas Miller,thomas.miller715@yahoo.com,Analytics Dashboard,Payment Problem,I found a bug in the latest update affecting report generation.,Security settings updated and customer notified of precautionary measures.,Urgent,Resolved,Phone,South America,47,Male,Basic,8,6,3,50.1,79.47,2023-05-23,2023-06-06,No,No,Windows,Edge,PayPal,French,Night,5,Small Business,thomas.miller715@yahoo.com,,0
6113,Sarah Brown,sarah.brown655@outlook.com,Subscription Service,Account Suspension,My subscription was cancelled without my request and I need clarification.,We have reset the account credentials and advised the customer to retry login.,High,Resolved,Phone,Asia,73,Male,Premium,43,18,4,16.11,92.64,2022-06-15,2022-06-22,Yes,Yes,Android,Chrome,Credit Card,English,Evening,10,Individual,sarah.brown655@outlook.com,,0
123879,Susan Lopez,susan.lopez657@gmail.com,Mobile App,Payment Problem,The system is not syncing data across devices properly.,Payment gateway timeout issue fixed and monitoring implemented.,Urgent,Pending Customer,Web Form,Africa,68,Other,Free,41,13,4,10.95,23.36,2024-05-24,2024-06-03,No,No,Windows,Chrome,Bank Transfer,French,Afternoon,8,Corporate,susan.lopez657@gmail.com,,0
63127,Jennifer Taylor,jennifer.taylor730@gmail.com,CRM Platform,Subscription Cancellation,The application crashes whenever I try to upload a file.,Data synchronization restored after backend service restart.,High,In Progress,Phone,North America,48,Female,Basic,50,18,1,23.27,83.11,2023-10-05,2023-10-13,No,Yes,Linux,Firefox,Bank Transfer,German,Afternoon,3,Individual,jennifer.taylor730@gmail.com,,0
145392,Karen Martinez,karen.martinez498@company.com,API Service,Refund Request,There seems to be a discrepancy in my billing statement for this month.,We have reset the account credentials and advised the customer to retry login.,Low,Pending Customer,Phone,Australia,45,Male,Enterprise,3,7,3,43.67,181.86,2022-02-03,2022-02-14,No,Yes,Windows,Firefox,Crypto,Japanese,Afternoon,7,Individual,karen.martinez498@company.com,,0
176532,John Lopez,john.lopez418@hotmail.com,CRM Platform,Payment Problem,I found a bug in the latest update affecting report generation.,Data synchronization restored after backend service restart.,Low,Resolved,Chat,North America,52,Female,Premium,58,15,1,36.78,90.74,2024-02-06,2024-02-13,Yes,No,Windows,Chrome,Crypto,English,Evening,4,Individual,john.lopez418@hotmail.com,2023-10-07,0
65330,Joseph Moore,joseph.moore379@outlook.com,Billing System,Account Suspension,The payment was deducted from my bank account but the transaction shows failed.,The duplicate charge was reversed and refund processed within 3-5 business days.,Low,Pending Customer,Phone,North America,39,Female,Basic,54,18,1,44.94,47.54,2022-04-25,2022-04-27,Yes,Yes,Windows,Unknown,PayPal,French,Night,5,Small Business,joseph.moore379@outlook.com,,0
170882,Robert Moore,robert.moore898@company.com,E-commerce Store,Refund Request,There seems to be a discrepancy in my billing statement for this month.,We have reset the account credentials and advised the customer to retry login.,Medium,Closed,Web Form,Asia,63,Female,Basic,8,4,3,31.58,9.68,2022-07-21,2022-08-02,No,No,Linux,Firefox,PayPal,English,Night,10,Individual,robert.moore898@company.com,,0
76025,James Smith,james.smith618@outlook.com,Billing System,Feature Request,I would like to request a refund for the recent charge.,Explained billing breakdown and clarified applicable charges.,High,Resolved,Social Media,Australia,50,Female,Free,43,3,1,52.59,208.73,2023-01-22,2023-01-27,Yes,Yes,Linux,Firefox,Crypto,Spanish,Morning,5,Corporate,james.smith618@outlook.com,,0
38757,Richard Rodriguez,richard.rodriguez931@gmail.com,API Service,Data Sync Issue,The system is not syncing data across devices properly.,Payment gateway timeout issue fixed and monitoring implemented.,Medium,Pending Customer,Phone,North America,40,Female,Enterprise,59,10,5,62.32,7.18,2023-07-19,2023-08-01,Yes,Yes,Linux,Unknown,PayPal,Chinese,Night,1,Corporate,richard.rodriguez931@gmail.com,,0
152531,David Jackson,david.jackson852@yahoo.com,Payment Gateway,Security Concern,Two-factor authentication codes are not being delivered to my phone.,We have reset the account credentials and advised the customer to retry login.,Urgent,In Progress,Web Form,Europe,23,Female,Enterprise,59,9,1,70.1,96.55,2022-04-11,2022-04-16,Yes,No,Android,Chrome,PayPal,French,Afternoon,4,Corporate,david.jackson852@yahoo.com,,0
166645,Jessica Garcia,jessica.garcia699@gmail.com,Subscription Service,Bug Report,I am experiencing very slow performance while using the dashboard.,Data synchronization restored after backend service restart.,High,In Progress,Phone,Asia,32,Female,Basic,38,18,5,71.7,229.94,2022-01-13,2022-01-13,No,No,Windows,Safari,PayPal,Chinese,Afternoon,3,Individual,jessica.garcia699@gmail.com,,0
72518,Sarah Taylor,sarah.taylor743@gmail.com,CRM Platform,Data Sync Issue,My subscription was cancelled without my request and I need clarification.,Explained billing breakdown and clarified applicable charges.,High,Open,Social Media,Europe,46,Male,Premium,30,6,3,45.65,43.35,2023-06-01,2023-06-14,No,No,Windows,Unknown,PayPal,Japanese,Evening,9,Corporate,sarah.taylor743@gmail.com,,0
137622,Linda Lopez,linda.lopez519@yahoo.com,Billing System,Payment Problem,My subscription was cancelled without my request and I need clarification.,Security settings updated and customer notified of precautionary measures.,High,In Progress,Social Media,Europe,50,Other,Enterprise,46,14,5,27.07,39.45,2022-07-06,2022-07-19,No,Yes,iOS,Edge,PayPal,Chinese,Morning,4,Small Business,linda.lopez519@yahoo.com,,0
75302,Michael Hernandez,michael.hernandez61@yahoo.com,Cloud Storage,Performance Issue,The application crashes whenever I try to upload a file.,We have reset the account credentials and advised the customer to retry login.,Medium,Closed,Phone,Asia,30,Male,Premium,8,4,5,4.84,141.29,2022-06-23,2022-07-06,No,No,Windows,Firefox,Bank Transfer,Japanese,Night,2,Small Business,michael.hernandez61@yahoo.com,,0
131755,John Thomas,john.thomas967@company.com,Web Portal,Subscription Cancellation,The payment was deducted from my bank account but the transaction shows failed.,Data synchronization restored after backend service restart.,Urgent,Pending Customer,Phone,North America,72,Female,Basic,27,2,5,22.52,122.96,2022-05-12,2022-05-21,No,Yes,iOS,Chrome,PayPal,Japanese,Morning,8,Individual,john.thomas967@company.com,,0
28966,James Anderson,james.anderson935@hotmail.com,Payment Gateway,Bug Report,I found a bug in the latest update affecting report generation.,We have reset the account credentials and advised the customer to retry login.,Urgent,In Progress,Social Media,North America,25,Female,Premium,24,8,4,43.23,163.99,2023-07-31,2023-08-05,No,No,Linux,Firefox,Debit Card,English,Night,3,Small Business,james.anderson935@hotmail.com,,0
181325,John Garcia,john.garcia643@yahoo.com,Payment Gateway,Data Sync Issue,The application crashes whenever I try to upload a file.,Data synchronization restored after backend service restart.,High,Resolved,Email,Europe,18,Other,Premium,43,0,4,55.99,207.68,2023-04-10,2023-04-20,No,No,Windows,Firefox,Crypto,Chinese,Morning,8,Small Business,john.garcia643@yahoo.com,,0
30361,Susan Miller,susan.miller8@outlook.com,Web Portal,Login Issue,The system is not syncing data across devices properly.,The issue was escalated to engineering and resolved in the latest patch.,Medium,Open,Chat,Africa,45,Male,Free,34,5,3,58.36,222.94,2024-01-24,2024-02-07,Yes,Yes,Linux,Unknown,Debit Card,English,Morning,4,Corporate,susan.miller8@outlook.com,,0
70071,Richard Miller,richard.miller541@yahoo.com,Payment Gateway,Bug Report,I found a bug in the latest update affecting report generation.,We have reset the account credentials and advised the customer to retry login.,High,Open,Email,Asia,21,Female,Free,13,9,2,43.74,154.46,2022-10-30,2022-11-08,No,No,MacOS,Chrome,Credit Card,Spanish,Night,2,Small Business,richard.miller541@yahoo.com,,0
118405,Susan Hernandez,susan.hernandez853@company.com,Cloud Storage,Payment Problem,The payment was deducted from my bank account but the transaction shows failed.,Explained billing breakdown and clarified applicable charges.,Low,Pending Customer,Email,Australia,18,Male,Enterprise,41,14,4,40.94,57.47,2023-04-23,2023-04-29,Yes,No,iOS,Edge,Bank Transfer,Chinese,Afternoon,9,Corporate,susan.hernandez853@company.com,,0
59430,Charles Martinez,charles.martinez339@hotmail.com,E-commerce Store,Login Issue,I found a bug in the latest update affecting report generation.,Provided step-by-step troubleshooting instructions and issue resolved.,Urgent,In Progress,Chat,North America,25,Male,Premium,16,2,2,47.32,181.74,2022-01-19,2022-01-23,No,Yes,Linux,Safari,PayPal,Japanese,Night,2,Corporate,charles.martinez339@hotmail.com,,0
43540,Michael Rodriguez,michael.rodriguez380@company.com,Analytics Dashboard,Login Issue,I would like to request a refund for the recent charge.,The issue was escalated to engineering and resolved in the latest patch.,High,Open,Chat,Africa,50,Male,Premium,6,9,3,18.54,23.08,2024-11-18,2024-12-01,Yes,No,Linux,Chrome,Crypto,Spanish,Morning,8,Corporate,michael.rodriguez380@company.com,,0
185089,Joseph Gonzalez,joseph.gonzalez911@outlook.com,Mobile App,Payment Problem,There seems to be a discrepancy in my billing statement for this month.,Data synchronization restored after backend service restart.,Low,Resolved,Chat,Asia,70,Male,Enterprise,20,5,3,2.54,52.54,2022-08-29,2022-09-01,Yes,Yes,iOS,Edge,PayPal,English,Evening,8,Corporate,joseph.gonzalez911@outlook.com,,0
81797,Elizabeth Martinez,elizabeth.martinez779@gmail.com,Mobile App,Payment Problem,Two-factor authentication codes are not being delivered to my phone.,Data synchronization restored after backend service restart.,High,Closed,Email,Europe,45,Other,Enterprise,29,11,2,42.85,185.8,2022-12-19,2022-12-21,No,No,MacOS,Safari,PayPal,Spanish,Afternoon,3,Corporate,elizabeth.martinez779@gmail.com,,0
149568,Patricia Thomas,patricia.thomas580@outlook.com,Analytics Dashboard,Login Issue,The system is not syncing data across devices properly.,The issue was escalated to engineering and resolved in the latest patch.,High,Pending Customer,Phone,Europe,56,Other,Premium,19,15,5,56.87,23.8,2022-05-15,2022-05-20,No,No,MacOS,Edge,Credit Card,Japanese,Evening,7,Corporate,patricia.thomas580@outlook.com,,0
41002,Joseph Smith,joseph.smith252@yahoo.com,API Service,Payment Problem,The system is not syncing data across devices properly.,Subscription status corrected and confirmation email sent to customer.,Urgent,In Progress,Social Media,Africa,63,Female,Free,29,6,5,15.07,69.28,2023-01-17,2023-01-22,Yes,No,iOS,Chrome,PayPal,English,Morning,9,Corporate,joseph.smith252@yahoo.com,,0
81499,Karen Williams,karen.williams790@icloud.com,API Service,Account Suspension,I am experiencing very slow performance while using the dashboard.,We have reset the account credentials and advised the customer to retry login.,Low,Resolved,Social Media,North America,54,Male,Free,55,5,5,63.33,60.19,2022-02-01,2022-02-02,No,Yes,MacOS,Safari,PayPal,Japanese,Night,5,Small Business,karen.williams790@icloud.com,,0
75003,Sarah Williams,sarah.williams642@icloud.com,API Service,Security Concern,The system is not syncing data across devices properly.,Subscription status corrected and confirmation email sent to customer.,Low,Closed,Phone,Europe,65,Female,Free,1,20,5,10.92,137.12,2022-04-26,2022-04-26,Yes,Yes,MacOS,Safari,Debit Card,English,Night,2,Corporate,sarah.williams642@icloud.com,,0
45597,William Gonzalez,william.gonzalez981@company.com,Web Portal,Security Concern,I would like to request a refund for the recent charge.,Payment gateway timeout issue fixed and monitoring implemented.,Urgent,Open,Web Form,South America,67,Male,Free,60,14,3,68.23,3.52,2024-05-11,2024-05-14,No,No,Linux,Edge,Crypto,French,Morning,10,Corporate,william.gonzalez981@company.com,,0
134517,Susan Jackson,susan.jackson312@icloud.com,Subscription Service,Account Suspension,The system is not syncing data across devices properly.,The issue was escalated to engineering and resolved in the latest patch.,Low,Pending Customer,Social Media,Australia,39,Female,Basic,17,15,2,5.91,170.71,2022-02-17,2022-02-27,Yes,No,Windows,Chrome,Credit Card,Spanish,Evening,7,Small Business,susan.jackson312@icloud.com,,0
124013,Linda Taylor,linda.taylor51@yahoo.com,Billing System,Security Concern,Two-factor authentication codes are not being delivered to my phone.,Explained billing breakdown and clarified applicable charges.,High,Resolved,Web Form,North America,70,Other,Premium,13,18,1,57.84,89.08,2022-05-04,2022-05-12,Yes,Yes,Android,Chrome,Crypto,French,Night,9,Small Business,linda.taylor51@yahoo.com,,0
56599,Michael Lopez,michael.lopez415@gmail.com,CRM Platform,Account Suspension,I found a bug in the latest update affecting report generation.,Data synchronization restored after backend service restart.,High,Closed,Web Form,Africa,66,Other,Basic,31,19,5,33.93,175.27,2022-10-22,2022-11-03,No,Yes,iOS,Unknown,Bank Transfer,Spanish,Evening,9,Individual,michael.lopez415@gmail.com,,0
172660,William Jackson,william.jackson855@company.com,API Service,Data Sync Issue,The application crashes whenever I try to upload a file.,Explained billing breakdown and clarified applicable charges.,High,In Progress,Social Media,North America,38,Male,Free,48,1,2,12.3,211.43,2024-08-22,2024-08-26,Yes,No,iOS,Firefox,Credit Card,German,Night,3,Individual,william.jackson855@company.com,,0
196652,Michael Lopez,michael.lopez162@yahoo.com,API Service,Account Suspension,The system is not syncing data across devices properly.,Data synchronization restored after backend service restart.,Low,Pending Customer,Web Form,Africa,43,Female,Enterprise,59,11,3,32.89,133.96,2022-07-23,2022-07-30,No,No,Android,Safari,Credit Card,Chinese,Morning,6,Individual,michael.lopez162@yahoo.com,,0
74313,Linda Brown,linda.brown65@hotmail.com,Billing System,Login Issue,The system is not syncing data across devices properly.,We have reset the account credentials and advised the customer to retry login.,High,In Progress,Chat,North America,34,Female,Enterprise,11,2,2,66.83,226.82,2022-01-24,2022-01-26,Yes,No,Linux,Safari,Credit Card,Chinese,Evening,5,Small Business,linda.brown65@hotmail.com,,0
94396,Linda Wilson,linda.wilson190@hotmail.com,CRM Platform,Account Suspension,Two-factor authentication codes are not being delivered to my phone.,Data synchronization restored after backend service restart.,High,Resolved,Social Media,Asia,48,Female,Premium,21,7,5,21.39,22.75,2024-05-04,2024-05-08,Yes,No,MacOS,Safari,Bank Transfer,German,Evening,3,Corporate,linda.wilson190@hotmail.com,,0
77597,Susan Brown,susan.brown728@hotmail.com,E-commerce Store,Subscription Cancellation,I am unable to access my account after entering the correct credentials.,Provided step-by-step troubleshooting instructions and issue resolved.,Low,Resolved,Chat,Europe,59,Female,Premium,23,6,3,13.42,70.92,2022-11-05,2022-11-17,No,No,Linux,Chrome,PayPal,German,Afternoon,3,Small Business,susan.brown728@hotmail.com,,0
33878,Sarah Martinez,sarah.martinez626@gmail.com,CRM Platform,Account Suspension,The application crashes whenever I try to upload a file.,We have reset the account credentials and advised the customer to retry login.,High,Closed,Social Media,Australia,65,Male,Basic,9,2,1,15.92,98.58,2023-11-27,2023-11-27,Yes,Yes,iOS,Unknown,Crypto,Chinese,Night,10,Corporate,sarah.martinez626@gmail.com,,0
34310,Patricia Rodriguez,patricia.rodriguez4@company.com,E-commerce Store,Security Concern,The payment was deducted from my bank account but the transaction shows failed.,Bug logged internally and workaround shared with the customer.,High,Open,Social Media,Australia,58,Other,Basic,49,16,4,50.43,197.66,2024-02-13,2024-02-20,No,Yes,Android,Safari,Crypto,French,Morning,4,Individual,patricia.rodriguez4@company.com,,0
4623,David Moore,david.moore760@gmail.com,CRM Platform,Feature Request,The payment was deducted from my bank account but the transaction shows failed.,Data synchronization restored after backend service restart.,Medium,Pending Customer,Chat,Australia,71,Other,Basic,27,19,2,36.65,49.5,2023-08-15,2023-08-25,No,Yes,iOS,Chrome,Debit Card,Chinese,Afternoon,5,Individual,david.moore760@gmail.com,,0
85661,Patricia Thomas,patricia.thomas511@icloud.com,Web Portal,Data Sync Issue,Two-factor authentication codes are not being delivered to my phone.,Bug logged internally and workaround shared with the customer.,Urgent,Pending Customer,Email,Africa,27,Female,Basic,24,17,3,33.23,171.9,2022-06-17,2022-06-20,Yes,No,Linux,Unknown,Bank Transfer,Spanish,Night,9,Corporate,patricia.thomas511@icloud.com,,0
182195,William Johnson,william.johnson532@gmail.com,CRM Platform,Bug Report,I found a bug in the latest update affecting report generation.,Bug logged internally and workaround shared with the customer.,High,Resolved,Chat,Europe,75,Male,Enterprise,21,4,4,28.49,209.86,2023-01-08,2023-01-15,Yes,No,Android,Unknown,PayPal,French,Night,5,Individual,william.johnson532@gmail.com,2022-01-05,0
107404,Robert Rodriguez,robert.rodriguez300@yahoo.com,Web Portal,Feature Request,The payment was deducted from my bank account but the transaction shows failed.,Payment gateway timeout issue fixed and monitoring implemented.,Medium,Pending Customer,Web Form,South America,19,Female,Enterprise,6,0,3,32.97,47.34,2023-06-18,2023-06-18,Yes,No,Android,Unknown,Crypto,Japanese,Night,1,Corporate,robert.rodriguez300@yahoo.com,,0
107493,Robert Moore,robert.moore441@gmail.com,API Service,Bug Report,My subscription was cancelled without my request and I need clarification.,Security settings updated and customer notified of precautionary measures.,Low,Resolved,Social Media,North America,44,Other,Basic,36,5,1,3.16,12.54,2023-05-20,2023-05-21,Yes,No,Android,Edge,Bank Transfer,Japanese,Afternoon,5,Individual,robert.moore441@gmail.com,,0
41892,Richard Anderson,richard.anderson27@outlook.com,Mobile App,Refund Request,The payment was deducted from my bank account but the transaction shows failed.,Explained billing breakdown and clarified applicable charges.,Medium,Pending Customer,Web Form,Asia,58,Female,Enterprise,41,14,5,34.11,22.81,2023-08-03,2023-08-04,No,Yes,Linux,Chrome,Bank Transfer,Chinese,Morning,3,Individual,richard.anderson27@outlook.com,,0
49239,Robert Martin,robert.martin693@hotmail.com,E-commerce Store,Account Suspension,I am experiencing very slow performance while using the dashboard.,The duplicate charge was reversed and refund processed within 3-5 business days.,High,Pending Customer,Phone,South America,58,Other,Free,1,7,4,16.53,154.46,2022-11-15,2022-11-26,Yes,No,Windows,Edge,PayPal,English,Evening,7,Small Business,robert.martin693@hotmail.com,,0
154000,Michael Lopez,michael.lopez618@outlook.com,Subscription Service,Performance Issue,Two-factor authentication codes are not being delivered to my phone.,Provided step-by-step troubleshooting instructions and issue resolved.,Low,Pending Customer,Web Form,Australia,22,Other,Premium,45,4,5,5.37,56.3,2024-02-01,2024-02-03,Yes,Yes,Windows,Edge,Bank Transfer,German,Afternoon,8,Individual,michael.lopez618@outlook.com,,0
35892,Robert Martinez,robert.martinez434@outlook.com,CRM Platform,Bug Report,The payment was deducted from my bank account but the transaction shows failed.,Subscription status corrected and confirmation email sent to customer.,High,Resolved,Web Form,Africa,47,Female,Enterprise,31,1,2,48.87,161.94,2024-09-29,2024-10-04,No,No,Android,Unknown,Credit Card,Japanese,Morning,1,Individual,robert.martinez434@outlook.com,,0
111279,David Davis,david.davis347@yahoo.com,Subscription Service,Data Sync Issue,I found a bug in the latest update affecting report generation.,Bug logged internally and workaround shared with the customer.,Low,Open,Web Form,Africa,29,Other,Premium,22,18,1,47.46,36.22,2023-11-27,2023-11-29,No,Yes,iOS,Edge,Crypto,French,Afternoon,6,Corporate,david.davis347@yahoo.com,,0
150789,Linda Jackson,linda.jackson490@yahoo.com,E-commerce Store,Subscription Cancellation,There seems to be a discrepancy in my billing statement for this month.,The duplicate charge was reversed and refund processed within 3-5 business days.,Medium,Closed,Email,Africa,30,Female,Premium,42,6,4,32.43,149.31,2024-07-16,2024-07-30,No,No,Android,Unknown,Debit Card,French,Morning,4,Individual,linda.jackson490@yahoo.com,,0
48700,Jennifer Brown,jennifer.brown219@outlook.com,Mobile App,Bug Report,I am unable to access my account after entering the correct credentials.,The duplicate charge was reversed and refund processed within 3-5 business days.,Medium,In Progress,Phone,Africa,42,Male,Enterprise,50,13,2,60.22,223.12,2023-05-02,2023-05-07,Yes,Yes,Android,Unknown,PayPal,Japanese,Night,4,Corporate,jennifer.brown219@outlook.com,,0
174528,Sarah Taylor,sarah.taylor898@icloud.com,Mobile App,Refund Request,My subscription was cancelled without my request and I need clarification.,Provided step-by-step troubleshooting instructions and issue resolved.,Urgent,Open,Web Form,Australia,22,Other,Basic,48,14,5,70.78,105.27,2024-02-19,2024-02-25,Yes,Yes,Android,Safari,PayPal,German,Evening,5,Small Business,sarah.taylor898@icloud.com,,0
180197,David Martinez,david.martinez921@gmail.com,CRM Platform,Login Issue,Two-factor authentication codes are not being delivered to my phone.,The duplicate charge was reversed and refund processed within 3-5 business days.,Low,Resolved,Phone,North America,63,Other,Free,43,9,3,5.78,93.28,2022-04-25,2022-04-30,No,Yes,MacOS,Firefox,PayPal,Spanish,Night,7,Individual,david.martinez921@gmail.com,,0
37007,Jennifer Davis,jennifer.davis161@icloud.com,Billing System,Feature Request,There seems to be a discrepancy in my billing statement for this month.,We have reset the account credentials and advised the customer to retry login.,High,Open,Chat,South America,53,Female,Premium,23,14,4,44.46,25.56,2022-03-23,2022-04-05,Yes,No,Windows,Firefox,Crypto,Japanese,Night,7,Individual,jennifer.davis161@icloud.com,,0
27417,Linda Johnson,linda.johnson809@yahoo.com,Billing System,Performance Issue,Two-factor authentication codes are not being delivered to my phone.,Bug logged internally and workaround shared with the customer.,Urgent,In Progress,Social Media,South America,49,Male,Basic,33,6,2,1.47,218.7,2022-12-04,2022-12-04,No,Yes,Android,Edge,Bank Transfer,English,Night,4,Small Business,linda.johnson809@yahoo.com,,0
147763,James Williams,james.williams133@hotmail.com,Billing System,Data Sync Issue,I am experiencing very slow performance while using the dashboard.,Payment gateway timeout issue fixed and monitoring implemented.,Medium,Open,Email,Africa,43,Other,Enterprise,27,9,4,44.32,205.75,2024-07-05,2024-07-08,Yes,No,Windows,Safari,PayPal,Spanish,Night,7,Corporate,james.williams133@hotmail.com,,0
175671,James Martin,james.martin465@icloud.com,Cloud Storage,Subscription Cancellation,I found a bug in the latest update affecting report generation.,The issue was escalated to engineering and resolved in the latest patch.,High,Closed,Social Media,Asia,45,Female,Enterprise,44,3,2,9.27,210.17,2023-11-29,2023-12-08,Yes,Yes,Linux,Safari,Debit Card,Chinese,Morning,1,Corporate,james.martin465@icloud.com,,0
164735,Susan Lopez,susan.lopez772@yahoo.com,E-commerce Store,Security Concern,I am experiencing very slow performance while using the dashboard.,Subscription status corrected and confirmation email sent to customer.,High,In Progress,Email,Africa,25,Other,Free,36,7,2,24.28,46.69,2022-01-17,2022-01-20,Yes,Yes,Linux,Firefox,Credit Card,Japanese,Night,10,Individual,susan.lopez772@yahoo.com,,0
83323,Susan Hernandez,susan.hernandez748@hotmail.com,Mobile App,Account Suspension,The application crashes whenever I try to upload a file.,The issue was escalated to engineering and resolved in the latest patch.,Low,Resolved,Web Form,South America,38,Male,Enterprise,2,6,4,11.82,225.07,2022-05-19,2022-06-01,Yes,Yes,Linux,Firefox,Crypto,German,Morning,7,Individual,susan.hernandez748@hotmail.com,,0
184118,Sarah Rodriguez,sarah.rodriguez265@company.com,API Service,Data Sync Issue,The payment was deducted from my bank account but the transaction shows failed.,The duplicate charge was reversed and refund processed within 3-5 business days.,Low,In Progress,Web Form,Europe,48,Female,Premium,9,2,3,17.73,107.47,2023-02-20,2023-03-06,No,Yes,Android,Chrome,Bank Transfer,Japanese,Night,9,Small Business,sarah.rodriguez265@company.com,,0
93004,Charles Miller,charles.miller267@icloud.com,Analytics Dashboard,Login Issue,I am unable to access my account after entering the correct credentials.,Payment gateway timeout issue fixed and monitoring implemented.,Medium,Closed,Email,Africa,60,Male,Basic,56,10,1,14.31,176.32,2022-11-14,2022-11-18,No,No,Android,Firefox,Crypto,French,Morning,9,Small Business,charles.miller267@icloud.com,,0
64198,James Moore,james.moore939@outlook.com,Analytics Dashboard,Performance Issue,The payment was deducted from my bank account but the transaction shows failed.,Bug logged internally and workaround shared with the customer.,Medium,Open,Social Media,Australia,35,Other,Premium,19,17,1,10.11,175.12,2022-10-28,2022-10-31,No,No,iOS,Firefox,Credit Card,Spanish,Afternoon,5,Individual,james.moore939@outlook.com,,0
183850,Susan Jones,susan.jones802@yahoo.com,Mobile App,Bug Report,I am experiencing very slow performance while using the dashboard.,Data synchronization restored after backend service restart.,Low,Pending Customer,Phone,North America,31,Male,Enterprise,4,3,4,40.73,140.88,2023-02-13,2023-02-25,Yes,No,iOS,Firefox,Credit Card,French,Night,2,Corporate,susan.jones802@yahoo.com,,0
157072,Richard Taylor,richard.taylor714@icloud.com,Billing System,Feature Request,The payment was deducted from my bank account but the transaction shows failed.,Bug logged internally and workaround shared with the customer.,High,Closed,Chat,North America,32,Male,Basic,60,2,1,36.4,6.92,2022-02-10,2022-02-24,Yes,No,Windows,Chrome,Bank Transfer,French,Evening,2,Individual,richard.taylor714@icloud.com,,0
20678,Barbara Martin,barbara.martin738@gmail.com,Payment Gateway,Security Concern,There seems to be a discrepancy in my billing statement for this month.,Data synchronization restored after backend service restart.,Urgent,Open,Chat,Europe,62,Male,Basic,20,4,5,50.89,170.11,2024-05-11,2024-05-18,Yes,Yes,Windows,Unknown,Crypto,French,Night,7,Small Business,barbara.martin738@gmail.com,,0
178064,Richard Wilson,richard.wilson670@outlook.com,Subscription Service,Subscription Cancellation,The application crashes whenever I try to upload a file.,Payment gateway timeout issue fixed and monitoring implemented.,Urgent,In Progress,Social Media,Africa,44,Other,Free,50,2,5,3.4,192.6,2024-12-06,2024-12-10,No,No,Android,Edge,PayPal,German,Afternoon,4,Small Business,richard.wilson670@outlook.com,,0
196846,Susan Martinez,susan.martinez990@company.com,Mobile App,Bug Report,I found a bug in the latest update affecting report generation.,Security settings updated and customer notified of precautionary measures.,Urgent,In Progress,Social Media,Europe,45,Female,Basic,19,11,2,33.78,69.68,2023-09-22,2023-09-25,Yes,No,Linux,Unknown,Debit Card,German,Evening,6,Small Business,susan.martinez990@company.com,,0
17121,Thomas Wilson,thomas.wilson613@icloud.com,CRM Platform,Subscription Cancellation,The payment was deducted from my bank account but the transaction shows failed.,Data synchronization restored after backend service restart.,Low,Closed,Web Form,Asia,47,Female,Premium,23,17,2,70.97,116.99,2024-04-30,2024-05-07,Yes,Yes,iOS,Chrome,Bank Transfer,Japanese,Afternoon,3,Individual,thomas.wilson613@icloud.com,,0
186973,William Garcia,william.garcia183@yahoo.com,Subscription Service,Payment Problem,I am experiencing very slow performance while using the dashboard.,Explained billing breakdown and clarified applicable charges.,High,Closed,Social Media,Europe,53,Female,Premium,33,14,2,31.88,170.95,2023-05-19,2023-05-20,Yes,No,Linux,Firefox,Bank Transfer,Spanish,Evening,7,Small Business,william.garcia183@yahoo.com,,0
16306,Charles Davis,charles.davis152@yahoo.com,Subscription Service,Refund Request,My subscription was cancelled without my request and I need clarification.,Security settings updated and customer notified of precautionary measures.,Urgent,Resolved,Chat,Australia,18,Male,Premium,40,1,1,57.29,69.24,2022-09-13,2022-09-25,Yes,Yes,Linux,Safari,Bank Transfer,German,Morning,10,Small Business,charles.davis152@yahoo.com,,0
74511,Elizabeth Miller,elizabeth.miller752@company.com,Cloud Storage,Login Issue,I am unable to access my account after entering the correct credentials.,Payment gateway timeout issue fixed and monitoring implemented.,Urgent,Open,Web Form,Africa,39,Other,Free,31,5,4,37.32,73.65,2022-07-29,2022-08-05,Yes,Yes,MacOS,Edge,Bank Transfer,German,Night,1,Small Business,elizabeth.miller752@company.com,,0
62187,Robert Miller,robert.miller617@outlook.com,CRM Platform,Data Sync Issue,My subscription was cancelled without my request and I need clarification.,Provided step-by-step troubleshooting instructions and issue resolved.,Urgent,In Progress,Chat,South America,53,Female,Premium,26,2,3,27.0,160.65,2023-08-07,2023-08-19,Yes,No,Linux,Safari,Crypto,English,Afternoon,4,Small Business,robert.miller617@outlook.com,2022-12-16,0
131380,Mary Williams,mary.williams416@hotmail.com,Cloud Storage,Refund Request,The system is not syncing data across devices properly.,Payment gateway timeout issue fixed and monitoring implemented.,Low,Closed,Chat,North America,48,Female,Basic,43,13,4,2.49,41.71,2024-03-15,2024-03-18,Yes,Yes,Android,Unknown,Credit Card,English,Evening,6,Corporate,mary.williams416@hotmail.com,,0
49556,Thomas Davis,thomas.davis926@outlook.com,Mobile App,Bug Report,I am unable to access my account after entering the correct credentials.,Explained billing breakdown and clarified applicable charges.,Low,Resolved,Social Media,Australia,71,Female,Enterprise,15,7,5,22.23,117.98,2023-03-23,2023-04-01,No,Yes,iOS,Safari,PayPal,German,Afternoon,4,Small Business,thomas.davis926@outlook.com,,0
165263,Jessica Martinez,jessica.martinez129@outlook.com,Payment Gateway,Account Suspension,The application crashes whenever I try to upload a file.,Provided step-by-step troubleshooting instructions and issue resolved.,High,In Progress,Social Media,Australia,48,Female,Free,11,3,5,60.09,113.23,2024-07-22,2024-07-30,Yes,No,iOS,Safari,Credit Card,Chinese,Night,1,Small Business,jessica.martinez129@outlook.com,,0
190107,James Wilson,james.wilson795@yahoo.com,Web Portal,Feature Request,Two-factor authentication codes are not being delivered to my phone.,Bug logged internally and workaround shared with the customer.,Urgent,Open,Email,South America,25,Other,Basic,29,11,1,27.54,196.78,2022-07-08,2022-07-19,No,Yes,MacOS,Firefox,Credit Card,German,Afternoon,3,Small Business,james.wilson795@yahoo.com,,0
34210,Thomas Hernandez,thomas.hernandez505@company.com,Analytics Dashboard,Refund Request,The system is not syncing data across devices properly.,The issue was escalated to engineering and resolved in the latest patch.,Urgent,Closed,Phone,North America,26,Male,Premium,35,14,4,9.87,116.64,2024-05-14,2024-05-18,No,No,Linux,Safari,Bank Transfer,French,Evening,4,Corporate,thomas.hernandez505@company.com,,0
163256,Susan Thomas,susan.thomas946@outlook.com,Payment Gateway,Refund Request,The application crashes whenever I try to upload a file.,Subscription status corrected and confirmation email sent to customer.,Urgent,Open,Phone,Africa,30,Male,Basic,3,6,4,2.65,210.13,2022-08-30,2022-09-01,No,No,Linux,Firefox,Crypto,German,Morning,10,Individual,susan.thomas946@outlook.com,,0
184318,Joseph Moore,joseph.moore915@hotmail.com,Cloud Storage,Bug Report,I would like to request a refund for the recent charge.,Security settings updated and customer notified of precautionary measures.,Urgent,In Progress,Social Media,Australia,67,Male,Premium,54,7,5,8.74,144.73,2022-07-10,2022-07-20,Yes,No,Android,Unknown,Bank Transfer,Japanese,Afternoon,5,Corporate,joseph.moore915@hotmail.com,,0
37283,Robert Martin,robert.martin544@outlook.com,E-commerce Store,Security Concern,Two-factor authentication codes are not being delivered to my phone.,Bug logged internally and workaround shared with the customer.,Low,In Progress,Phone,Europe,53,Male,Basic,46,20,1,16.36,177.35,2022-08-22,2022-08-24,No,No,iOS,Safari,PayPal,French,Night,8,Small Business,robert.martin544@outlook.com,,0
98620,Karen Moore,karen.moore136@outlook.com,E-commerce Store,Data Sync Issue,Two-factor authentication codes are not being delivered to my phone.,Provided step-by-step troubleshooting instructions and issue resolved.,Medium,In Progress,Chat,Africa,33,Male,Basic,37,11,2,52.21,51.23,2023-02-26,2023-03-11,No,No,iOS,Firefox,PayPal,Spanish,Morning,6,Individual,karen.moore136@outlook.com,,0
145970,Charles Taylor,charles.taylor62@outlook.com,CRM Platform,Performance Issue,My subscription was cancelled without my request and I need clarification.,We have reset the account credentials and advised the customer to retry login.,High,Open,Social Media,Europe,62,Male,Basic,12,19,4,70.48,181.3,2024-09-24,2024-10-07,No,No,Windows,Safari,PayPal,English,Evening,1,Small Business,charles.taylor62@outlook.com,,0
153719,Karen Gonzalez,karen.gonzalez397@outlook.com,Analytics Dashboard,Feature Request,I would like to request a refund for the recent charge.,Security settings updated and customer notified of precautionary measures.,Medium,Pending Customer,Phone,South America,68,Other,Basic,5,19,5,29.05,228.53,2022-03-12,2022-03-21,Yes,No,iOS,Chrome,Crypto,Chinese,Afternoon,1,Individual,karen.gonzalez397@outlook.com,,0
102001,Elizabeth Williams,elizabeth.williams472@hotmail.com,Subscription Service,Performance Issue,The application crashes whenever I try to upload a file.,Provided step-by-step troubleshooting instructions and issue resolved.,Urgent,Closed,Social Media,South America,25,Female,Enterprise,18,9,5,8.64,205.47,2022-04-05,2022-04-08,No,No,Linux,Safari,Credit Card,Spanish,Afternoon,5,Individual,elizabeth.williams472@hotmail.com,,0
192940,Mary Jackson,mary.jackson929@yahoo.com,CRM Platform,Account Suspension,The system is not syncing data across devices properly.,Provided step-by-step troubleshooting instructions and issue resolved.,Urgent,Pending Customer,Chat,North America,37,Male,Basic,45,20,1,65.17,4.13,2023-03-07,2023-03-11,Yes,No,MacOS,Safari,Debit Card,Japanese,Morning,6,Individual,mary.jackson929@yahoo.com,,0
11143,Michael Thomas,michael.thomas242@hotmail.com,CRM Platform,Subscription Cancellation,I would like to request a refund for the recent charge.,Bug logged internally and workaround shared with the customer.,Low,Pending Customer,Email,Europe,66,Male,Basic,34,19,4,21.98,170.04,2023-03-19,2023-04-01,Yes,No,Windows,Unknown,Credit Card,German,Night,9,Small Business,michael.thomas242@hotmail.com,,0
56240,Jennifer Lopez,jennifer.lopez13@outlook.com,Mobile App,Performance Issue,My subscription was cancelled without my request and I need clarification.,Security settings updated and customer notified of precautionary measures.,Low,Resolved,Email,Europe,20,Other,Basic,59,6,4,27.04,69.09,2023-02-13,2023-02-18,No,Yes,Android,Firefox,Credit Card,English,Evening,1,Individual,jennifer.lopez13@outlook.com,,0
183120,Susan Johnson,susan.johnson951@gmail.com,Cloud Storage,Account Suspension,I am experiencing very slow performance while using the dashboard.,Data synchronization restored after backend service restart.,High,Pending Customer,Social Media,North America,28,Female,Premium,9,4,5,34.91,28.68,2023-11-18,2023-11-26,No,Yes,Android,Unknown,PayPal,English,Afternoon,2,Individual,susan.johnson951@gmail.com,2022-04-21,0
172343,James Thomas,james.thomas945@gmail.com,Payment Gateway,Login Issue,The application crashes whenever I try to upload a file.,Bug logged internally and workaround shared with the customer.,Medium,Open,Social Media,North America,45,Other,Premium,60,9,5,29.93,64.09,2023-01-04,2023-01-14,No,Yes,Linux,Firefox,Debit Card,Chinese,Morning,4,Small Business,james.thomas945@gmail.com,,0
840,Elizabeth Jackson,elizabeth.jackson142@yahoo.com,API Service,Subscription Cancellation,I am unable to access my account after entering the correct credentials.,Provided step-by-step troubleshooting instructions and issue resolved.,Urgent,Open,Social Media,South America,61,Other,Enterprise,2,13,4,15.22,201.51,2022-08-30,2022-09-10,Yes,No,MacOS,Unknown,Credit Card,German,Afternoon,10,Corporate,elizabeth.jackson142@yahoo.com,,0
153893,Richard Davis,richard.davis434@gmail.com,Billing System,Bug Report,The system is not syncing data across devices properly.,We have reset the account credentials and advised the customer to retry login.,Medium,In Progress,Web Form,Africa,25,Other,Free,35,11,2,50.59,230.95,2024-09-28,2024-10-07,No,No,Android,Safari,Credit Card,Spanish,Afternoon,3,Small Business,richard.davis434@gmail.com,,0
170360,Sarah Jackson,sarah.jackson255@outlook.com,Mobile App,Feature Request,There seems to be a discrepancy in my billing statement for this month.,Explained billing breakdown and clarified applicable charges.,High,Pending Customer,Email,Africa,36,Male,Free,58,19,5,49.54,46.31,2024-10-09,2024-10-16,Yes,Yes,Android,Chrome,Bank Transfer,English,Night,9,Small Business,sarah.jackson255@outlook.com,,0
94650,Karen Anderson,karen.anderson188@yahoo.com,Payment Gateway,Data Sync Issue,I am experiencing very slow performance while using the dashboard.,Provided step-by-step troubleshooting instructions and issue resolved.,Medium,Closed,Social Media,South America,42,Female,Free,10,10,1,45.21,125.78,2024-03-08,2024-03-10,No,Yes,MacOS,Firefox,Debit Card,Chinese,Evening,4,Individual,karen.anderson188@yahoo.com,,0
168621,Michael Lopez,michael.lopez907@icloud.com,E-commerce Store,Login Issue,The payment was deducted from my bank account but the transaction shows failed.,Security settings updated and customer notified of precautionary measures.,Low,Open,Web Form,Africa,50,Male,Premium,33,0,2,63.6,169.0,2022-11-22,2022-11-24,Yes,No,iOS,Unknown,Bank Transfer,Japanese,Evening,5,Small Business,michael.lopez907@icloud.com,,0
198031,Joseph Gonzalez,joseph.gonzalez332@outlook.com,Cloud Storage,Subscription Cancellation,Two-factor authentication codes are not being delivered to my phone.,Payment gateway timeout issue fixed and monitoring implemented.,Medium,Resolved,Social Media,Africa,24,Other,Basic,51,0,5,24.14,113.04,2024-02-08,2024-02-11,No,No,Android,Firefox,Bank Transfer,Japanese,Afternoon,10,Individual,joseph.gonzalez332@outlook.com,,0
82271,James Taylor,james.taylor925@gmail.com,CRM Platform,Account Suspension,I am unable to access my account after entering the correct credentials.,Data synchronization restored after backend service restart.,Urgent,In Progress,Social Media,North America,75,Other,Premium,35,13,1,40.21,83.75,2022-12-04,2022-12-13,No,Yes,Windows,Unknown,PayPal,French,Afternoon,2,Individual,james.taylor925@gmail.com,,0
75179,Susan Williams,susan.williams597@company.com,Web Portal,Refund Request,Two-factor authentication codes are not being delivered to my phone.,Subscription status corrected and confirmation email sent to customer.,High,In Progress,Phone,Asia,30,Other,Free,50,12,5,6.19,153.95,2023-03-30,2023-04-05,No,Yes,Android,Chrome,Crypto,Chinese,Morning,7,Individual,susan.williams597@company.com,,0
168062,Barbara Garcia,barbara.garcia893@yahoo.com,E-commerce Store,Bug Report,Two-factor authentication codes are not being delivered to my phone.,Data synchronization restored after backend service restart.,Low,Open,Web Form,Europe,64,Other,Premium,40,8,4,71.51,182.62,2023-08-18,2023-08-23,No,Yes,Android,Safari,Bank Transfer,Spanish,Morning,9,Corporate,barbara.garcia893@yahoo.com,,0
110066,Jennifer Anderson,jennifer.anderson593@company.com,Web Portal,Bug Report,Two-factor authentication codes are not being delivered to my phone.,Payment gateway timeout issue fixed and monitoring implemented.,Medium,Resolved,Web Form,Africa,26,Other,Premium,58,20,3,6.83,80.14,2023-08-19,2023-08-24,No,No,Windows,Chrome,Credit Card,French,Morning,10,Small Business,jennifer.anderson593@company.com,,0
160897,John Martin,john.martin645@company.com,API Service,Refund Request,I found a bug in the latest update affecting report generation.,Security settings updated and customer notified of precautionary measures.,Low,In Progress,Social Media,North America,59,Male,Enterprise,10,16,4,20.07,109.71,2024-11-29,2024-11-29,Yes,Yes,Android,Edge,Bank Transfer,English,Evening,2,Corporate,john.martin645@company.com,,0
81152,Robert Brown,robert.brown43@company.com,Subscription Service,Feature Request,I found a bug in the latest update affecting report generation.,We have reset the account credentials and advised the customer to retry login.,Medium,Resolved,Social Media,Europe,56,Male,Enterprise,55,20,1,54.2,54.68,2023-02-12,2023-02-18,Yes,Yes,iOS,Firefox,Crypto,Chinese,Afternoon,10,Small Business,robert.brown43@company.com,,0
179527,Linda Brown,linda.brown311@gmail.com,E-commerce Store,Security Concern,The payment was deducted from my bank account but the transaction shows failed.,Payment gateway timeout issue fixed and monitoring implemented.,Urgent,Closed,Email,North America,18,Male,Premium,40,5,3,23.89,208.82,2023-01-24,2023-02-05,No,No,iOS,Edge,Bank Transfer,Chinese,Afternoon,10,Small Business,linda.brown311@gmail.com,,0
169853,Mary Smith,mary.smith561@hotmail.com,Mobile App,Feature Request,My subscription was cancelled without my request and I need clarification.,Payment gateway timeout issue fixed and monitoring implemented.,Urgent,In Progress,Chat,Africa,62,Female,Basic,47,15,4,27.22,160.8,2022-03-31,2022-04-12,No,Yes,Linux,Safari,PayPal,French,Afternoon,7,Corporate,mary.smith561@hotmail.com,,0
115185,John Taylor,john.taylor627@gmail.com,Billing System,Subscription Cancellation,I am unable to access my account after entering the correct credentials.,Payment gateway timeout issue fixed and monitoring implemented.,Medium,Resolved,Social Media,Europe,54,Male,Enterprise,51,6,2,15.35,124.05,2024-05-26,2024-06-08,Yes,No,Windows,Unknown,Debit Card,Chinese,Night,3,Small Business,john.taylor627@gmail.com,,0
11917,Patricia Davis,patricia.davis136@icloud.com,Payment Gateway,Payment Problem,My subscription was cancelled without my request and I need clarification.,Bug logged internally and workaround shared with the customer.,Medium,Closed,Phone,Australia,52,Male,Free,7,16,1,2.76,95.13,2024-07-23,2024-08-03,No,Yes,Windows,Chrome,PayPal,Spanish,Morning,10,Small Business,patricia.davis136@icloud.com,,0
142944,William Lopez,william.lopez634@company.com,Mobile App,Login Issue,I would like to request a refund for the recent charge.,The issue was escalated to engineering and resolved in the latest patch.,Medium,Closed,Email,Asia,60,Female,Premium,56,9,2,9.38,226.01,2023-08-23,2023-08-23,Yes,No,iOS,Firefox,Debit Card,Chinese,Morning,6,Small Business,william.lopez634@company.com,,0
104785,Karen Martin,karen.martin423@yahoo.com,Subscription Service,Data Sync Issue,Two-factor authentication codes are not being delivered to my phone.,Provided step-by-step troubleshooting instructions and issue resolved.,Medium,Pending Customer,Phone,Africa,41,Other,Premium,49,19,4,28.9,68.13,2024-09-09,2024-09-13,Yes,Yes,Windows,Chrome,Bank Transfer,German,Afternoon,10,Corporate,karen.martin423@yahoo.com,,0
111009,Jessica Brown,jessica.brown822@company.com,Billing System,Payment Problem,The application crashes whenever I try to upload a file.,The duplicate charge was reversed and refund processed within 3-5 business days.,Urgent,Resolved,Email,Europe,54,Male,Premium,7,17,1,61.56,188.97,2023-04-19,2023-04-29,No,Yes,iOS,Chrome,Debit Card,Japanese,Night,6,Individual,jessica.brown822@company.com,,0
138912,Elizabeth Thomas,elizabeth.thomas140@yahoo.com,Web Portal,Account Suspension,The payment was deducted from my bank account but the transaction shows failed.,We have reset the account credentials and advised the customer to retry login.,Urgent,Pending Customer,Social Media,Africa,22,Male,Free,24,19,3,47.83,44.89,2022-08-22,2022-09-04,Yes,Yes,iOS,Safari,Debit Card,French,Afternoon,10,Individual,elizabeth.thomas140@yahoo.com,,0
171519,Susan Garcia,susan.garcia684@gmail.com,CRM Platform,Performance Issue,The application crashes whenever I try to upload a file.,Provided step-by-step troubleshooting instructions and issue resolved.,High,In Progress,Phone,Australia,37,Other,Enterprise,4,13,3,36.94,212.69,2023-02-09,2023-02-13,Yes,Yes,iOS,Safari,PayPal,French,Afternoon,2,Individual,susan.garcia684@gmail.com,,0
27072,James Lopez,james.lopez241@outlook.com,CRM Platform,Bug Report,I would like to request a refund for the recent charge.,Provided step-by-step troubleshooting instructions and issue resolved.,Low,Pending Customer,Phone,North America,26,Female,Premium,51,12,5,8.65,27.93,2024-06-05,2024-06-13,No,No,iOS,Firefox,Debit Card,Chinese,Afternoon,1,Small Business,james.lopez241@outlook.com,2022-09-14,0
32940,Susan Brown,susan.brown244@outlook.com,Billing System,Data Sync Issue,I found a bug in the latest update affecting report generation.,Subscription status corrected and confirmation email sent to customer.,High,Open,Social Media,Europe,70,Other,Free,36,2,5,55.05,73.53,2024-09-10,2024-09-24,No,Yes,Android,Firefox,Debit Card,German,Evening,3,Corporate,susan.brown244@outlook.com,2023-09-11,0
102871,Charles Thomas,charles.thomas732@hotmail.com,Web Portal,Feature Request,I found a bug in the latest update affecting report generation.,The issue was escalated to engineering and resolved in the latest patch.,High,Pending Customer,Web Form,Europe,18,Male,Basic,41,18,5,44.35,222.49,2022-11-22,2022-12-02,Yes,No,iOS,Firefox,Crypto,English,Morning,4,Small Business,charles.thomas732@hotmail.com,,0
38105,Sarah Davis,sarah.davis489@company.com,Web Portal,Payment Problem,Two-factor authentication codes are not being delivered to my phone.,Provided step-by-step troubleshooting instructions and issue resolved.,Low,Open,Email,Europe,72,Female,Premium,60,10,5,60.28,110.31,2022-11-04,2022-11-10,Yes,No,Linux,Unknown,Debit Card,Chinese,Night,6,Corporate,sarah.davis489@company.com,,0
161639,John Williams,john.williams67@outlook.com,Mobile App,Performance Issue,Two-factor authentication codes are not being delivered to my phone.,We have reset the account credentials and advised the customer to retry login.,Medium,Closed,Phone,Australia,72,Male,Premium,54,13,4,52.05,236.03,2022-11-28,2022-11-29,Yes,No,Windows,Safari,PayPal,French,Night,6,Small Business,john.williams67@outlook.com,,0
100758,Susan Smith,susan.smith393@hotmail.com,API Service,Security Concern,The system is not syncing data across devices properly.,Payment gateway timeout issue fixed and monitoring implemented.,Low,Resolved,Email,Africa,68,Female,Basic,20,16,3,55.84,123.58,2024-09-24,2024-10-06,Yes,No,iOS,Firefox,Credit Card,English,Morning,5,Small Business,susan.smith393@hotmail.com,,0
150035,Charles Martinez,charles.martinez781@outlook.com,Mobile App,Subscription Cancellation,The payment was deducted from my bank account but the transaction shows failed.,Payment gateway timeout issue fixed and monitoring implemented.,Low,Closed,Phone,Europe,42,Female,Premium,30,19,3,60.54,93.49,2022-06-18,2022-06-23,No,No,Windows,Firefox,Debit Card,Spanish,Afternoon,4,Small Business,charles.martinez781@outlook.com,,0
204,James Brown,james.brown25@icloud.com,E-commerce Store,Bug Report,I found a bug in the latest update affecting report generation.,Bug logged internally and workaround shared with the customer.,Low,Pending Customer,Phone,Australia,69,Other,Basic,1,20,2,49.84,61.81,2022-08-30,2022-09-10,Yes,No,Android,Unknown,Crypto,French,Morning,2,Corporate,james.brown25@icloud.com,,0
165203,Jessica Moore,jessica.moore848@yahoo.com,Web Portal,Feature Request,I am experiencing very slow performance while using the dashboard.,The issue was escalated to engineering and resolved in the latest patch.,Medium,Pending Customer,Phone,Europe,58,Male,Enterprise,11,2,2,35.66,59.47,2022-06-25,2022-07-06,Yes,No,Linux,Edge,Crypto,Japanese,Night,6,Individual,jessica.moore848@yahoo.com,,0
127587,Charles Miller,charles.miller257@hotmail.com,CRM Platform,Bug Report,The payment was deducted from my bank account but the transaction shows failed.,Data synchronization restored after backend service restart.,Medium,Resolved,Phone,Asia,56,Other,Basic,50,19,3,68.85,79.67,2023-03-24,2023-03-29,Yes,Yes,Android,Firefox,Debit Card,Spanish,Night,1,Individual,charles.miller257@hotmail.com,,0
118641,Joseph Anderson,joseph.anderson833@icloud.com,Cloud Storage,Data Sync Issue,I found a bug in the latest update affecting report generation.,Explained billing breakdown and clarified applicable charges.,Low,Closed,Phone,South America,41,Other,Basic,33,15,4,57.19,235.34,2024-02-19,2024-02-25,No,Yes,Windows,Edge,Credit Card,German,Evening,6,Individual,joseph.anderson833@icloud.com,,0
781,Charles Lopez,charles.lopez202@icloud.com,Billing System,Performance Issue,I would like to request a refund for the recent charge.,Payment gateway timeout issue fixed and monitoring implemented.,High,Open,Email,North America,49,Male,Basic,22,18,1,2.36,111.27,2022-03-05,2022-03-05,No,Yes,MacOS,Chrome,Bank Transfer,Spanish,Afternoon,2,Individual,charles.lopez202@icloud.com,,0
15333,Joseph Taylor,joseph.taylor639@gmail.com,Mobile App,Login Issue,Two-factor authentication codes are not being delivered to my phone.,Data synchronization restored after backend service restart.,High,Pending Customer,Email,Australia,27,Female,Free,60,8,3,46.21,35.4,2023-11-23,2023-12-04,Yes,No,iOS,Unknown,Debit Card,Japanese,Evening,9,Small Business,joseph.taylor639@gmail.com,,0
71823,Karen Smith,karen.smith765@yahoo.com,Analytics Dashboard,Account Suspension,The system is not syncing data across devices properly.,The issue was escalated to engineering and resolved in the latest patch.,Medium,Open,Social Media,North America,71,Male,Premium,39,4,2,39.39,113.92,2024-10-28,2024-11-05,No,Yes,Windows,Unknown,Debit Card,Chinese,Morning,7,Small Business,karen.smith765@yahoo.com,,0
126408,Thomas Thomas,thomas.thomas721@company.com,API Service,Subscription Cancellation,The payment was deducted from my bank account but the transaction shows failed.,The duplicate charge was reversed and refund processed within 3-5 business days.,High,Pending Customer,Phone,Australia,49,Female,Free,2,11,3,28.28,101.56,2023-09-16,2023-09-21,Yes,No,Windows,Edge,Debit Card,English,Night,10,Individual,thomas.thomas721@company.com,,0
58173,Karen Garcia,karen.garcia809@hotmail.com,Subscription Service,Performance Issue,There seems to be a discrepancy in my billing statement for this month.,The issue was escalated to engineering and resolved in the latest patch.,Medium,Open,Web Form,Africa,44,Other,Enterprise,6,9,1,29.87,79.91,2024-07-05,2024-07-10,No,Yes,Linux,Safari,Debit Card,German,Morning,8,Individual,karen.garcia809@hotmail.com,,0
94519,Jennifer Rodriguez,jennifer.rodriguez28@company.com,Payment Gateway,Account Suspension,My subscription was cancelled without my request and I need clarification.,The issue was escalated to engineering and resolved in the latest patch.,Low,In Progress,Social Media,South America,48,Male,Basic,34,11,5,3.79,67.02,2022-10-11,2022-10-23,No,Yes,iOS,Edge,Crypto,Japanese,Evening,8,Individual,jennifer.rodriguez28@company.com,,0
60503,Michael Lopez,michael.lopez930@icloud.com,CRM Platform,Feature Request,The application crashes whenever I try to upload a file.,Data synchronization restored after backend service restart.,Low,Resolved,Chat,South America,43,Female,Free,54,3,4,3.14,13.59,2022-04-14,2022-04-18,Yes,Yes,Windows,Unknown,PayPal,Chinese,Morning,10,Small Business,michael.lopez930@icloud.com,,0
82281,David Jones,david.jones371@yahoo.com,E-commerce Store,Data Sync Issue,The application crashes whenever I try to upload a file.,Bug logged internally and workaround shared with the customer.,Medium,Closed,Email,Europe,38,Female,Basic,24,2,2,45.23,175.9,2024-06-23,2024-07-05,No,Yes,Android,Chrome,Credit Card,Japanese,Night,9,Corporate,david.jones371@yahoo.com,,0
147867,Thomas Gonzalez,thomas.gonzalez920@company.com,Billing System,Login Issue,The payment was deducted from my bank account but the transaction shows failed.,Data synchronization restored after backend service restart.,Medium,Closed,Web Form,Asia,34,Other,Basic,10,6,4,71.14,137.8,2022-10-31,2022-11-07,Yes,Yes,Linux,Unknown,PayPal,Spanish,Evening,8,Individual,thomas.gonzalez920@company.com,,0
183309,Jennifer Martin,jennifer.martin229@gmail.com,Cloud Storage,Account Suspension,The system is not syncing data across devices properly.,Bug logged internally and workaround shared with the customer.,Medium,In Progress,Email,Europe,69,Male,Free,37,6,3,29.05,233.08,2024-12-04,2024-12-15,Yes,Yes,Android,Edge,Debit Card,English,Evening,5,Individual,jennifer.martin229@gmail.com,,0
84515,Robert Moore,robert.moore26@hotmail.com,CRM Platform,Security Concern,I found a bug in the latest update affecting report generation.,We have reset the account credentials and advised the customer to retry login.,Urgent,Resolved,Phone,Africa,41,Male,Free,54,13,2,40.69,176.77,2023-01-01,2023-01-07,Yes,No,MacOS,Unknown,Crypto,German,Afternoon,2,Small Business,robert.moore26@hotmail.com,,0
160175,Elizabeth Martinez,elizabeth.martinez677@outlook.com,Mobile App,Performance Issue,I would like to request a refund for the recent charge.,Payment gateway timeout issue fixed and monitoring implemented.,Low,Open,Chat,South America,61,Female,Enterprise,52,0,1,63.58,39.99,2023-05-05,2023-05-18,No,Yes,Windows,Chrome,Credit Card,Japanese,Night,7,Corporate,elizabeth.martinez677@outlook.com,,0
75516,Patricia Jones,patricia.jones214@icloud.com,Billing System,Subscription Cancellation,My subscription was cancelled without my request and I need clarification.,Subscription status corrected and confirmation email sent to customer.,High,Pending Customer,Phone,South America,65,Male,Enterprise,3,19,4,56.33,78.43,2024-04-19,2024-04-23,Yes,Yes,iOS,Unknown,Credit Card,Japanese,Night,9,Small Business,patricia.jones214@icloud.com,,0
65307,Robert Miller,robert.miller282@yahoo.com,Billing System,Refund Request,The payment was deducted from my bank account but the transaction shows failed.,Provided step-by-step troubleshooting instructions and issue resolved.,High,In Progress,Web Form,Europe,74,Other,Free,55,11,5,15.12,148.95,2023-05-24,2023-05-24,No,Yes,MacOS,Chrome,Credit Card,German,Morning,8,Small Business,robert.miller282@yahoo.com,,0
71262,Jessica Taylor,jessica.taylor790@yahoo.com,API Service,Feature Request,I would like to request a refund for the recent charge.,Security settings updated and customer notified of precautionary measures.,Medium,Closed,Email,Australia,21,Other,Free,52,4,3,58.34,232.59,2023-08-03,2023-08-14,Yes,No,Android,Safari,PayPal,Chinese,Evening,9,Individual,jessica.taylor790@yahoo.com,,0
166788,Susan Garcia,susan.garcia42@outlook.com,Subscription Service,Payment Problem,My subscription was cancelled without my request and I need clarification.,The duplicate charge was reversed and refund processed within 3-5 business days.,High,In Progress,Email,Europe,37,Male,Enterprise,39,19,1,20.35,35.59,2023-04-04,2023-04-15,Yes,No,Windows,Edge,Debit Card,French,Evening,1,Corporate,susan.garcia42@outlook.com,,0
13871,Susan Brown,susan.brown960@hotmail.com,Mobile App,Bug Report,The system is not syncing data across devices properly.,Payment gateway timeout issue fixed and monitoring implemented.,High,In Progress,Phone,Australia,71,Female,Basic,9,20,2,37.63,205.14,2023-01-23,2023-02-03,No,Yes,MacOS,Firefox,Credit Card,French,Night,7,Corporate,susan.brown960@hotmail.com,,0
85970,John Martin,john.martin651@outlook.com,Mobile App,Subscription Cancellation,I found a bug in the latest update affecting report generation.,Provided step-by-step troubleshooting instructions and issue resolved.,Urgent,Open,Phone,Australia,60,Male,Free,22,11,1,64.84,74.63,2022-05-07,2022-05-16,No,Yes,Windows,Safari,Bank Transfer,French,Afternoon,7,Individual,john.martin651@outlook.com,,0
176710,Sarah Moore,sarah.moore636@company.com,E-commerce Store,Data Sync Issue,I am unable to access my account after entering the correct credentials.,Explained billing breakdown and clarified applicable charges.,Medium,Open,Social Media,Europe,53,Male,Enterprise,35,1,1,55.32,126.79,2024-06-10,2024-06-20,Yes,Yes,Android,Firefox,Debit Card,English,Morning,2,Individual,sarah.moore636@company.com,,0
119367,Susan Taylor,susan.taylor876@outlook.com,Mobile App,Account Suspension,My subscription was cancelled without my request and I need clarification.,Provided step-by-step troubleshooting instructions and issue resolved.,Medium,Closed,Email,Europe,71,Male,Free,15,19,5,45.38,205.89,2022-09-23,2022-10-05,Yes,No,Linux,Edge,Credit Card,English,Evening,2,Corporate,susan.taylor876@outlook.com,,0
71513,James Rodriguez,james.rodriguez499@yahoo.com,Payment Gateway,Bug Report,I am experiencing very slow performance while using the dashboard.,Bug logged internally and workaround shared with the customer.,Medium,In Progress,Phone,Africa,56,Female,Enterprise,13,3,4,30.87,6.22,2022-11-01,2022-11-14,No,Yes,iOS,Chrome,Crypto,German,Morning,1,Individual,james.rodriguez499@yahoo.com,,0
144357,Sarah Lopez,sarah.lopez8@yahoo.com,Cloud Storage,Account Suspension,I am unable to access my account after entering the correct credentials.,The issue was escalated to engineering and resolved in the latest patch.,High,Pending Customer,Phone,South America,29,Other,Premium,46,0,4,70.36,14.78,2022-06-23,2022-06-30,No,Yes,MacOS,Safari,Credit Card,Chinese,Afternoon,3,Corporate,sarah.lopez8@yahoo.com,,0
43786,Charles Miller,charles.miller865@hotmail.com,E-commerce Store,Bug Report,There seems to be a discrepancy in my billing statement for this month.,Bug logged internally and workaround shared with the customer.,High,Closed,Phone,Australia,25,Other,Enterprise,55,0,5,70.76,206.86,2022-02-20,2022-02-25,Yes,Yes,MacOS,Edge,PayPal,Chinese,Night,6,Corporate,charles.miller865@hotmail.com,,0
47158,Susan Jones,susan.jones993@outlook.com,Subscription Service,Bug Report,There seems to be a discrepancy in my billing statement for this month.,We have reset the account credentials and advised the customer to retry login.,Low,Open,Chat,North America,70,Male,Free,49,4,4,47.08,76.74,2023-05-14,2023-05-21,Yes,Yes,MacOS,Unknown,Debit Card,German,Afternoon,6,Individual,susan.jones993@outlook.com,,0
63589,Thomas Davis,thomas.davis620@gmail.com,Analytics Dashboard,Subscription Cancellation,Two-factor authentication codes are not being delivered to my phone.,Subscription status corrected and confirmation email sent to customer.,Urgent,Resolved,Web Form,North America,66,Other,Free,34,18,3,14.0,41.53,2023-07-03,2023-07-07,No,No,Windows,Edge,Debit Card,French,Morning,3,Small Business,thomas.davis620@gmail.com,,0
198683,Barbara Smith,barbara.smith237@hotmail.com,Subscription Service,Refund Request,I am unable to access my account after entering the correct credentials.,Explained billing breakdown and clarified applicable charges.,Urgent,Closed,Web Form,Australia,52,Other,Free,27,3,1,27.16,188.88,2023-08-06,2023-08-15,Yes,Yes,Android,Edge,Crypto,Chinese,Morning,5,Individual,barbara.smith237@hotmail.com,,0
111275,John Garcia,john.garcia667@outlook.com,Subscription Service,Payment Problem,There seems to be a discrepancy in my billing statement for this month.,The duplicate charge was reversed and refund processed within 3-5 business days.,Medium,Pending Customer,Web Form,South America,58,Other,Basic,49,7,5,20.12,193.09,2023-08-14,2023-08-27,Yes,No,MacOS,Edge,Bank Transfer,Spanish,Night,4,Corporate,john.garcia667@outlook.com,,0
73304,Jennifer Williams,jennifer.williams574@icloud.com,Subscription Service,Refund Request,There seems to be a discrepancy in my billing statement for this month.,Bug logged internally and workaround shared with the customer.,Medium,Resolved,Social Media,Africa,23,Female,Premium,60,3,1,32.85,183.82,2022-06-28,2022-06-30,Yes,Yes,Linux,Safari,Crypto,Japanese,Evening,8,Small Business,jennifer.williams574@icloud.com,,0
176972,Linda Thomas,linda.thomas837@company.com,Web Portal,Payment Problem,My subscription was cancelled without my request and I need clarification.,Provided step-by-step troubleshooting instructions and issue resolved.,Urgent,Open,Phone,Asia,65,Male,Free,56,0,5,15.9,94.63,2022-01-21,2022-02-03,No,No,MacOS,Edge,Bank Transfer,German,Evening,4,Individual,linda.thomas837@company.com,,0
77506,Charles Martinez,charles.martinez631@gmail.com,E-commerce Store,Payment Problem,The system is not syncing data across devices properly.,The duplicate charge was reversed and refund processed within 3-5 business days.,Medium,In Progress,Phone,Africa,72,Male,Premium,54,14,2,21.4,207.54,2023-04-17,2023-04-29,Yes,Yes,Windows,Firefox,Crypto,English,Afternoon,10,Small Business,charles.martinez631@gmail.com,,0
110534,James Lopez,james.lopez886@gmail.com,Analytics Dashboard,Account Suspension,The application crashes whenever I try to upload a file.,Subscription status corrected and confirmation email sent to customer.,Urgent,Open,Email,Australia,73,Male,Free,7,15,2,23.95,42.07,2024-07-02,2024-07-14,No,Yes,MacOS,Firefox,Crypto,English,Morning,7,Individual,james.lopez886@gmail.com,,0
37095,Sarah Martin,sarah.martin614@yahoo.com,Cloud Storage,Login Issue,I would like to request a refund for the recent charge.,Payment gateway timeout issue fixed and monitoring implemented.,Low,Open,Web Form,Asia,28,Female,Enterprise,46,4,2,37.07,189.74,2024-11-19,2024-11-22,No,Yes,Linux,Edge,Bank Transfer,Chinese,Afternoon,9,Individual,sarah.martin614@yahoo.com,,0
198513,Jennifer Johnson,jennifer.johnson283@outlook.com,E-commerce Store,Performance Issue,Two-factor authentication codes are not being delivered to my phone.,The duplicate charge was reversed and refund processed within 3-5 business days.,Urgent,Closed,Email,Africa,60,Male,Basic,35,10,1,31.26,172.7,2024-11-23,2024-11-29,Yes,Yes,Android,Edge,Credit Card,Chinese,Night,4,Individual,jennifer.johnson283@outlook.com,,0
32452,Robert Smith,robert.smith537@hotmail.com,Subscription Service,Feature Request,My subscription was cancelled without my request and I need clarification.,Payment gateway timeout issue fixed and monitoring implemented.,High,Resolved,Phone,Europe,41,Other,Enterprise,17,14,5,24.55,83.55,2024-08-08,2024-08-10,No,Yes,Linux,Firefox,Credit Card,Spanish,Afternoon,3,Individual,robert.smith537@hotmail.com,,0
119795,Patricia Hernandez,patricia.hernandez56@hotmail.com,Billing System,Data Sync Issue,Two-factor authentication codes are not being delivered to my phone.,We have reset the account credentials and advised the customer to retry login.,Urgent,Pending Customer,Phone,Europe,31,Other,Free,52,8,5,71.08,108.34,2022-04-15,2022-04-26,No,Yes,Android,Chrome,PayPal,French,Night,8,Individual,patricia.hernandez56@hotmail.com,,0
57972,Linda Rodriguez,linda.rodriguez206@hotmail.com,Cloud Storage,Login Issue,I am experiencing very slow performance while using the dashboard.,Explained billing breakdown and clarified applicable charges.,Medium,Open,Chat,Australia,25,Male,Premium,39,7,4,12.5,92.64,2024-12-17,2024-12-26,Yes,No,iOS,Unknown,PayPal,Chinese,Morning,5,Corporate,linda.rodriguez206@hotmail.com,,0
107635,John Lopez,john.lopez550@outlook.com,Subscription Service,Bug Report,The application crashes whenever I try to upload a file.,Payment gateway timeout issue fixed and monitoring implemented.,High,Resolved,Email,Africa,22,Other,Free,21,8,4,38.96,127.08,2024-10-21,2024-10-25,No,No,Linux,Edge,Debit Card,German,Evening,3,Individual,john.lopez550@outlook.com,,0
115345,William Rodriguez,william.rodriguez559@icloud.com,Mobile App,Performance Issue,There seems to be a discrepancy in my billing statement for this month.,Provided step-by-step troubleshooting instructions and issue resolved.,Low,Resolved,Web Form,North America,62,Male,Basic,37,18,1,69.96,93.46,2023-03-09,2023-03-19,Yes,Yes,Linux,Firefox,Credit Card,French,Night,7,Individual,william.rodriguez559@icloud.com,,0
104798,Karen Wilson,karen.wilson897@yahoo.com,CRM Platform,Performance Issue,My subscription was cancelled without my request and I need clarification.,Security settings updated and customer notified of precautionary measures.,Urgent,In Progress,Web Form,Africa,68,Female,Free,51,15,1,65.69,147.72,2023-06-08,2023-06-15,Yes,No,Linux,Firefox,Credit Card,Spanish,Night,5,Corporate,karen.wilson897@yahoo.com,,0
25686,Elizabeth Martin,elizabeth.martin709@gmail.com,Cloud Storage,Bug Report,My subscription was cancelled without my request and I need clarification.,Explained billing breakdown and clarified applicable charges.,Low,In Progress,Email,North America,32,Female,Premium,32,9,5,10.43,175.65,2022-06-03,2022-06-11,Yes,No,iOS,Safari,Credit Card,Spanish,Night,2,Small Business,elizabeth.martin709@gmail.com,,0
160644,Joseph Moore,joseph.moore770@yahoo.com,Payment Gateway,Feature Request,The payment was deducted from my bank account but the transaction shows failed.,Provided step-by-step troubleshooting instructions and issue resolved.,Urgent,Closed,Email,Asia,59,Other,Enterprise,57,14,4,12.08,156.55,2024-09-25,2024-10-09,Yes,No,Linux,Unknown,Credit Card,Chinese,Night,2,Individual,joseph.moore770@yahoo.com,,0
168788,David Anderson,david.anderson915@gmail.com,CRM Platform,Account Suspension,Two-factor authentication codes are not being delivered to my phone.,Data synchronization restored after backend service restart.,Urgent,Pending Customer,Social Media,South America,33,Male,Basic,41,1,4,19.66,163.25,2024-03-06,2024-03-15,No,Yes,MacOS,Unknown,Debit Card,Chinese,Afternoon,5,Small Business,david.anderson915@gmail.com,,0
172623,James Anderson,james.anderson65@icloud.com,Mobile App,Performance Issue,My subscription was cancelled without my request and I need clarification.,Bug logged internally and workaround shared with the customer.,Medium,Pending Customer,Social Media,North America,31,Female,Free,57,10,3,48.16,90.59,2024-04-30,2024-05-13,Yes,Yes,iOS,Firefox,Debit Card,French,Afternoon,5,Corporate,james.anderson65@icloud.com,,0
192877,Jessica Hernandez,jessica.hernandez958@yahoo.com,Billing System,Subscription Cancellation,The application crashes whenever I try to upload a file.,We have reset the account credentials and advised the customer to retry login.,High,Open,Phone,Australia,67,Other,Free,18,13,3,68.28,33.81,2022-03-25,2022-03-26,Yes,No,MacOS,Firefox,Bank Transfer,Spanish,Night,10,Individual,jessica.hernandez958@yahoo.com,,0
152955,Jennifer Williams,jennifer.williams799@gmail.com,Cloud Storage,Subscription Cancellation,I am experiencing very slow performance while using the dashboard.,Explained billing breakdown and clarified applicable charges.,Urgent,Pending Customer,Web Form,Australia,21,Other,Free,36,18,1,11.22,33.43,2024-11-04,2024-11-11,No,No,Android,Safari,PayPal,French,Morning,2,Individual,jennifer.williams799@gmail.com,,0
144608,Michael Smith,michael.smith968@outlook.com,Payment Gateway,Subscription Cancellation,There seems to be a discrepancy in my billing statement for this month.,The issue was escalated to engineering and resolved in the latest patch.,Medium,Open,Chat,South America,45,Male,Premium,56,0,5,54.1,19.01,2022-02-16,2022-02-19,Yes,No,MacOS,Edge,Bank Transfer,French,Morning,2,Individual,michael.smith968@outlook.com,,0
173262,Linda Rodriguez,linda.rodriguez411@gmail.com,Cloud Storage,Feature Request,My subscription was cancelled without my request and I need clarification.,Subscription status corrected and confirmation email sent to customer.,Low,Pending Customer,Phone,Africa,59,Other,Free,55,5,4,15.52,163.91,2023-09-22,2023-09-24,No,Yes,Android,Edge,Crypto,Spanish,Evening,1,Corporate,linda.rodriguez411@gmail.com,,0
172010,Patricia Taylor,patricia.taylor712@outlook.com,Subscription Service,Refund Request,The system is not syncing data across devices properly.,The issue was escalated to engineering and resolved in the latest patch.,Urgent,Resolved,Web Form,Europe,41,Male,Free,5,12,4,50.05,192.85,2024-12-15,2024-12-17,No,Yes,Linux,Unknown,Debit Card,Japanese,Morning,5,Small Business,patricia.taylor712@outlook.com,,0
166917,Elizabeth Martin,elizabeth.martin693@outlook.com,Web Portal,Subscription Cancellation,The system is not syncing data across devices properly.,Subscription status corrected and confirmation email sent to customer.,Low,Closed,Social Media,Australia,64,Other,Enterprise,2,12,3,4.73,111.44,2024-12-30,2025-01-09,No,No,Windows,Unknown,Bank Transfer,Spanish,Afternoon,7,Small Business,elizabeth.martin693@outlook.com,,0
141952,Elizabeth Johnson,elizabeth.johnson728@gmail.com,Mobile App,Data Sync Issue,The application crashes whenever I try to upload a file.,The duplicate charge was reversed and refund processed within 3-5 business days.,Medium,Resolved,Social Media,North America,37,Other,Enterprise,38,10,2,53.96,227.62,2022-02-10,2022-02-19,Yes,Yes,iOS,Edge,Credit Card,Spanish,Afternoon,7,Corporate,elizabeth.johnson728@gmail.com,,0
80425,William Martin,william.martin750@icloud.com,Cloud Storage,Refund Request,My subscription was cancelled without my request and I need clarification.,Data synchronization restored after backend service restart.,Low,In Progress,Social Media,Africa,28,Male,Basic,6,13,5,65.17,34.81,2023-04-19,2023-04-21,No,No,MacOS,Safari,Credit Card,Chinese,Morning,1,Small Business,william.martin750@icloud.com,,0
27825,Patricia Gonzalez,patricia.gonzalez987@hotmail.com,Analytics Dashboard,Payment Problem,The payment was deducted from my bank account but the transaction shows failed.,Explained billing breakdown and clarified applicable charges.,High,Open,Social Media,South America,37,Male,Premium,16,0,2,22.75,11.21,2024-08-26,2024-08-26,Yes,No,MacOS,Edge,Crypto,French,Evening,1,Individual,patricia.gonzalez987@hotmail.com,,0
85873,James Moore,james.moore826@yahoo.com,Payment Gateway,Subscription Cancellation,My subscription was cancelled without my request and I need clarification.,Data synchronization restored after backend service restart.,Low,In Progress,Email,North America,44,Female,Enterprise,44,8,2,20.43,85.44,2022-01-20,2022-02-03,No,Yes,iOS,Firefox,Bank Transfer,English,Morning,3,Small Business,james.moore826@yahoo.com,,0
166828,David Rodriguez,david.rodriguez983@gmail.com,Billing System,Security Concern,Two-factor authentication codes are not being delivered to my phone.,Bug logged internally and workaround shared with the customer.,Low,Open,Web Form,North America,22,Male,Enterprise,58,3,1,70.29,239.41,2022-02-08,2022-02-13,No,Yes,Windows,Firefox,Debit Card,English,Evening,9,Corporate,david.rodriguez983@gmail.com,,0
3136,Mary Moore,mary.moore396@yahoo.com,API Service,Subscription Cancellation,Two-factor authentication codes are not being delivered to my phone.,Explained billing breakdown and clarified applicable charges.,High,In Progress,Email,North America,28,Female,Free,40,17,4,58.41,161.41,2022-10-22,2022-10-29,No,Yes,iOS,Edge,Crypto,Chinese,Evening,8,Individual,mary.moore396@yahoo.com,,0
142895,Charles Williams,charles.williams576@yahoo.com,Billing System,Account Suspension,I am unable to access my account after entering the correct credentials.,Explained billing breakdown and clarified applicable charges.,Urgent,Open,Phone,Australia,27,Other,Premium,35,12,5,58.19,140.41,2024-05-29,2024-06-12,Yes,Yes,Linux,Firefox,Crypto,Japanese,Evening,5,Individual,charles.williams576@yahoo.com,,0
147301,Jessica Wilson,jessica.wilson828@outlook.com,Web Portal,Account Suspension,The application crashes whenever I try to upload a file.,The duplicate charge was reversed and refund processed within 3-5 business days.,Urgent,In Progress,Chat,North America,27,Male,Premium,19,5,5,38.07,10.07,2024-12-04,2024-12-14,Yes,Yes,Android,Chrome,Crypto,Japanese,Morning,10,Small Business,jessica.wilson828@outlook.com,,0
33677,David Thomas,david.thomas548@icloud.com,Mobile App,Payment Problem,The application crashes whenever I try to upload a file.,Provided step-by-step troubleshooting instructions and issue resolved.,Low,Pending Customer,Phone,North America,64,Female,Premium,6,13,1,47.02,63.15,2022-10-07,2022-10-16,Yes,Yes,MacOS,Unknown,Crypto,German,Morning,7,Individual,david.thomas548@icloud.com,,0
185939,Patricia Rodriguez,patricia.rodriguez492@company.com,CRM Platform,Bug Report,I would like to request a refund for the recent charge.,Bug logged internally and workaround shared with the customer.,Low,Pending Customer,Email,Africa,25,Male,Premium,51,11,3,38.3,218.42,2023-12-07,2023-12-20,No,No,Windows,Safari,Credit Card,French,Afternoon,4,Individual,patricia.rodriguez492@company.com,2023-11-11,1
91705,Linda Hernandez,linda.hernandez873@gmail.com,Web Portal,Performance Issue,The application crashes whenever I try to upload a file.,Data synchronization restored after backend service restart.,Medium,Open,Social Media,Australia,63,Other,Free,54,16,5,28.8,71.62,2023-06-15,2023-06-18,Yes,No,Linux,Safari,Debit Card,Japanese,Morning,3,Individual,linda.hernandez873@gmail.com,,0
42443,Patricia Hernandez,patricia.hernandez920@icloud.com,Web Portal,Payment Problem,My subscription was cancelled without my request and I need clarification.,Data synchronization restored after backend service restart.,Low,Open,Social Media,Europe,60,Female,Basic,9,4,5,20.69,148.06,2024-03-14,2024-03-21,Yes,Yes,MacOS,Safari,Credit Card,French,Night,7,Corporate,patricia.hernandez920@icloud.com,,0
91945,James Brown,james.brown910@outlook.com,CRM Platform,Performance Issue,There seems to be a discrepancy in my billing statement for this month.,Data synchronization restored after backend service restart.,Medium,Closed,Web Form,Africa,27,Other,Free,59,0,3,43.85,186.13,2022-06-24,2022-06-25,Yes,No,Windows,Chrome,Bank Transfer,Japanese,Afternoon,5,Corporate,james.brown910@outlook.com,,0
198000,Sarah Jones,sarah.jones172@yahoo.com,API Service,Data Sync Issue,I am unable to access my account after entering the correct credentials.,The issue was escalated to engineering and resolved in the latest patch.,Medium,Closed,Phone,Europe,64,Male,Premium,11,17,4,69.94,238.46,2023-01-23,2023-01-27,No,No,iOS,Edge,Crypto,German,Night,8,Individual,sarah.jones172@yahoo.com,,0
99955,Thomas Smith,thomas.smith586@company.com,Billing System,Data Sync Issue,Two-factor authentication codes are not being delivered to my phone.,We have reset the account credentials and advised the customer to retry login.,High,Closed,Email,South America,22,Other,Free,11,10,4,13.79,160.18,2022-01-29,2022-02-03,No,No,Android,Firefox,PayPal,English,Afternoon,7,Individual,thomas.smith586@company.com,,0
154058,Richard Davis,richard.davis331@icloud.com,CRM Platform,Payment Problem,The payment was deducted from my bank account but the transaction shows failed.,Data synchronization restored after backend service restart.,High,In Progress,Chat,Europe,65,Male,Premium,31,4,3,26.59,235.05,2023-10-16,2023-10-27,Yes,No,Android,Edge,Crypto,German,Afternoon,6,Individual,richard.davis331@icloud.com,,0
83405,David Williams,david.williams995@outlook.com,API Service,Data Sync Issue,I found a bug in the latest update affecting report generation.,Data synchronization restored after backend service restart.,Low,Resolved,Social Media,Europe,62,Other,Basic,39,14,1,37.26,31.1,2023-08-06,2023-08-19,Yes,No,MacOS,Edge,Debit Card,Chinese,Morning,1,Individual,david.williams995@outlook.com,,0
139897,Mary Jones,mary.jones778@outlook.com,Web Portal,Login Issue,I am experiencing very slow performance while using the dashboard.,Explained billing breakdown and clarified applicable charges.,High,Resolved,Phone,North America,75,Other,Enterprise,2,15,3,20.52,181.48,2022-10-12,2022-10-26,No,Yes,Android,Edge,Crypto,Chinese,Evening,2,Corporate,mary.jones778@outlook.com,,0
100293,Elizabeth Brown,elizabeth.brown843@yahoo.com,Web Portal,Payment Problem,The payment was deducted from my bank account but the transaction shows failed.,Payment gateway timeout issue fixed and monitoring implemented.,Urgent,Closed,Email,Europe,36,Male,Premium,36,5,1,24.19,45.53,2024-12-19,2024-12-28,No,Yes,Linux,Firefox,PayPal,Japanese,Morning,10,Small Business,elizabeth.brown843@yahoo.com,,0
77815,James Jones,james.jones408@yahoo.com,Billing System,Security Concern,Two-factor authentication codes are not being delivered to my phone.,Payment gateway timeout issue fixed and monitoring implemented.,High,Closed,Email,Europe,26,Female,Free,27,4,4,70.53,30.35,2023-07-30,2023-08-02,No,No,Android,Edge,Crypto,English,Morning,8,Corporate,james.jones408@yahoo.com,,0
137927,David Smith,david.smith299@yahoo.com,Analytics Dashboard,Performance Issue,My subscription was cancelled without my request and I need clarification.,Security settings updated and customer notified of precautionary measures.,Urgent,Pending Customer,Web Form,Australia,24,Female,Premium,43,8,4,37.56,77.74,2022-11-23,2022-12-03,Yes,No,Android,Unknown,Credit Card,Spanish,Evening,10,Individual,david.smith299@yahoo.com,,0
141028,Joseph Davis,joseph.davis984@gmail.com,Analytics Dashboard,Security Concern,I am unable to access my account after entering the correct credentials.,The issue was escalated to engineering and resolved in the latest patch.,High,Pending Customer,Phone,Asia,54,Other,Basic,30,15,5,38.7,164.13,2024-11-26,2024-12-07,Yes,Yes,MacOS,Safari,Debit Card,Japanese,Night,8,Small Business,joseph.davis984@gmail.com,,0
131799,Richard Johnson,richard.johnson194@icloud.com,E-commerce Store,Refund Request,My subscription was cancelled without my request and I need clarification.,The issue was escalated to engineering and resolved in the latest patch.,Low,Open,Email,South America,44,Female,Premium,27,0,4,54.18,21.83,2022-11-02,2022-11-13,Yes,No,Android,Chrome,PayPal,Japanese,Morning,10,Corporate,richard.johnson194@icloud.com,,0
85593,Susan Brown,susan.brown483@outlook.com,Cloud Storage,Payment Problem,My subscription was cancelled without my request and I need clarification.,The issue was escalated to engineering and resolved in the latest patch.,Medium,In Progress,Web Form,Africa,55,Female,Premium,53,10,2,33.03,217.43,2023-10-20,2023-11-02,No,No,Linux,Unknown,Crypto,French,Night,2,Small Business,susan.brown483@outlook.com,,0
40080,Joseph Gonzalez,joseph.gonzalez59@icloud.com,CRM Platform,Data Sync Issue,I am experiencing very slow performance while using the dashboard.,Data synchronization restored after backend service restart.,Low,In Progress,Phone,Africa,34,Male,Enterprise,31,2,2,19.01,33.44,2023-03-21,2023-03-31,No,Yes,Windows,Edge,Bank Transfer,German,Night,1,Individual,joseph.gonzalez59@icloud.com,,0
19520,Barbara Gonzalez,barbara.gonzalez86@yahoo.com,Web Portal,Feature Request,The application crashes whenever I try to upload a file.,Explained billing breakdown and clarified applicable charges.,Urgent,In Progress,Social Media,Europe,25,Male,Basic,44,20,2,16.06,2.18,2024-02-23,2024-02-28,Yes,Yes,iOS,Chrome,Crypto,Spanish,Night,4,Corporate,barbara.gonzalez86@yahoo.com,2023-04-05,0
59992,Linda Lopez,linda.lopez44@company.com,E-commerce Store,Refund Request,I would like to request a refund for the recent charge.,Bug logged internally and workaround shared with the customer.,Medium,Pending Customer,Social Media,Asia,74,Other,Basic,11,16,3,40.31,145.1,2024-07-03,2024-07-11,No,No,MacOS,Edge,Bank Transfer,French,Evening,4,Individual,linda.lopez44@company.com,,0
174609,Thomas Jackson,thomas.jackson308@hotmail.com,Subscription Service,Bug Report,Two-factor authentication codes are not being delivered to my phone.,Data synchronization restored after backend service restart.,Medium,Resolved,Web Form,Africa,55,Other,Enterprise,36,1,1,1.89,182.83,2022-09-22,2022-10-01,No,Yes,MacOS,Firefox,Crypto,German,Evening,2,Small Business,thomas.jackson308@hotmail.com,,0
88671,Robert Lopez,robert.lopez584@yahoo.com,Subscription Service,Feature Request,Two-factor authentication codes are not being delivered to my phone.,Payment gateway timeout issue fixed and monitoring implemented.,Low,Resolved,Social Media,Europe,30,Other,Free,43,3,4,18.86,47.94,2024-08-17,2024-08-24,Yes,Yes,Android,Chrome,Credit Card,French,Afternoon,5,Corporate,robert.lopez584@yahoo.com,,0
125234,Mary Williams,mary.williams510@company.com,Cloud Storage,Account Suspension,Two-factor authentication codes are not being delivered to my phone.,Provided step-by-step troubleshooting instructions and issue resolved.,Urgent,Closed,Social Media,Asia,69,Female,Premium,35,14,4,60.34,46.05,2023-06-11,2023-06-24,No,No,Windows,Edge,Debit Card,German,Evening,10,Corporate,mary.williams510@company.com,,0
103728,Susan Davis,susan.davis197@outlook.com,Payment Gateway,Subscription Cancellation,There seems to be a discrepancy in my billing statement for this month.,We have reset the account credentials and advised the customer to retry login.,Low,Pending Customer,Chat,South America,61,Female,Premium,45,13,1,65.24,8.94,2022-04-25,2022-04-30,No,Yes,Linux,Firefox,Crypto,Japanese,Morning,6,Small Business,susan.davis197@outlook.com,,0
167766,Richard Smith,richard.smith21@gmail.com,CRM Platform,Feature Request,Two-factor authentication codes are not being delivered to my phone.,The duplicate charge was reversed and refund processed within 3-5 business days.,Low,Resolved,Chat,North America,74,Male,Basic,21,7,4,44.82,144.22,2024-07-30,2024-08-02,No,No,Android,Safari,Credit Card,Chinese,Afternoon,1,Individual,richard.smith21@gmail.com,,0
157869,Thomas Smith,thomas.smith328@outlook.com,Subscription Service,Refund Request,I am experiencing very slow performance while using the dashboard.,Data synchronization restored after backend service restart.,Low,In Progress,Web Form,Africa,56,Female,Free,8,14,1,15.61,214.29,2023-02-24,2023-02-24,Yes,No,iOS,Unknown,Crypto,French,Night,2,Corporate,thomas.smith328@outlook.com,,0
108660,Linda Williams,linda.williams820@icloud.com,Subscription Service,Bug Report,My subscription was cancelled without my request and I need clarification.,Payment gateway timeout issue fixed and monitoring implemented.,Low,In Progress,Email,Australia,75,Male,Enterprise,17,20,1,66.11,168.82,2022-08-10,2022-08-19,No,Yes,MacOS,Firefox,Crypto,Chinese,Night,6,Individual,linda.williams820@icloud.com,,0
10717,Barbara Gonzalez,barbara.gonzalez912@hotmail.com,Web Portal,Account Suspension,I would like to request a refund for the recent charge.,We have reset the account credentials and advised the customer to retry login.,High,Closed,Phone,Africa,21,Male,Enterprise,55,12,4,10.49,22.99,2022-06-07,2022-06-14,No,No,Linux,Chrome,Credit Card,Spanish,Afternoon,10,Small Business,barbara.gonzalez912@hotmail.com,,0
135449,Thomas Wilson,thomas.wilson80@company.com,CRM Platform,Performance Issue,The application crashes whenever I try to upload a file.,Bug logged internally and workaround shared with the customer.,Low,Pending Customer,Chat,North America,22,Other,Basic,46,5,4,2.86,99.97,2024-08-18,2024-08-20,No,No,MacOS,Edge,Debit Card,Japanese,Morning,9,Small Business,thomas.wilson80@company.com,,0
125729,Charles Gonzalez,charles.gonzalez572@hotmail.com,CRM Platform,Login Issue,Two-factor authentication codes are not being delivered to my phone.,Subscription status corrected and confirmation email sent to customer.,Urgent,Open,Web Form,South America,71,Male,Enterprise,39,0,2,41.3,22.66,2022-09-21,2022-09-26,Yes,Yes,Android,Safari,Crypto,Chinese,Evening,9,Corporate,charles.gonzalez572@hotmail.com,,0
23158,Barbara Lopez,barbara.lopez617@gmail.com,Analytics Dashboard,Account Suspension,The payment was deducted from my bank account but the transaction shows failed.,The duplicate charge was reversed and refund processed within 3-5 business days.,Urgent,In Progress,Social Media,North America,70,Other,Basic,60,16,4,30.59,225.52,2022-04-11,2022-04-25,No,Yes,Linux,Unknown,PayPal,Spanish,Night,9,Individual,barbara.lopez617@gmail.com,,0
94464,Jennifer Hernandez,jennifer.hernandez734@icloud.com,E-commerce Store,Data Sync Issue,The system is not syncing data across devices properly.,Data synchronization restored after backend service restart.,High,Open,Web Form,North America,29,Female,Free,44,13,1,46.7,68.53,2024-07-20,2024-07-30,No,Yes,Linux,Firefox,Credit Card,Chinese,Evening,2,Individual,jennifer.hernandez734@icloud.com,,0
60923,Jessica Taylor,jessica.taylor66@icloud.com,Billing System,Security Concern,I am experiencing very slow performance while using the dashboard.,Data synchronization restored after backend service restart.,Low,Pending Customer,Web Form,Africa,40,Female,Basic,53,19,1,24.46,178.76,2024-02-12,2024-02-14,No,No,Android,Firefox,Bank Transfer,French,Evening,10,Corporate,jessica.taylor66@icloud.com,,0
181786,Susan Brown,susan.brown584@gmail.com,Cloud Storage,Subscription Cancellation,My subscription was cancelled without my request and I need clarification.,Payment gateway timeout issue fixed and monitoring implemented.,High,In Progress,Web Form,Australia,33,Other,Free,16,3,1,46.16,121.2,2024-01-17,2024-01-23,No,No,iOS,Edge,Credit Card,Chinese,Morning,10,Corporate,susan.brown584@gmail.com,2022-05-29,0
88881,Robert Jones,robert.jones705@company.com,Payment Gateway,Subscription Cancellation,I am experiencing very slow performance while using the dashboard.,Subscription status corrected and confirmation email sent to customer.,Medium,Closed,Phone,South America,53,Female,Free,8,1,1,67.11,124.23,2023-11-18,2023-11-25,Yes,Yes,Windows,Firefox,PayPal,German,Evening,7,Small Business,robert.jones705@company.com,,0
37950,Robert Gonzalez,robert.gonzalez547@hotmail.com,Cloud Storage,Subscription Cancellation,My subscription was cancelled without my request and I need clarification.,Bug logged internally and workaround shared with the customer.,Low,Resolved,Email,Asia,72,Male,Free,2,1,2,7.73,119.96,2024-03-12,2024-03-16,Yes,Yes,MacOS,Safari,Debit Card,Chinese,Night,5,Corporate,robert.gonzalez547@hotmail.com,,0
28070,Elizabeth Taylor,elizabeth.taylor202@yahoo.com,E-commerce Store,Data Sync Issue,I would like to request a refund for the recent charge.,Subscription status corrected and confirmation email sent to customer.,Medium,Resolved,Chat,Asia,45,Female,Basic,38,14,2,56.26,32.35,2022-05-20,2022-05-29,Yes,Yes,Windows,Edge,Crypto,English,Morning,10,Individual,elizabeth.taylor202@yahoo.com,,0
41385,Michael Taylor,michael.taylor897@yahoo.com,Billing System,Subscription Cancellation,I found a bug in the latest update affecting report generation.,Subscription status corrected and confirmation email sent to customer.,Medium,Open,Web Form,Australia,74,Male,Enterprise,3,10,3,31.76,22.47,2024-03-17,2024-03-30,No,Yes,iOS,Firefox,Crypto,French,Evening,4,Individual,michael.taylor897@yahoo.com,,0
155484,Sarah Taylor,sarah.taylor804@hotmail.com,Analytics Dashboard,Login Issue,There seems to be a discrepancy in my billing statement for this month.,The issue was escalated to engineering and resolved in the latest patch.,Medium,Open,Chat,North America,32,Female,Basic,54,4,3,25.75,222.48,2023-08-10,2023-08-20,No,No,Windows,Unknown,Bank Transfer,Spanish,Night,7,Small Business,sarah.taylor804@hotmail.com,,0
71946,Thomas Thomas,thomas.thomas767@company.com,Payment Gateway,Performance Issue,I am experiencing very slow performance while using the dashboard.,The duplicate charge was reversed and refund processed within 3-5 business days.,Low,Closed,Social Media,Europe,62,Male,Enterprise,39,14,2,55.61,93.5,2023-12-20,2023-12-27,Yes,No,Linux,Chrome,Credit Card,German,Night,5,Corporate,thomas.thomas767@company.com,,0
130593,William Martin,william.martin415@outlook.com,Payment Gateway,Subscription Cancellation,I am unable to access my account after entering the correct credentials.,Bug logged internally and workaround shared with the customer.,Medium,Pending Customer,Email,Africa,49,Male,Free,45,2,4,46.06,120.08,2022-08-30,2022-09-13,Yes,No,MacOS,Chrome,Crypto,Japanese,Afternoon,1,Small Business,william.martin415@outlook.com,,0
118974,Joseph Thomas,joseph.thomas424@outlook.com,Payment Gateway,Subscription Cancellation,My subscription was cancelled without my request and I need clarification.,Explained billing breakdown and clarified applicable charges.,Medium,Open,Email,South America,55,Other,Premium,54,14,5,49.81,168.61,2024-12-01,2024-12-15,Yes,No,Windows,Firefox,PayPal,Japanese,Night,8,Individual,joseph.thomas424@outlook.com,,0
68251,Robert Lopez,robert.lopez803@yahoo.com,Analytics Dashboard,Login Issue,My subscription was cancelled without my request and I need clarification.,We have reset the account credentials and advised the customer to retry login.,Low,Resolved,Phone,North America,29,Other,Free,36,15,5,11.23,160.53,2023-07-08,2023-07-17,Yes,No,Windows,Safari,Crypto,French,Evening,4,Corporate,robert.lopez803@yahoo.com,,0
166032,James Gonzalez,james.gonzalez740@outlook.com,Billing System,Security Concern,There seems to be a discrepancy in my billing statement for this month.,The duplicate charge was reversed and refund processed within 3-5 business days.,High,Closed,Email,Australia,36,Male,Premium,18,14,2,34.03,70.51,2023-06-03,2023-06-10,Yes,No,Linux,Edge,Debit Card,English,Afternoon,3,Individual,james.gonzalez740@outlook.com,,0
42007,Mary Jones,mary.jones328@gmail.com,Cloud Storage,Payment Problem,I would like to request a refund for the recent charge.,Subscription status corrected and confirmation email sent to customer.,Urgent,In Progress,Social Media,Africa,44,Female,Enterprise,19,1,2,58.59,114.24,2024-04-30,2024-05-12,No,No,Windows,Edge,Credit Card,German,Morning,7,Corporate,mary.jones328@gmail.com,,0
89129,Richard Davis,richard.davis576@icloud.com,Cloud Storage,Data Sync Issue,I am experiencing very slow performance while using the dashboard.,Payment gateway timeout issue fixed and monitoring implemented.,Low,Open,Phone,Asia,23,Female,Enterprise,29,6,5,43.31,21.9,2023-03-09,2023-03-19,Yes,No,MacOS,Chrome,Debit Card,Spanish,Night,4,Small Business,richard.davis576@icloud.com,,0
55229,Sarah Moore,sarah.moore956@yahoo.com,Cloud Storage,Login Issue,The payment was deducted from my bank account but the transaction shows failed.,The duplicate charge was reversed and refund processed within 3-5 business days.,High,Open,Email,South America,70,Other,Enterprise,46,12,2,40.0,22.55,2024-10-28,2024-10-31,Yes,Yes,Linux,Edge,Debit Card,Spanish,Night,4,Individual,sarah.moore956@yahoo.com,,0
121429,Patricia Miller,patricia.miller841@yahoo.com,API Service,Security Concern,I am experiencing very slow performance while using the dashboard.,Security settings updated and customer notified of precautionary measures.,Low,Closed,Social Media,South America,46,Male,Premium,54,8,3,63.33,40.09,2022-12-21,2022-12-25,No,Yes,iOS,Chrome,PayPal,Japanese,Afternoon,6,Individual,patricia.miller841@yahoo.com,,0
165234,Charles Thomas,charles.thomas648@hotmail.com,Cloud Storage,Login Issue,I am experiencing very slow performance while using the dashboard.,The duplicate charge was reversed and refund processed within 3-5 business days.,Low,In Progress,Chat,Australia,43,Female,Free,48,13,4,27.48,6.5,2024-08-09,2024-08-12,No,Yes,iOS,Safari,PayPal,Japanese,Evening,3,Individual,charles.thomas648@hotmail.com,,0
127087,Sarah Williams,sarah.williams198@outlook.com,Cloud Storage,Payment Problem,Two-factor authentication codes are not being delivered to my phone.,We have reset the account credentials and advised the customer to retry login.,High,Closed,Email,Australia,20,Female,Basic,56,0,1,26.77,14.29,2023-01-15,2023-01-20,Yes,No,Linux,Edge,Crypto,German,Morning,7,Small Business,sarah.williams198@outlook.com,,0
84812,William Johnson,william.johnson504@gmail.com,Billing System,Bug Report,The system is not syncing data across devices properly.,Subscription status corrected and confirmation email sent to customer.,Urgent,Open,Chat,Europe,58,Female,Premium,33,20,1,49.47,61.76,2023-03-30,2023-04-02,No,Yes,iOS,Firefox,Credit Card,French,Night,3,Individual,william.johnson504@gmail.com,,0
75355,Susan Davis,susan.davis172@yahoo.com,Subscription Service,Login Issue,Two-factor authentication codes are not being delivered to my phone.,Data synchronization restored after backend service restart.,Urgent,Open,Chat,North America,70,Male,Free,14,18,5,50.0,117.55,2023-10-01,2023-10-07,Yes,No,Windows,Edge,Bank Transfer,English,Evening,9,Individual,susan.davis172@yahoo.com,,0
45032,Sarah Garcia,sarah.garcia542@icloud.com,Billing System,Payment Problem,The application crashes whenever I try to upload a file.,Subscription status corrected and confirmation email sent to customer.,Medium,Closed,Web Form,South America,22,Other,Basic,30,5,4,47.74,17.53,2022-06-07,2022-06-11,Yes,No,iOS,Safari,Bank Transfer,Spanish,Night,9,Small Business,sarah.garcia542@icloud.com,,0
10511,Charles Jackson,charles.jackson787@yahoo.com,Web Portal,Bug Report,The system is not syncing data across devices properly.,Provided step-by-step troubleshooting instructions and issue resolved.,Urgent,Open,Chat,Asia,38,Male,Premium,59,7,3,27.36,195.3,2023-07-18,2023-07-26,No,No,iOS,Unknown,Credit Card,German,Night,4,Corporate,charles.jackson787@yahoo.com,,0
34778,James Lopez,james.lopez355@outlook.com,Payment Gateway,Feature Request,I am experiencing very slow performance while using the dashboard.,Data synchronization restored after backend service restart.,Medium,Closed,Phone,Europe,37,Male,Enterprise,4,6,2,35.97,88.87,2022-09-21,2022-10-01,Yes,No,Android,Unknown,Bank Transfer,French,Evening,3,Individual,james.lopez355@outlook.com,,0
191027,Elizabeth Brown,elizabeth.brown829@yahoo.com,E-commerce Store,Account Suspension,I am experiencing very slow performance while using the dashboard.,Explained billing breakdown and clarified applicable charges.,Low,Open,Chat,Africa,72,Other,Enterprise,33,9,4,37.96,215.77,2023-02-11,2023-02-25,Yes,No,iOS,Unknown,Crypto,Japanese,Afternoon,8,Individual,elizabeth.brown829@yahoo.com,,0
10149,John Davis,john.davis704@icloud.com,Analytics Dashboard,Refund Request,The payment was deducted from my bank account but the transaction shows failed.,Provided step-by-step troubleshooting instructions and issue resolved.,Medium,Pending Customer,Chat,North America,56,Male,Enterprise,52,6,5,18.57,1.63,2023-06-22,2023-06-29,No,Yes,Android,Chrome,Debit Card,Chinese,Afternoon,5,Corporate,john.davis704@icloud.com,,0
134104,Richard Martin,richard.martin225@gmail.com,Payment Gateway,Data Sync Issue,I found a bug in the latest update affecting report generation.,Payment gateway timeout issue fixed and monitoring implemented.,Urgent,In Progress,Social Media,South America,48,Female,Premium,53,13,1,36.58,145.25,2024-09-21,2024-09-28,Yes,No,Linux,Unknown,Crypto,Spanish,Night,8,Small Business,richard.martin225@gmail.com,,0
57542,Patricia Rodriguez,patricia.rodriguez452@hotmail.com,E-commerce Store,Performance Issue,The application crashes whenever I try to upload a file.,Subscription status corrected and confirmation email sent to customer.,Urgent,Closed,Web Form,Australia,37,Other,Premium,1,5,1,5.26,81.74,2024-01-02,2024-01-02,No,No,MacOS,Edge,Bank Transfer,German,Night,10,Individual,patricia.rodriguez452@hotmail.com,,0
2151,Karen Miller,karen.miller934@gmail.com,Billing System,Subscription Cancellation,I found a bug in the latest update affecting report generation.,We have reset the account credentials and advised the customer to retry login.,Low,In Progress,Social Media,North America,29,Male,Basic,58,12,2,23.1,219.55,2024-10-05,2024-10-13,Yes,No,iOS,Edge,Credit Card,English,Afternoon,7,Individual,karen.miller934@gmail.com,,0
190124,Robert Williams,robert.williams815@yahoo.com,API Service,Payment Problem,My subscription was cancelled without my request and I need clarification.,Bug logged internally and workaround shared with the customer.,Urgent,Open,Email,Australia,37,Other,Free,7,7,3,27.79,14.04,2023-07-15,2023-07-20,Yes,Yes,Linux,Chrome,Debit Card,French,Evening,1,Small Business,robert.williams815@yahoo.com,,0
69303,Patricia Jackson,patricia.jackson694@yahoo.com,Analytics Dashboard,Data Sync Issue,There seems to be a discrepancy in my billing statement for this month.,Payment gateway timeout issue fixed and monitoring implemented.,Urgent,Open,Email,North America,73,Female,Enterprise,40,2,3,63.55,237.97,2024-12-20,2025-01-01,Yes,Yes,MacOS,Chrome,Credit Card,English,Night,10,Small Business,patricia.jackson694@yahoo.com,,0
185285,Barbara Rodriguez,barbara.rodriguez392@icloud.com,Mobile App,Bug Report,I found a bug in the latest update affecting report generation.,Subscription status corrected and confirmation email sent to customer.,Medium,Resolved,Chat,Australia,48,Female,Enterprise,55,19,2,66.27,216.01,2024-05-13,2024-05-23,No,No,iOS,Edge,Debit Card,English,Morning,5,Individual,barbara.rodriguez392@icloud.com,,0
123940,William Wilson,william.wilson280@company.com,API Service,Refund Request,I would like to request a refund for the recent charge.,Bug logged internally and workaround shared with the customer.,High,Pending Customer,Chat,South America,75,Female,Enterprise,27,5,2,32.27,78.76,2022-04-24,2022-04-26,No,Yes,Windows,Firefox,PayPal,French,Night,2,Small Business,william.wilson280@company.com,,0
10493,Jessica Moore,jessica.moore804@outlook.com,Mobile App,Feature Request,The application crashes whenever I try to upload a file.,Payment gateway timeout issue fixed and monitoring implemented.,High,Closed,Email,Australia,71,Female,Enterprise,11,6,3,56.75,164.54,2024-04-18,2024-04-27,Yes,Yes,iOS,Safari,Bank Transfer,Chinese,Evening,3,Corporate,jessica.moore804@outlook.com,,0
8635,Robert Thomas,robert.thomas764@hotmail.com,E-commerce Store,Feature Request,I found a bug in the latest update affecting report generation.,Subscription status corrected and confirmation email sent to customer.,High,Closed,Social Media,South America,23,Other,Basic,3,5,1,54.56,122.9,2023-02-28,2023-03-07,No,No,Linux,Unknown,PayPal,Spanish,Afternoon,10,Small Business,robert.thomas764@hotmail.com,,0
123862,Jessica Brown,jessica.brown774@hotmail.com,E-commerce Store,Feature Request,My subscription was cancelled without my request and I need clarification.,Bug logged internally and workaround shared with the customer.,Urgent,Closed,Web Form,South America,62,Other,Premium,15,9,2,68.54,66.75,2024-05-13,2024-05-24,No,Yes,MacOS,Firefox,Bank Transfer,Japanese,Night,3,Corporate,jessica.brown774@hotmail.com,,0
21932,Patricia Davis,patricia.davis422@yahoo.com,Mobile App,Security Concern,Two-factor authentication codes are not being delivered to my phone.,The duplicate charge was reversed and refund processed within 3-5 business days.,Medium,Closed,Web Form,North America,49,Other,Enterprise,58,14,2,37.48,159.95,2022-04-01,2022-04-15,No,Yes,Android,Firefox,PayPal,English,Morning,1,Individual,patricia.davis422@yahoo.com,,0
76206,Susan Wilson,susan.wilson333@company.com,Analytics Dashboard,Data Sync Issue,I am unable to access my account after entering the correct credentials.,Data synchronization restored after backend service restart.,Medium,Open,Web Form,South America,39,Other,Basic,7,17,4,31.82,52.43,2024-03-06,2024-03-08,No,Yes,Linux,Chrome,Debit Card,German,Evening,8,Individual,susan.wilson333@company.com,,0
90944,Barbara Jones,barbara.jones657@gmail.com,CRM Platform,Performance Issue,There seems to be a discrepancy in my billing statement for this month.,The issue was escalated to engineering and resolved in the latest patch.,High,Closed,Web Form,Australia,61,Other,Premium,9,19,2,63.46,236.13,2024-03-06,2024-03-20,No,Yes,MacOS,Edge,Bank Transfer,Chinese,Evening,4,Small Business,barbara.jones657@gmail.com,,0
119541,Jessica Brown,jessica.brown46@gmail.com,Payment Gateway,Subscription Cancellation,The application crashes whenever I try to upload a file.,The issue was escalated to engineering and resolved in the latest patch.,Urgent,Open,Chat,Africa,75,Female,Free,32,2,1,63.55,63.94,2024-06-06,2024-06-18,No,No,Windows,Firefox,PayPal,Chinese,Afternoon,7,Small Business,jessica.brown46@gmail.com,,0
107139,Richard Miller,richard.miller374@yahoo.com,API Service,Subscription Cancellation,The payment was deducted from my bank account but the transaction shows failed.,Security settings updated and customer notified of precautionary measures.,Medium,Closed,Chat,Europe,19,Male,Enterprise,46,1,1,14.18,12.47,2022-06-21,2022-06-26,Yes,No,iOS,Safari,Bank Transfer,English,Night,9,Small Business,richard.miller374@yahoo.com,,0
196479,Linda Rodriguez,linda.rodriguez773@company.com,Analytics Dashboard,Bug Report,I am unable to access my account after entering the correct credentials.,The duplicate charge was reversed and refund processed within 3-5 business days.,Medium,In Progress,Phone,Europe,52,Female,Free,21,8,1,15.9,155.7,2023-12-29,2024-01-07,No,Yes,MacOS,Firefox,PayPal,Spanish,Morning,1,Individual,linda.rodriguez773@company.com,,0
178715,Michael Miller,michael.miller36@gmail.com,Mobile App,Payment Problem,The application crashes whenever I try to upload a file.,Subscription status corrected and confirmation email sent to customer.,High,Open,Email,Africa,37,Other,Enterprise,24,0,2,55.79,33.29,2024-02-20,2024-02-21,No,Yes,Linux,Safari,Bank Transfer,Spanish,Night,2,Small Business,michael.miller36@gmail.com,,0
182619,Jessica Taylor,jessica.taylor389@company.com,Mobile App,Subscription Cancellation,I found a bug in the latest update affecting report generation.,Provided step-by-step troubleshooting instructions and issue resolved.,Medium,Pending Customer,Web Form,Africa,33,Other,Free,54,16,1,45.51,207.49,2024-05-16,2024-05-25,Yes,Yes,iOS,Safari,Bank Transfer,Spanish,Night,7,Individual,jessica.taylor389@company.com,,0
112250,Robert Jackson,robert.jackson191@icloud.com,Payment Gateway,Subscription Cancellation,My subscription was cancelled without my request and I need clarification.,The duplicate charge was reversed and refund processed within 3-5 business days.,Urgent,Pending Customer,Phone,Asia,19,Male,Premium,7,11,5,1.24,114.16,2022-09-17,2022-09-17,Yes,No,iOS,Unknown,PayPal,Japanese,Morning,6,Small Business,robert.jackson191@icloud.com,,0
45478,Susan Davis,susan.davis119@hotmail.com,Web Portal,Security Concern,My subscription was cancelled without my request and I need clarification.,Explained billing breakdown and clarified applicable charges.,Urgent,Pending Customer,Phone,North America,60,Male,Free,48,0,4,52.19,216.38,2023-03-11,2023-03-15,Yes,No,iOS,Edge,Crypto,Japanese,Night,9,Small Business,susan.davis119@hotmail.com,,0
89263,Linda Williams,linda.williams882@outlook.com,Web Portal,Feature Request,I am unable to access my account after entering the correct credentials.,Subscription status corrected and confirmation email sent to customer.,Urgent,Resolved,Email,Asia,52,Male,Premium,47,0,5,15.16,225.89,2024-05-20,2024-05-22,Yes,Yes,Android,Unknown,Bank Transfer,French,Evening,8,Individual,linda.williams882@outlook.com,,0
13576,Michael Garcia,michael.garcia820@gmail.com,Cloud Storage,Refund Request,The application crashes whenever I try to upload a file.,Security settings updated and customer notified of precautionary measures.,High,Pending Customer,Web Form,Australia,60,Female,Basic,6,17,2,32.92,128.34,2023-02-17,2023-02-25,No,Yes,MacOS,Edge,Credit Card,French,Night,4,Small Business,michael.garcia820@gmail.com,,0
86444,Barbara Martin,barbara.martin825@hotmail.com,API Service,Bug Report,The system is not syncing data across devices properly.,Payment gateway timeout issue fixed and monitoring implemented.,Medium,Closed,Web Form,South America,28,Female,Premium,1,1,3,28.78,190.53,2023-11-19,2023-11-20,Yes,No,iOS,Firefox,Crypto,German,Afternoon,7,Corporate,barbara.martin825@hotmail.com,,0
103370,Jennifer Davis,jennifer.davis578@icloud.com,Analytics Dashboard,Security Concern,The system is not syncing data across devices properly.,Security settings updated and customer notified of precautionary measures.,Medium,Pending Customer,Phone,Africa,69,Female,Basic,43,0,5,7.29,106.3,2024-08-29,2024-09-11,No,Yes,iOS,Edge,Crypto,Chinese,Afternoon,6,Small Business,jennifer.davis578@icloud.com,,0
132355,Mary Gonzalez,mary.gonzalez33@yahoo.com,Payment Gateway,Bug Report,I am experiencing very slow performance while using the dashboard.,Subscription status corrected and confirmation email sent to customer.,Low,Resolved,Chat,North America,34,Male,Basic,30,16,4,37.63,63.01,2024-10-20,2024-11-02,Yes,Yes,iOS,Edge,Bank Transfer,English,Evening,7,Individual,mary.gonzalez33@yahoo.com,,0
252,Mary Williams,mary.williams511@company.com,Payment Gateway,Refund Request,I found a bug in the latest update affecting report generation.,Security settings updated and customer notified of precautionary measures.,High,Closed,Social Media,North America,66,Male,Enterprise,51,14,2,21.49,120.0,2022-02-24,2022-02-26,No,No,Linux,Unknown,Credit Card,English,Night,2,Small Business,mary.williams511@company.com,,0
162423,Susan Martinez,susan.martinez230@gmail.com,CRM Platform,Payment Problem,The system is not syncing data across devices properly.,The duplicate charge was reversed and refund processed within 3-5 business days.,Urgent,Open,Chat,Africa,50,Female,Free,59,19,3,49.37,12.26,2024-06-22,2024-06-30,No,No,Android,Chrome,Bank Transfer,English,Morning,8,Small Business,susan.martinez230@gmail.com,,0
198702,Jessica Smith,jessica.smith352@yahoo.com,API Service,Bug Report,My subscription was cancelled without my request and I need clarification.,Subscription status corrected and confirmation email sent to customer.,Low,Closed,Web Form,Africa,43,Female,Enterprise,59,8,5,50.7,52.27,2024-01-16,2024-01-16,No,No,Linux,Unknown,Debit Card,Spanish,Evening,7,Small Business,jessica.smith352@yahoo.com,,0
92872,James Hernandez,james.hernandez111@gmail.com,E-commerce Store,Account Suspension,The payment was deducted from my bank account but the transaction shows failed.,Explained billing breakdown and clarified applicable charges.,Low,Closed,Email,Asia,21,Other,Basic,9,19,4,30.67,113.69,2023-08-29,2023-09-07,Yes,No,Windows,Safari,Crypto,Spanish,Afternoon,8,Small Business,james.hernandez111@gmail.com,,0
130420,Linda Williams,linda.williams110@outlook.com,Mobile App,Performance Issue,The payment was deducted from my bank account but the transaction shows failed.,The issue was escalated to engineering and resolved in the latest patch.,High,Pending Customer,Social Media,South America,59,Other,Basic,40,12,5,71.12,120.62,2022-06-28,2022-07-11,No,No,MacOS,Safari,Crypto,English,Night,5,Corporate,linda.williams110@outlook.com,,0
199965,William Johnson,william.johnson710@yahoo.com,Subscription Service,Payment Problem,The payment was deducted from my bank account but the transaction shows failed.,Data synchronization restored after backend service restart.,Urgent,Resolved,Phone,South America,47,Female,Basic,49,20,4,14.74,168.29,2024-12-26,2024-12-26,Yes,No,Windows,Unknown,Debit Card,Japanese,Evening,3,Small Business,william.johnson710@yahoo.com,,0
155954,Barbara Jones,barbara.jones159@company.com,Cloud Storage,Security Concern,The system is not syncing data across devices properly.,Security settings updated and customer notified of precautionary measures.,High,Pending Customer,Chat,Africa,68,Female,Premium,57,5,4,5.08,147.15,2024-07-22,2024-07-30,Yes,No,MacOS,Chrome,Bank Transfer,English,Night,7,Small Business,barbara.jones159@company.com,,0
139991,William Thomas,william.thomas389@icloud.com,CRM Platform,Payment Problem,The application crashes whenever I try to upload a file.,Bug logged internally and workaround shared with the customer.,Urgent,Resolved,Email,South America,33,Other,Basic,25,9,4,57.1,138.94,2024-11-20,2024-11-26,Yes,Yes,iOS,Edge,Credit Card,German,Afternoon,5,Corporate,william.thomas389@icloud.com,,0
105426,Thomas Jackson,thomas.jackson894@yahoo.com,Subscription Service,Login Issue,I am unable to access my account after entering the correct credentials.,Payment gateway timeout issue fixed and monitoring implemented.,Low,Open,Phone,Australia,31,Female,Enterprise,13,20,1,63.07,150.95,2023-08-30,2023-09-13,No,Yes,Linux,Edge,Debit Card,Spanish,Morning,9,Corporate,thomas.jackson894@yahoo.com,,0
174839,Thomas Gonzalez,thomas.gonzalez160@hotmail.com,Billing System,Feature Request,Two-factor authentication codes are not being delivered to my phone.,Data synchronization restored after backend service restart.,High,Open,Email,Africa,39,Other,Premium,50,9,4,29.34,55.43,2023-04-09,2023-04-22,No,No,iOS,Unknown,Bank Transfer,Spanish,Afternoon,7,Individual,thomas.gonzalez160@hotmail.com,,0
146143,John Lopez,john.lopez353@gmail.com,Subscription Service,Data Sync Issue,I am unable to access my account after entering the correct credentials.,Bug logged internally and workaround shared with the customer.,Low,Open,Social Media,North America,19,Other,Premium,45,14,5,55.03,20.68,2024-02-08,2024-02-19,Yes,Yes,iOS,Edge,Bank Transfer,Chinese,Evening,2,Individual,john.lopez353@gmail.com,,0
56847,Linda Jones,linda.jones358@icloud.com,API Service,Payment Problem,My subscription was cancelled without my request and I need clarification.,Security settings updated and customer notified of precautionary measures.,High,In Progress,Phone,Europe,59,Other,Premium,60,6,5,32.35,8.5,2022-10-29,2022-11-10,Yes,No,MacOS,Edge,Bank Transfer,French,Evening,7,Corporate,linda.jones358@icloud.com,,0
44204,Barbara Smith,barbara.smith95@gmail.com,Cloud Storage,Subscription Cancellation,I am experiencing very slow performance while using the dashboard.,The issue was escalated to engineering and resolved in the latest patch.,Urgent,Pending Customer,Chat,Africa,57,Other,Enterprise,49,10,1,57.75,32.33,2024-09-05,2024-09-18,Yes,No,iOS,Edge,Credit Card,Spanish,Evening,6,Corporate,barbara.smith95@gmail.com,,0
74265,Sarah Hernandez,sarah.hernandez484@outlook.com,Subscription Service,Subscription Cancellation,There seems to be a discrepancy in my billing statement for this month.,Explained billing breakdown and clarified applicable charges.,Low,Open,Web Form,South America,46,Female,Basic,34,0,5,41.14,236.05,2024-04-19,2024-04-25,Yes,Yes,Android,Chrome,Debit Card,French,Night,4,Small Business,sarah.hernandez484@outlook.com,,0
47329,Thomas Smith,thomas.smith45@yahoo.com,Billing System,Payment Problem,I am unable to access my account after entering the correct credentials.,Security settings updated and customer notified of precautionary measures.,High,Closed,Web Form,Europe,31,Female,Premium,29,5,5,52.09,47.77,2022-07-25,2022-07-25,No,No,iOS,Firefox,Debit Card,English,Afternoon,2,Small Business,thomas.smith45@yahoo.com,,0
146838,Jennifer Gonzalez,jennifer.gonzalez325@yahoo.com,Web Portal,Performance Issue,There seems to be a discrepancy in my billing statement for this month.,Payment gateway timeout issue fixed and monitoring implemented.,Urgent,Closed,Chat,Australia,22,Female,Free,44,14,2,64.97,146.18,2023-05-04,2023-05-10,Yes,No,MacOS,Safari,Credit Card,French,Evening,10,Corporate,jennifer.gonzalez325@yahoo.com,,0
169781,David Martin,david.martin471@gmail.com,Billing System,Account Suspension,Two-factor authentication codes are not being delivered to my phone.,The issue was escalated to engineering and resolved in the latest patch.,High,Open,Web Form,Africa,29,Male,Basic,60,1,4,46.34,221.61,2022-08-23,2022-08-29,Yes,Yes,Windows,Firefox,Bank Transfer,English,Evening,7,Corporate,david.martin471@gmail.com,,0
181986,Susan Miller,susan.miller635@yahoo.com,Cloud Storage,Performance Issue,The application crashes whenever I try to upload a file.,Security settings updated and customer notified of precautionary measures.,Low,Open,Web Form,Asia,32,Male,Enterprise,32,18,5,39.01,170.27,2022-09-09,2022-09-12,No,No,Windows,Unknown,Bank Transfer,English,Evening,3,Small Business,susan.miller635@yahoo.com,,0
43175,William Hernandez,william.hernandez439@gmail.com,E-commerce Store,Performance Issue,The application crashes whenever I try to upload a file.,Explained billing breakdown and clarified applicable charges.,Medium,Closed,Web Form,South America,59,Male,Premium,45,5,2,3.97,215.86,2022-02-03,2022-02-15,No,Yes,MacOS,Unknown,PayPal,French,Night,5,Individual,william.hernandez439@gmail.com,,0
84655,Robert Martinez,robert.martinez624@yahoo.com,Cloud Storage,Security Concern,I found a bug in the latest update affecting report generation.,The duplicate charge was reversed and refund processed within 3-5 business days.,Urgent,In Progress,Web Form,Asia,75,Female,Free,40,17,3,19.44,132.21,2024-11-18,2024-12-02,No,No,Windows,Chrome,Crypto,Japanese,Evening,4,Individual,robert.martinez624@yahoo.com,,0
83778,William Taylor,william.taylor967@hotmail.com,Cloud Storage,Payment Problem,My subscription was cancelled without my request and I need clarification.,Explained billing breakdown and clarified applicable charges.,Low,In Progress,Web Form,Africa,63,Female,Free,38,8,5,7.4,72.46,2022-11-12,2022-11-26,Yes,No,Android,Unknown,Bank Transfer,Spanish,Afternoon,8,Corporate,william.taylor967@hotmail.com,,0
31795,Richard Martin,richard.martin188@icloud.com,Payment Gateway,Data Sync Issue,There seems to be a discrepancy in my billing statement for this month.,Subscription status corrected and confirmation email sent to customer.,Medium,Open,Phone,North America,48,Female,Premium,45,0,2,48.3,41.59,2022-07-10,2022-07-14,Yes,No,iOS,Chrome,Credit Card,Spanish,Night,2,Small Business,richard.martin188@icloud.com,,0
22211,William Brown,william.brown259@icloud.com,API Service,Security Concern,The application crashes whenever I try to upload a file.,Provided step-by-step troubleshooting instructions and issue resolved.,Low,Open,Web Form,Africa,75,Male,Premium,10,17,5,43.14,27.22,2024-02-21,2024-02-22,Yes,Yes,Linux,Firefox,PayPal,French,Night,4,Individual,william.brown259@icloud.com,,0
19156,Susan Martinez,susan.martinez96@company.com,E-commerce Store,Bug Report,There seems to be a discrepancy in my billing statement for this month.,Provided step-by-step troubleshooting instructions and issue resolved.,Medium,Open,Chat,Asia,26,Male,Premium,60,18,4,47.86,39.52,2022-10-30,2022-11-09,No,Yes,Linux,Firefox,Debit Card,German,Afternoon,2,Corporate,susan.martinez96@company.com,,0
40110,Susan Miller,susan.miller260@company.com,Web Portal,Refund Request,There seems to be a discrepancy in my billing statement for this month.,Explained billing breakdown and clarified applicable charges.,High,Open,Phone,Asia,30,Other,Free,53,5,4,16.55,225.18,2024-04-07,2024-04-14,No,Yes,Android,Unknown,Credit Card,French,Night,10,Corporate,susan.miller260@company.com,,0
72149,Thomas Gonzalez,thomas.gonzalez732@gmail.com,Web Portal,Login Issue,I am unable to access my account after entering the correct credentials.,Payment gateway timeout issue fixed and monitoring implemented.,Urgent,Open,Chat,Africa,33,Male,Premium,58,16,5,59.55,92.04,2023-12-14,2023-12-15,No,No,MacOS,Chrome,PayPal,Chinese,Afternoon,7,Small Business,thomas.gonzalez732@gmail.com,,0
135729,Michael Gonzalez,michael.gonzalez14@hotmail.com,Cloud Storage,Security Concern,The system is not syncing data across devices properly.,The issue was escalated to engineering and resolved in the latest patch.,Low,Resolved,Web Form,North America,60,Male,Premium,57,13,2,10.14,158.43,2022-02-11,2022-02-21,Yes,Yes,Android,Chrome,Credit Card,Spanish,Night,10,Individual,michael.gonzalez14@hotmail.com,,0
120541,Patricia Lopez,patricia.lopez842@gmail.com,CRM Platform,Login Issue,The system is not syncing data across devices properly.,Subscription status corrected and confirmation email sent to customer.,Urgent,Resolved,Chat,South America,32,Other,Free,53,3,5,2.17,181.98,2022-02-06,2022-02-18,Yes,Yes,Android,Unknown,Crypto,Chinese,Afternoon,9,Corporate,patricia.lopez842@gmail.com,,0
16208,Charles Martin,charles.martin527@outlook.com,Payment Gateway,Bug Report,The system is not syncing data across devices properly.,The duplicate charge was reversed and refund processed within 3-5 business days.,Medium,Open,Email,North America,49,Other,Free,20,4,5,56.76,92.93,2023-04-18,2023-04-27,No,Yes,iOS,Chrome,Credit Card,English,Evening,4,Individual,charles.martin527@outlook.com,,0
127397,Karen Martin,karen.martin381@hotmail.com,Subscription Service,Subscription Cancellation,The application crashes whenever I try to upload a file.,Bug logged internally and workaround shared with the customer.,Urgent,Resolved,Social Media,South America,59,Other,Premium,51,4,2,58.83,32.11,2024-01-17,2024-01-29,Yes,No,Android,Safari,PayPal,English,Evening,8,Individual,karen.martin381@hotmail.com,,0
87368,Karen Smith,karen.smith361@yahoo.com,CRM Platform,Account Suspension,I am unable to access my account after entering the correct credentials.,Explained billing breakdown and clarified applicable charges.,High,Closed,Web Form,Europe,68,Male,Free,47,8,4,20.97,17.42,2024-07-27,2024-08-05,Yes,Yes,Windows,Edge,Bank Transfer,Japanese,Afternoon,9,Individual,karen.smith361@yahoo.com,,0
187057,Susan Rodriguez,susan.rodriguez425@hotmail.com,Cloud Storage,Bug Report,The system is not syncing data across devices properly.,We have reset the account credentials and advised the customer to retry login.,Urgent,Closed,Chat,Australia,29,Male,Premium,18,7,2,45.86,92.67,2022-05-01,2022-05-01,No,Yes,Linux,Firefox,Credit Card,French,Afternoon,9,Individual,susan.rodriguez425@hotmail.com,,0
64537,Michael Thomas,michael.thomas843@company.com,CRM Platform,Feature Request,I am unable to access my account after entering the correct credentials.,We have reset the account credentials and advised the customer to retry login.,Low,Closed,Chat,Africa,48,Male,Basic,50,20,1,13.79,97.89,2023-03-26,2023-04-02,Yes,Yes,MacOS,Edge,Bank Transfer,Spanish,Afternoon,10,Corporate,michael.thomas843@company.com,,0
82681,Sarah Martinez,sarah.martinez888@company.com,Cloud Storage,Bug Report,I found a bug in the latest update affecting report generation.,Explained billing breakdown and clarified applicable charges.,Medium,Closed,Social Media,North America,32,Other,Enterprise,48,2,2,68.77,179.19,2023-09-13,2023-09-15,Yes,Yes,Linux,Firefox,Bank Transfer,Chinese,Evening,2,Corporate,sarah.martinez888@company.com,,0
144665,Joseph Gonzalez,joseph.gonzalez473@outlook.com,Analytics Dashboard,Security Concern,The system is not syncing data across devices properly.,Provided step-by-step troubleshooting instructions and issue resolved.,Medium,Pending Customer,Chat,Africa,45,Male,Premium,59,2,1,67.22,234.73,2024-10-17,2024-10-18,No,No,MacOS,Edge,Bank Transfer,Spanish,Night,9,Individual,joseph.gonzalez473@outlook.com,,0
75986,Karen Hernandez,karen.hernandez639@icloud.com,Billing System,Bug Report,Two-factor authentication codes are not being delivered to my phone.,Bug logged internally and workaround shared with the customer.,Urgent,In Progress,Chat,Europe,47,Female,Enterprise,59,16,2,29.72,64.32,2022-04-17,2022-04-29,No,No,iOS,Chrome,Bank Transfer,French,Morning,8,Individual,karen.hernandez639@icloud.com,,0
99217,Michael Johnson,michael.johnson499@icloud.com,CRM Platform,Bug Report,My subscription was cancelled without my request and I need clarification.,Subscription status corrected and confirmation email sent to customer.,Urgent,Closed,Email,Africa,41,Other,Enterprise,48,8,2,26.35,82.18,2024-03-27,2024-04-04,No,Yes,iOS,Chrome,Debit Card,Chinese,Afternoon,6,Corporate,michael.johnson499@icloud.com,,0
26646,Karen Hernandez,karen.hernandez308@yahoo.com,CRM Platform,Performance Issue,I am unable to access my account after entering the correct credentials.,Payment gateway timeout issue fixed and monitoring implemented.,Low,In Progress,Phone,South America,53,Male,Enterprise,17,7,4,63.68,103.63,2023-06-21,2023-06-30,Yes,No,Linux,Edge,Bank Transfer,Spanish,Evening,7,Corporate,karen.hernandez308@yahoo.com,,0
36851,Karen Martinez,karen.martinez634@gmail.com,E-commerce Store,Subscription Cancellation,I am experiencing very slow performance while using the dashboard.,Payment gateway timeout issue fixed and monitoring implemented.,Low,Pending Customer,Phone,Europe,59,Other,Free,34,18,2,16.68,19.58,2024-10-06,2024-10-08,Yes,Yes,MacOS,Chrome,Credit Card,German,Morning,7,Small Business,karen.martinez634@gmail.com,,0
6343,Thomas Wilson,thomas.wilson872@icloud.com,Payment Gateway,Bug Report,The application crashes whenever I try to upload a file.,Security settings updated and customer notified of precautionary measures.,High,Pending Customer,Social Media,South America,41,Other,Free,52,16,2,54.58,183.18,2023-01-14,2023-01-17,No,Yes,Android,Unknown,Credit Card,Chinese,Evening,10,Small Business,thomas.wilson872@icloud.com,,0
41655,Sarah Thomas,sarah.thomas548@company.com,E-commerce Store,Refund Request,The application crashes whenever I try to upload a file.,The duplicate charge was reversed and refund processed within 3-5 business days.,Medium,Pending Customer,Phone,Europe,50,Other,Free,24,12,5,40.91,43.32,2023-09-09,2023-09-09,Yes,No,Windows,Edge,Debit Card,English,Morning,6,Corporate,sarah.thomas548@company.com,,0
25254,Mary Davis,mary.davis564@outlook.com,Web Portal,Subscription Cancellation,There seems to be a discrepancy in my billing statement for this month.,Explained billing breakdown and clarified applicable charges.,Medium,Closed,Phone,Africa,24,Male,Premium,26,5,3,35.03,235.26,2023-10-24,2023-10-30,Yes,No,Linux,Edge,Credit Card,German,Evening,10,Corporate,mary.davis564@outlook.com,,0
23086,David Wilson,david.wilson378@hotmail.com,Web Portal,Bug Report,The payment was deducted from my bank account but the transaction shows failed.,Subscription status corrected and confirmation email sent to customer.,Medium,In Progress,Web Form,Europe,60,Other,Free,39,11,3,61.33,93.31,2023-09-16,2023-09-16,Yes,No,MacOS,Safari,PayPal,English,Afternoon,6,Corporate,david.wilson378@hotmail.com,,0
87260,Jennifer Taylor,jennifer.taylor87@hotmail.com,Billing System,Refund Request,There seems to be a discrepancy in my billing statement for this month.,Explained billing breakdown and clarified applicable charges.,Low,Closed,Email,South America,58,Other,Enterprise,14,15,2,27.32,54.95,2022-03-12,2022-03-13,Yes,No,MacOS,Safari,Crypto,Spanish,Evening,1,Small Business,jennifer.taylor87@hotmail.com,,0
3733,David Miller,david.miller251@gmail.com,Billing System,Login Issue,I am unable to access my account after entering the correct credentials.,Payment gateway timeout issue fixed and monitoring implemented.,Urgent,Pending Customer,Social Media,Australia,22,Female,Enterprise,26,11,1,40.85,171.71,2024-05-14,2024-05-18,No,No,Linux,Unknown,Debit Card,Chinese,Afternoon,8,Corporate,david.miller251@gmail.com,,0
35711,Sarah Hernandez,sarah.hernandez130@gmail.com,API Service,Data Sync Issue,My subscription was cancelled without my request and I need clarification.,Data synchronization restored after backend service restart.,Low,Open,Chat,Europe,26,Other,Enterprise,37,6,2,9.74,99.09,2024-09-29,2024-10-12,No,No,Windows,Chrome,Crypto,Chinese,Afternoon,4,Small Business,sarah.hernandez130@gmail.com,,0
144677,Robert Thomas,robert.thomas311@yahoo.com,Subscription Service,Data Sync Issue,The system is not syncing data across devices properly.,The issue was escalated to engineering and resolved in the latest patch.,Urgent,Closed,Email,Asia,47,Male,Free,7,20,1,51.02,164.25,2024-06-13,2024-06-16,No,Yes,Linux,Firefox,Bank Transfer,Japanese,Morning,8,Corporate,robert.thomas311@yahoo.com,,0
139608,Elizabeth Thomas,elizabeth.thomas824@outlook.com,Web Portal,Bug Report,The payment was deducted from my bank account but the transaction shows failed.,Payment gateway timeout issue fixed and monitoring implemented.,Urgent,Closed,Web Form,Asia,46,Male,Enterprise,5,6,3,37.94,225.87,2022-02-03,2022-02-06,Yes,No,iOS,Edge,Crypto,German,Night,6,Individual,elizabeth.thomas824@outlook.com,,0
144703,Sarah Williams,sarah.williams346@outlook.com,API Service,Subscription Cancellation,Two-factor authentication codes are not being delivered to my phone.,Data synchronization restored after backend service restart.,Low,Pending Customer,Email,North America,27,Female,Enterprise,27,1,1,2.37,110.79,2022-02-08,2022-02-08,No,No,Windows,Unknown,PayPal,French,Night,1,Corporate,sarah.williams346@outlook.com,,0
25617,Jennifer Rodriguez,jennifer.rodriguez456@hotmail.com,E-commerce Store,Login Issue,I found a bug in the latest update affecting report generation.,The issue was escalated to engineering and resolved in the latest patch.,High,Resolved,Chat,Asia,66,Female,Basic,43,10,3,22.72,37.81,2022-04-08,2022-04-09,No,Yes,Linux,Safari,Credit Card,German,Night,8,Individual,jennifer.rodriguez456@hotmail.com,,0
45379,James Anderson,james.anderson636@outlook.com,Mobile App,Feature Request,I would like to request a refund for the recent charge.,The issue was escalated to engineering and resolved in the latest patch.,Low,Pending Customer,Social Media,Australia,23,Other,Basic,53,14,4,1.74,88.49,2022-01-16,2022-01-30,No,Yes,Windows,Edge,PayPal,Spanish,Night,9,Individual,james.anderson636@outlook.com,,0
166915,John Jones,john.jones515@gmail.com,Payment Gateway,Refund Request,I am experiencing very slow performance while using the dashboard.,Subscription status corrected and confirmation email sent to customer.,High,Resolved,Phone,North America,28,Other,Premium,56,18,5,15.61,211.52,2024-09-06,2024-09-16,Yes,Yes,Linux,Unknown,Debit Card,German,Afternoon,8,Small Business,john.jones515@gmail.com,,0
158822,Linda Johnson,linda.johnson498@gmail.com,Subscription Service,Security Concern,I found a bug in the latest update affecting report generation.,Explained billing breakdown and clarified applicable charges.,Urgent,Pending Customer,Social Media,Australia,21,Male,Free,18,2,4,58.88,173.83,2022-01-11,2022-01-21,No,Yes,Android,Unknown,Debit Card,German,Morning,4,Individual,linda.johnson498@gmail.com,,0
176430,James Thomas,james.thomas668@hotmail.com,Mobile App,Feature Request,There seems to be a discrepancy in my billing statement for this month.,Payment gateway timeout issue fixed and monitoring implemented.,Urgent,Closed,Email,Europe,40,Other,Premium,56,3,1,69.89,186.35,2023-10-16,2023-10-28,Yes,No,MacOS,Safari,Debit Card,German,Evening,7,Individual,james.thomas668@hotmail.com,,0
78664,Michael Rodriguez,michael.rodriguez352@outlook.com,CRM Platform,Feature Request,The payment was deducted from my bank account but the transaction shows failed.,Subscription status corrected and confirmation email sent to customer.,Medium,In Progress,Phone,South America,72,Other,Free,58,19,3,70.03,118.58,2023-03-01,2023-03-06,No,No,MacOS,Chrome,PayPal,German,Morning,9,Small Business,michael.rodriguez352@outlook.com,,0
13037,Mary Wilson,mary.wilson46@gmail.com,Mobile App,Feature Request,I would like to request a refund for the recent charge.,Data synchronization restored after backend service restart.,High,Open,Phone,Australia,74,Male,Premium,59,9,2,56.02,40.67,2024-06-02,2024-06-14,No,Yes,iOS,Chrome,Credit Card,English,Morning,4,Individual,mary.wilson46@gmail.com,,0
145371,Mary Lopez,mary.lopez81@icloud.com,Cloud Storage,Payment Problem,The payment was deducted from my bank account but the transaction shows failed.,The issue was escalated to engineering and resolved in the latest patch.,Low,Pending Customer,Phone,North America,22,Male,Basic,60,19,5,60.17,6.93,2022-03-19,2022-03-22,Yes,No,Android,Chrome,Crypto,Spanish,Evening,6,Small Business,mary.lopez81@icloud.com,,0
176445,Joseph Hernandez,joseph.hernandez983@yahoo.com,Mobile App,Bug Report,There seems to be a discrepancy in my billing statement for this month.,We have reset the account credentials and advised the customer to retry login.,High,Closed,Social Media,Europe,63,Male,Enterprise,39,9,3,10.05,48.82,2024-08-11,2024-08-23,Yes,No,Linux,Chrome,Crypto,English,Morning,3,Small Business,joseph.hernandez983@yahoo.com,,0
15182,Jennifer Jones,jennifer.jones263@yahoo.com,Cloud Storage,Performance Issue,There seems to be a discrepancy in my billing statement for this month.,Subscription status corrected and confirmation email sent to customer.,Urgent,In Progress,Chat,Australia,64,Female,Premium,43,3,2,49.57,87.38,2024-08-11,2024-08-18,Yes,No,Android,Edge,PayPal,Spanish,Evening,6,Corporate,jennifer.jones263@yahoo.com,,0
22898,Jessica Smith,jessica.smith2@yahoo.com,Subscription Service,Subscription Cancellation,The application crashes whenever I try to upload a file.,Explained billing breakdown and clarified applicable charges.,High,Resolved,Email,Europe,55,Female,Basic,45,9,5,35.23,140.79,2024-08-15,2024-08-24,Yes,Yes,Windows,Edge,Debit Card,Japanese,Afternoon,6,Small Business,jessica.smith2@yahoo.com,,0
168259,John Jackson,john.jackson183@icloud.com,Subscription Service,Security Concern,I am experiencing very slow performance while using the dashboard.,We have reset the account credentials and advised the customer to retry login.,High,Resolved,Phone,South America,64,Female,Free,30,15,5,43.19,18.23,2023-05-09,2023-05-11,No,Yes,Linux,Safari,Debit Card,Japanese,Morning,2,Small Business,john.jackson183@icloud.com,,0
10904,Michael Jones,michael.jones646@company.com,CRM Platform,Data Sync Issue,The payment was deducted from my bank account but the transaction shows failed.,Payment gateway timeout issue fixed and monitoring implemented.,Low,Closed,Social Media,North America,44,Male,Free,34,1,1,36.79,217.2,2023-09-22,2023-09-28,No,Yes,Linux,Edge,Credit Card,French,Afternoon,2,Corporate,michael.jones646@company.com,,0
95586,Patricia Taylor,patricia.taylor103@hotmail.com,Analytics Dashboard,Payment Problem,I am experiencing very slow performance while using the dashboard.,Subscription status corrected and confirmation email sent to customer.,Low,Closed,Chat,Africa,63,Female,Basic,30,15,3,17.48,33.65,2023-05-30,2023-05-30,Yes,No,Linux,Firefox,PayPal,French,Morning,5,Corporate,patricia.taylor103@hotmail.com,,0
166337,Patricia Moore,patricia.moore377@outlook.com,CRM Platform,Bug Report,I would like to request a refund for the recent charge.,Subscription status corrected and confirmation email sent to customer.,Low,Pending Customer,Social Media,Africa,56,Female,Free,51,6,5,20.6,39.84,2023-07-05,2023-07-11,Yes,No,Linux,Firefox,PayPal,French,Night,5,Small Business,patricia.moore377@outlook.com,,0
140007,Robert Williams,robert.williams53@outlook.com,Payment Gateway,Performance Issue,The application crashes whenever I try to upload a file.,Security settings updated and customer notified of precautionary measures.,Urgent,Open,Email,Europe,30,Female,Premium,15,10,1,5.98,147.95,2022-06-08,2022-06-12,Yes,No,Windows,Unknown,Bank Transfer,Japanese,Night,6,Corporate,robert.williams53@outlook.com,,0
58416,Barbara Garcia,barbara.garcia265@company.com,Payment Gateway,Feature Request,I am experiencing very slow performance while using the dashboard.,Subscription status corrected and confirmation email sent to customer.,Urgent,Pending Customer,Social Media,North America,42,Male,Basic,37,13,3,45.71,166.68,2023-02-14,2023-02-17,No,No,Windows,Safari,Crypto,Spanish,Morning,1,Corporate,barbara.garcia265@company.com,,0
184116,Jessica Jackson,jessica.jackson409@gmail.com,Billing System,Refund Request,My subscription was cancelled without my request and I need clarification.,The duplicate charge was reversed and refund processed within 3-5 business days.,High,In Progress,Chat,Europe,73,Female,Free,48,19,2,13.85,199.59,2024-12-03,2024-12-17,Yes,No,Linux,Unknown,Credit Card,Chinese,Night,1,Small Business,jessica.jackson409@gmail.com,,0
199401,Jennifer Gonzalez,jennifer.gonzalez722@icloud.com,API Service,Feature Request,The system is not syncing data across devices properly.,The duplicate charge was reversed and refund processed within 3-5 business days.,Urgent,Closed,Phone,Australia,52,Other,Premium,27,15,4,35.27,198.31,2023-10-19,2023-10-23,Yes,No,iOS,Chrome,Crypto,French,Afternoon,8,Corporate,jennifer.gonzalez722@icloud.com,,0
133080,David Jackson,david.jackson7@gmail.com,Analytics Dashboard,Bug Report,Two-factor authentication codes are not being delivered to my phone.,Subscription status corrected and confirmation email sent to customer.,High,Pending Customer,Email,Europe,60,Female,Premium,52,5,1,5.8,16.05,2023-05-30,2023-06-10,No,Yes,Android,Chrome,Debit Card,Chinese,Morning,1,Small Business,david.jackson7@gmail.com,,0
46391,James Moore,james.moore598@icloud.com,Billing System,Feature Request,The system is not syncing data across devices properly.,We have reset the account credentials and advised the customer to retry login.,Low,In Progress,Social Media,Europe,56,Female,Premium,35,11,5,4.28,35.81,2023-06-11,2023-06-23,No,Yes,Windows,Firefox,Crypto,Spanish,Afternoon,10,Small Business,james.moore598@icloud.com,,0
38248,Joseph Moore,joseph.moore196@company.com,Subscription Service,Subscription Cancellation,Two-factor authentication codes are not being delivered to my phone.,Bug logged internally and workaround shared with the customer.,Urgent,Pending Customer,Phone,Africa,42,Male,Enterprise,31,11,5,5.65,40.57,2024-01-24,2024-01-26,Yes,No,Windows,Chrome,Bank Transfer,French,Night,7,Corporate,joseph.moore196@company.com,,0
169971,Linda Jones,linda.jones721@company.com,Web Portal,Account Suspension,My subscription was cancelled without my request and I need clarification.,Data synchronization restored after backend service restart.,High,Resolved,Chat,South America,49,Male,Enterprise,27,6,4,49.06,62.54,2024-02-05,2024-02-12,Yes,Yes,iOS,Unknown,Debit Card,German,Afternoon,9,Individual,linda.jones721@company.com,,0
5701,Elizabeth Smith,elizabeth.smith142@company.com,API Service,Login Issue,I am experiencing very slow performance while using the dashboard.,The duplicate charge was reversed and refund processed within 3-5 business days.,Medium,In Progress,Chat,North America,32,Male,Enterprise,1,7,5,31.66,210.54,2023-07-07,2023-07-16,Yes,Yes,Windows,Unknown,Credit Card,English,Morning,2,Small Business,elizabeth.smith142@company.com,,0
157958,Linda Gonzalez,linda.gonzalez357@icloud.com,API Service,Refund Request,I am unable to access my account after entering the correct credentials.,Subscription status corrected and confirmation email sent to customer.,Medium,Open,Web Form,South America,46,Other,Basic,27,13,5,38.1,7.12,2022-05-02,2022-05-07,No,No,Linux,Chrome,Bank Transfer,German,Afternoon,1,Corporate,linda.gonzalez357@icloud.com,,0
133631,Linda Smith,linda.smith881@gmail.com,Subscription Service,Security Concern,I am experiencing very slow performance while using the dashboard.,The issue was escalated to engineering and resolved in the latest patch.,Medium,Open,Chat,South America,30,Female,Enterprise,60,18,4,42.19,5.99,2022-09-04,2022-09-16,Yes,No,Android,Firefox,PayPal,German,Afternoon,1,Small Business,linda.smith881@gmail.com,,0
104974,Sarah Davis,sarah.davis471@icloud.com,Billing System,Feature Request,I found a bug in the latest update affecting report generation.,Data synchronization restored after backend service restart.,Low,Closed,Social Media,Australia,52,Female,Enterprise,37,3,5,54.54,135.96,2024-10-28,2024-11-03,Yes,Yes,Linux,Firefox,Debit Card,Spanish,Afternoon,8,Individual,sarah.davis471@icloud.com,,0
94509,Charles Martinez,charles.martinez240@company.com,Cloud Storage,Performance Issue,My subscription was cancelled without my request and I need clarification.,Explained billing breakdown and clarified applicable charges.,Low,Resolved,Web Form,Africa,41,Female,Basic,37,17,4,15.93,167.13,2023-08-15,2023-08-24,Yes,Yes,Windows,Unknown,PayPal,Chinese,Night,2,Small Business,charles.martinez240@company.com,,0
116733,Jennifer Miller,jennifer.miller52@yahoo.com,E-commerce Store,Bug Report,I found a bug in the latest update affecting report generation.,Payment gateway timeout issue fixed and monitoring implemented.,High,In Progress,Social Media,Europe,59,Female,Premium,43,17,2,43.0,134.6,2022-10-17,2022-10-21,No,Yes,MacOS,Safari,Bank Transfer,Japanese,Evening,1,Individual,jennifer.miller52@yahoo.com,,0
55546,Karen Wilson,karen.wilson73@icloud.com,Analytics Dashboard,Data Sync Issue,There seems to be a discrepancy in my billing statement for this month.,Data synchronization restored after backend service restart.,Low,Pending Customer,Chat,Africa,26,Female,Enterprise,31,8,4,21.93,103.88,2023-02-26,2023-03-03,No,No,MacOS,Unknown,Credit Card,Spanish,Night,7,Individual,karen.wilson73@icloud.com,2022-10-04,0
169329,John Moore,john.moore813@outlook.com,Payment Gateway,Login Issue,The system is not syncing data across devices properly.,Provided step-by-step troubleshooting instructions and issue resolved.,Low,Open,Social Media,Africa,18,Female,Premium,39,15,2,26.01,214.11,2023-06-17,2023-06-26,Yes,Yes,Android,Edge,Bank Transfer,Japanese,Evening,7,Individual,john.moore813@outlook.com,,0
40002,Sarah Lopez,sarah.lopez579@outlook.com,Cloud Storage,Bug Report,I would like to request a refund for the recent charge.,Data synchronization restored after backend service restart.,High,In Progress,Email,Australia,64,Female,Premium,58,20,1,8.35,88.79,2024-08-06,2024-08-19,No,No,Windows,Unknown,PayPal,English,Morning,4,Corporate,sarah.lopez579@outlook.com,,0
123953,Charles Brown,charles.brown894@hotmail.com,E-commerce Store,Bug Report,I am experiencing very slow performance while using the dashboard.,Provided step-by-step troubleshooting instructions and issue resolved.,Low,Pending Customer,Web Form,Australia,20,Female,Free,31,8,2,14.05,170.58,2024-05-28,2024-06-01,Yes,No,Windows,Chrome,Debit Card,Spanish,Evening,10,Individual,charles.brown894@hotmail.com,,0
140053,Patricia Thomas,patricia.thomas955@hotmail.com,Payment Gateway,Bug Report,There seems to be a discrepancy in my billing statement for this month.,Explained billing breakdown and clarified applicable charges.,High,Open,Web Form,South America,70,Other,Free,60,5,3,49.94,209.71,2022-09-27,2022-10-01,No,Yes,iOS,Firefox,Crypto,Chinese,Evening,1,Individual,patricia.thomas955@hotmail.com,,0
151282,Charles Jones,charles.jones939@icloud.com,E-commerce Store,Security Concern,I found a bug in the latest update affecting report generation.,Security settings updated and customer notified of precautionary measures.,High,Closed,Web Form,Africa,72,Female,Premium,26,8,3,26.41,6.45,2022-11-20,2022-12-02,No,No,Android,Safari,Debit Card,Japanese,Afternoon,2,Corporate,charles.jones939@icloud.com,,0
13936,Jennifer Jones,jennifer.jones227@company.com,API Service,Performance Issue,I found a bug in the latest update affecting report generation.,We have reset the account credentials and advised the customer to retry login.,Low,Open,Email,Asia,18,Male,Enterprise,6,6,1,39.07,113.81,2023-06-03,2023-06-10,No,Yes,Android,Safari,Crypto,French,Morning,2,Corporate,jennifer.jones227@company.com,,0
170697,Jennifer Jones,jennifer.jones807@icloud.com,Subscription Service,Performance Issue,I am unable to access my account after entering the correct credentials.,The issue was escalated to engineering and resolved in the latest patch.,Urgent,In Progress,Web Form,North America,26,Female,Premium,52,4,3,12.23,134.78,2024-11-07,2024-11-12,No,Yes,MacOS,Firefox,Debit Card,French,Morning,6,Corporate,jennifer.jones807@icloud.com,,0
13828,David Jackson,david.jackson457@hotmail.com,Analytics Dashboard,Account Suspension,My subscription was cancelled without my request and I need clarification.,We have reset the account credentials and advised the customer to retry login.,Urgent,Closed,Phone,North America,64,Male,Basic,40,18,1,42.27,116.91,2024-05-08,2024-05-08,Yes,Yes,iOS,Unknown,Bank Transfer,Spanish,Evening,8,Individual,david.jackson457@hotmail.com,,0
157429,John Lopez,john.lopez917@gmail.com,Analytics Dashboard,Data Sync Issue,My subscription was cancelled without my request and I need clarification.,We have reset the account credentials and advised the customer to retry login.,Medium,Closed,Web Form,South America,30,Female,Free,2,20,1,9.13,129.43,2024-08-22,2024-08-29,Yes,Yes,Linux,Edge,Debit Card,German,Afternoon,2,Small Business,john.lopez917@gmail.com,,0
95899,James Moore,james.moore766@company.com,E-commerce Store,Feature Request,The application crashes whenever I try to upload a file.,Security settings updated and customer notified of precautionary measures.,High,Pending Customer,Social Media,Europe,63,Other,Basic,49,20,3,51.34,185.4,2024-06-23,2024-06-28,No,Yes,Linux,Firefox,Crypto,English,Night,4,Corporate,james.moore766@company.com,,0
138895,Robert Jackson,robert.jackson689@gmail.com,CRM Platform,Subscription Cancellation,I would like to request a refund for the recent charge.,The issue was escalated to engineering and resolved in the latest patch.,High,In Progress,Phone,Africa,47,Other,Premium,9,6,3,1.35,65.9,2023-12-24,2023-12-28,Yes,No,Windows,Firefox,PayPal,German,Morning,7,Corporate,robert.jackson689@gmail.com,,0
23818,Michael Martinez,michael.martinez287@outlook.com,Billing System,Account Suspension,The payment was deducted from my bank account but the transaction shows failed.,Subscription status corrected and confirmation email sent to customer.,Medium,In Progress,Social Media,Europe,59,Male,Free,8,18,5,15.57,106.71,2024-07-20,2024-08-02,No,Yes,iOS,Safari,PayPal,Japanese,Evening,2,Corporate,michael.martinez287@outlook.com,,0
152693,Michael Smith,michael.smith672@hotmail.com,Mobile App,Subscription Cancellation,I found a bug in the latest update affecting report generation.,Explained billing breakdown and clarified applicable charges.,Low,In Progress,Email,Australia,32,Female,Basic,56,19,4,6.59,191.65,2023-11-20,2023-11-29,Yes,Yes,Linux,Firefox,Credit Card,German,Night,7,Small Business,michael.smith672@hotmail.com,,0
188693,John Jackson,john.jackson557@yahoo.com,E-commerce Store,Bug Report,I would like to request a refund for the recent charge.,Data synchronization restored after backend service restart.,Urgent,Closed,Email,Australia,47,Other,Premium,55,17,4,51.91,42.37,2024-12-31,2025-01-10,Yes,Yes,MacOS,Safari,PayPal,Spanish,Afternoon,3,Small Business,john.jackson557@yahoo.com,,0
7278,Jessica Martinez,jessica.martinez959@hotmail.com,Cloud Storage,Security Concern,The application crashes whenever I try to upload a file.,Explained billing breakdown and clarified applicable charges.,Low,Closed,Chat,Asia,21,Male,Free,29,0,4,9.76,205.78,2022-07-30,2022-08-09,Yes,Yes,iOS,Edge,Debit Card,German,Morning,2,Individual,jessica.martinez959@hotmail.com,,0
126001,Karen Williams,karen.williams6@hotmail.com,Mobile App,Payment Problem,I would like to request a refund for the recent charge.,The duplicate charge was reversed and refund processed within 3-5 business days.,Low,In Progress,Phone,North America,30,Male,Basic,3,7,5,14.28,225.92,2022-04-23,2022-04-23,No,No,Windows,Chrome,Credit Card,Chinese,Evening,4,Individual,karen.williams6@hotmail.com,,0
44219,Richard Thomas,richard.thomas470@company.com,Cloud Storage,Feature Request,The system is not syncing data across devices properly.,Subscription status corrected and confirmation email sent to customer.,Low,In Progress,Social Media,Africa,66,Female,Free,8,17,5,32.92,190.68,2023-11-07,2023-11-10,Yes,Yes,Android,Edge,PayPal,Chinese,Night,1,Corporate,richard.thomas470@company.com,,0
77202,Karen Jones,karen.jones799@hotmail.com,Cloud Storage,Security Concern,I found a bug in the latest update affecting report generation.,Explained billing breakdown and clarified applicable charges.,Medium,Closed,Web Form,Africa,70,Female,Free,8,9,1,66.68,223.43,2022-06-30,2022-07-13,Yes,No,iOS,Edge,Credit Card,French,Afternoon,8,Corporate,karen.jones799@hotmail.com,,0
77693,Charles Thomas,charles.thomas226@icloud.com,Payment Gateway,Login Issue,I would like to request a refund for the recent charge.,Bug logged internally and workaround shared with the customer.,High,Open,Social Media,Australia,57,Male,Enterprise,46,10,5,7.21,129.5,2024-11-13,2024-11-13,No,No,iOS,Safari,Debit Card,Japanese,Evening,1,Individual,charles.thomas226@icloud.com,,0
37798,Susan Thomas,susan.thomas506@yahoo.com,Subscription Service,Subscription Cancellation,There seems to be a discrepancy in my billing statement for this month.,We have reset the account credentials and advised the customer to retry login.,Low,Pending Customer,Chat,North America,33,Other,Basic,11,1,1,21.02,105.67,2024-07-21,2024-08-02,No,No,Windows,Chrome,Debit Card,Chinese,Afternoon,7,Small Business,susan.thomas506@yahoo.com,,0
87916,Charles Garcia,charles.garcia302@outlook.com,API Service,Subscription Cancellation,The application crashes whenever I try to upload a file.,Data synchronization restored after backend service restart.,Urgent,In Progress,Email,Europe,20,Other,Enterprise,41,10,4,15.09,50.26,2024-11-26,2024-12-10,No,Yes,Android,Unknown,PayPal,English,Night,6,Small Business,charles.garcia302@outlook.com,,0
82745,Charles Brown,charles.brown706@yahoo.com,API Service,Refund Request,I am experiencing very slow performance while using the dashboard.,Subscription status corrected and confirmation email sent to customer.,Medium,Open,Social Media,Australia,52,Other,Free,52,2,4,70.9,9.11,2023-01-04,2023-01-10,No,No,Windows,Unknown,Crypto,French,Morning,3,Corporate,charles.brown706@yahoo.com,,0
126066,John Wilson,john.wilson364@gmail.com,Analytics Dashboard,Subscription Cancellation,I found a bug in the latest update affecting report generation.,The issue was escalated to engineering and resolved in the latest patch.,High,Closed,Email,North America,33,Female,Basic,39,11,5,56.15,146.52,2023-01-21,2023-02-03,Yes,No,Linux,Safari,Credit Card,Chinese,Evening,2,Corporate,john.wilson364@gmail.com,,0
88804,Elizabeth Lopez,elizabeth.lopez637@yahoo.com,E-commerce Store,Performance Issue,Two-factor authentication codes are not being delivered to my phone.,Bug logged internally and workaround shared with the customer.,Low,Open,Chat,North America,73,Other,Premium,49,3,4,71.92,79.54,2023-03-03,2023-03-05,Yes,Yes,Android,Unknown,Bank Transfer,Spanish,Night,9,Individual,elizabeth.lopez637@yahoo.com,,0
48208,John Thomas,john.thomas699@gmail.com,E-commerce Store,Feature Request,I am experiencing very slow performance while using the dashboard.,Subscription status corrected and confirmation email sent to customer.,Urgent,In Progress,Social Media,Asia,55,Male,Enterprise,6,1,4,45.75,10.65,2023-12-12,2023-12-17,Yes,Yes,Linux,Safari,Credit Card,Spanish,Evening,5,Small Business,john.thomas699@gmail.com,,0
3863,Karen Garcia,karen.garcia463@gmail.com,Web Portal,Refund Request,The system is not syncing data across devices properly.,Explained billing breakdown and clarified applicable charges.,Low,Open,Social Media,South America,28,Other,Basic,17,4,5,41.62,171.73,2024-10-17,2024-10-25,No,Yes,Linux,Edge,Bank Transfer,German,Afternoon,10,Individual,karen.garcia463@gmail.com,,0
22103,Linda Moore,linda.moore523@icloud.com,Mobile App,Bug Report,The application crashes whenever I try to upload a file.,The issue was escalated to engineering and resolved in the latest patch.,Low,Closed,Email,Australia,61,Male,Free,41,18,3,67.32,211.85,2023-08-31,2023-09-09,No,No,iOS,Unknown,PayPal,Chinese,Afternoon,1,Small Business,linda.moore523@icloud.com,,0
161045,Jennifer Martin,jennifer.martin300@company.com,CRM Platform,Payment Problem,The system is not syncing data across devices properly.,Subscription status corrected and confirmation email sent to customer.,High,Resolved,Social Media,Europe,29,Female,Basic,50,8,5,26.3,204.31,2022-04-13,2022-04-23,No,No,Linux,Safari,PayPal,Japanese,Evening,3,Corporate,jennifer.martin300@company.com,,0
39263,Barbara Martinez,barbara.martinez320@yahoo.com,Analytics Dashboard,Subscription Cancellation,I am unable to access my account after entering the correct credentials.,Data synchronization restored after backend service restart.,Medium,Pending Customer,Phone,Asia,44,Other,Free,33,14,1,39.94,99.09,2022-01-31,2022-02-12,No,No,Android,Unknown,PayPal,Spanish,Morning,10,Corporate,barbara.martinez320@yahoo.com,,0
41389,Thomas Martinez,thomas.martinez789@company.com,Analytics Dashboard,Bug Report,I found a bug in the latest update affecting report generation.,Subscription status corrected and confirmation email sent to customer.,Low,In Progress,Web Form,Europe,53,Other,Free,15,14,2,18.13,123.83,2022-05-27,2022-05-27,No,No,Linux,Edge,Debit Card,Spanish,Evening,7,Small Business,thomas.martinez789@company.com,,0
49175,Linda Anderson,linda.anderson634@gmail.com,Web Portal,Performance Issue,The payment was deducted from my bank account but the transaction shows failed.,Payment gateway timeout issue fixed and monitoring implemented.,Low,Pending Customer,Email,North America,24,Male,Premium,43,2,5,52.61,78.3,2024-09-24,2024-09-26,No,Yes,Windows,Safari,Crypto,German,Afternoon,3,Corporate,linda.anderson634@gmail.com,,0
156020,Karen Williams,karen.williams748@icloud.com,Cloud Storage,Payment Problem,I would like to request a refund for the recent charge.,Security settings updated and customer notified of precautionary measures.,High,Pending Customer,Phone,Australia,25,Female,Basic,46,11,3,3.36,78.98,2024-06-16,2024-06-24,Yes,No,Windows,Unknown,Credit Card,Chinese,Morning,4,Small Business,karen.williams748@icloud.com,,0
132583,Karen Anderson,karen.anderson443@gmail.com,Web Portal,Performance Issue,I found a bug in the latest update affecting report generation.,The duplicate charge was reversed and refund processed within 3-5 business days.,Medium,Resolved,Email,Africa,66,Other,Free,8,10,4,43.49,175.97,2024-07-26,2024-08-03,No,No,Windows,Firefox,Credit Card,French,Evening,1,Corporate,karen.anderson443@gmail.com,,0
97088,Michael Wilson,michael.wilson469@gmail.com,Web Portal,Bug Report,My subscription was cancelled without my request and I need clarification.,The duplicate charge was reversed and refund processed within 3-5 business days.,High,In Progress,Chat,Asia,51,Female,Enterprise,19,10,1,52.99,213.45,2023-11-01,2023-11-11,Yes,No,Windows,Firefox,Bank Transfer,Chinese,Evening,5,Individual,michael.wilson469@gmail.com,,0
194013,William Taylor,william.taylor86@gmail.com,Mobile App,Bug Report,The application crashes whenever I try to upload a file.,Data synchronization restored after backend service restart.,Low,Open,Chat,South America,71,Other,Premium,2,5,3,5.48,202.33,2024-11-24,2024-12-03,No,No,MacOS,Chrome,PayPal,English,Evening,2,Individual,william.taylor86@gmail.com,,0
120986,Mary Smith,mary.smith411@gmail.com,Subscription Service,Subscription Cancellation,The application crashes whenever I try to upload a file.,Bug logged internally and workaround shared with the customer.,Medium,Open,Email,Africa,26,Female,Free,49,5,4,70.28,191.01,2023-07-31,2023-08-05,Yes,Yes,Windows,Chrome,Credit Card,French,Evening,1,Corporate,mary.smith411@gmail.com,,0
137454,David Anderson,david.anderson813@yahoo.com,Cloud Storage,Subscription Cancellation,I found a bug in the latest update affecting report generation.,Data synchronization restored after backend service restart.,Urgent,Resolved,Email,Asia,46,Other,Basic,42,0,2,50.51,29.15,2023-09-03,2023-09-06,No,No,Windows,Unknown,Debit Card,English,Morning,10,Small Business,david.anderson813@yahoo.com,,0
182186,Jennifer Anderson,jennifer.anderson845@hotmail.com,Cloud Storage,Security Concern,I am unable to access my account after entering the correct credentials.,Security settings updated and customer notified of precautionary measures.,Urgent,Resolved,Phone,Europe,35,Other,Premium,55,2,4,52.48,41.82,2023-06-03,2023-06-05,No,Yes,iOS,Safari,Credit Card,Japanese,Night,5,Small Business,jennifer.anderson845@hotmail.com,,0
179268,Charles Miller,charles.miller419@gmail.com,Mobile App,Payment Problem,I found a bug in the latest update affecting report generation.,Explained billing breakdown and clarified applicable charges.,Urgent,Pending Customer,Email,Europe,36,Male,Premium,27,15,5,27.88,162.59,2023-05-24,2023-06-04,Yes,Yes,Android,Unknown,PayPal,German,Night,8,Corporate,charles.miller419@gmail.com,,0
140188,John Lopez,john.lopez444@company.com,Billing System,Refund Request,Two-factor authentication codes are not being delivered to my phone.,The issue was escalated to engineering and resolved in the latest patch.,Urgent,Pending Customer,Social Media,Asia,51,Female,Enterprise,54,1,5,44.0,209.8,2024-02-05,2024-02-09,No,No,Android,Chrome,Bank Transfer,Spanish,Morning,10,Small Business,john.lopez444@company.com,,0
147325,Michael Williams,michael.williams190@outlook.com,E-commerce Store,Account Suspension,The application crashes whenever I try to upload a file.,Provided step-by-step troubleshooting instructions and issue resolved.,Urgent,Closed,Web Form,Asia,22,Female,Premium,7,4,4,9.42,168.24,2024-12-05,2024-12-11,Yes,Yes,iOS,Firefox,Debit Card,Chinese,Morning,10,Corporate,michael.williams190@outlook.com,,0
74224,William Brown,william.brown556@gmail.com,CRM Platform,Data Sync Issue,Two-factor authentication codes are not being delivered to my phone.,Explained billing breakdown and clarified applicable charges.,Medium,Resolved,Phone,Australia,52,Male,Basic,9,7,4,16.46,132.67,2024-06-27,2024-07-03,Yes,Yes,Linux,Firefox,PayPal,Japanese,Evening,2,Individual,william.brown556@gmail.com,,0
99908,Elizabeth Garcia,elizabeth.garcia451@yahoo.com,API Service,Refund Request,The system is not syncing data across devices properly.,Bug logged internally and workaround shared with the customer.,High,Resolved,Phone,North America,44,Other,Free,24,5,1,10.16,104.41,2023-02-25,2023-03-07,No,No,iOS,Safari,Credit Card,Spanish,Morning,2,Corporate,elizabeth.garcia451@yahoo.com,,0
35107,David Hernandez,david.hernandez910@hotmail.com,Cloud Storage,Refund Request,The application crashes whenever I try to upload a file.,The issue was escalated to engineering and resolved in the latest patch.,Low,Open,Email,Europe,63,Male,Enterprise,25,19,3,68.51,201.27,2022-03-06,2022-03-18,Yes,No,Windows,Edge,Credit Card,French,Night,2,Small Business,david.hernandez910@hotmail.com,,0
192985,Sarah Williams,sarah.williams46@gmail.com,Cloud Storage,Subscription Cancellation,The system is not syncing data across devices properly.,Provided step-by-step troubleshooting instructions and issue resolved.,Medium,In Progress,Email,South America,35,Female,Free,56,6,4,16.61,26.65,2022-09-09,2022-09-17,Yes,Yes,Linux,Edge,Crypto,Japanese,Afternoon,5,Corporate,sarah.williams46@gmail.com,2022-03-14,0
69912,Barbara Brown,barbara.brown498@yahoo.com,Web Portal,Data Sync Issue,Two-factor authentication codes are not being delivered to my phone.,The issue was escalated to engineering and resolved in the latest patch.,Urgent,Resolved,Email,North America,70,Other,Enterprise,39,18,5,51.89,213.7,2024-03-04,2024-03-18,No,Yes,MacOS,Chrome,Crypto,Japanese,Evening,10,Small Business,barbara.brown498@yahoo.com,,0
16233,Patricia Davis,patricia.davis761@company.com,Payment Gateway,Account Suspension,I would like to request a refund for the recent charge.,Bug logged internally and workaround shared with the customer.,High,Pending Customer,Chat,South America,55,Other,Basic,24,8,2,37.18,192.67,2023-09-09,2023-09-15,No,No,MacOS,Chrome,Debit Card,Chinese,Afternoon,1,Small Business,patricia.davis761@company.com,,0
73252,James Anderson,james.anderson843@outlook.com,Analytics Dashboard,Payment Problem,I am unable to access my account after entering the correct credentials.,Payment gateway timeout issue fixed and monitoring implemented.,High,Open,Chat,Asia,65,Female,Free,51,18,3,66.72,54.62,2023-11-02,2023-11-12,Yes,No,Android,Chrome,Crypto,Chinese,Night,2,Small Business,james.anderson843@outlook.com,,0
38349,Karen Lopez,karen.lopez564@gmail.com,Mobile App,Refund Request,The application crashes whenever I try to upload a file.,Bug logged internally and workaround shared with the customer.,Urgent,Open,Email,South America,70,Male,Free,31,1,1,38.65,89.48,2023-08-04,2023-08-18,Yes,No,iOS,Safari,Crypto,Chinese,Afternoon,2,Small Business,karen.lopez564@gmail.com,,0
105045,James Miller,james.miller863@outlook.com,E-commerce Store,Bug Report,Two-factor authentication codes are not being delivered to my phone.,Provided step-by-step troubleshooting instructions and issue resolved.,Medium,In Progress,Email,South America,26,Female,Basic,45,15,3,15.51,214.22,2023-05-08,2023-05-13,No,Yes,Linux,Chrome,Crypto,German,Afternoon,2,Individual,james.miller863@outlook.com,,0
143696,William Jackson,william.jackson642@outlook.com,Subscription Service,Feature Request,I found a bug in the latest update affecting report generation.,The duplicate charge was reversed and refund processed within 3-5 business days.,Urgent,Closed,Chat,Africa,49,Female,Basic,44,5,2,27.72,8.62,2023-03-28,2023-04-06,Yes,No,Windows,Firefox,PayPal,French,Evening,3,Corporate,william.jackson642@outlook.com,,0
155075,Jessica Rodriguez,jessica.rodriguez565@company.com,Payment Gateway,Bug Report,There seems to be a discrepancy in my billing statement for this month.,Security settings updated and customer notified of precautionary measures.,Low,Resolved,Web Form,Asia,25,Female,Basic,2,14,4,26.11,222.05,2022-01-06,2022-01-16,No,No,MacOS,Chrome,Crypto,Chinese,Night,8,Corporate,jessica.rodriguez565@company.com,,0
13939,Karen Smith,karen.smith509@icloud.com,CRM Platform,Subscription Cancellation,I would like to request a refund for the recent charge.,Payment gateway timeout issue fixed and monitoring implemented.,Medium,Resolved,Phone,South America,55,Female,Basic,15,10,1,3.28,81.92,2024-02-21,2024-02-26,No,Yes,MacOS,Chrome,Debit Card,German,Night,4,Individual,karen.smith509@icloud.com,,0
72764,Robert Wilson,robert.wilson762@company.com,API Service,Subscription Cancellation,My subscription was cancelled without my request and I need clarification.,Payment gateway timeout issue fixed and monitoring implemented.,Medium,Resolved,Chat,Asia,28,Other,Enterprise,16,15,5,22.96,159.38,2024-12-02,2024-12-11,No,Yes,Android,Edge,Bank Transfer,Chinese,Evening,10,Individual,robert.wilson762@company.com,,0
186796,Susan Martin,susan.martin318@company.com,Cloud Storage,Refund Request,The payment was deducted from my bank account but the transaction shows failed.,Data synchronization restored after backend service restart.,High,Open,Phone,Africa,19,Male,Premium,37,3,3,63.65,148.56,2023-10-31,2023-11-04,Yes,No,Windows,Unknown,Debit Card,French,Evening,8,Corporate,susan.martin318@company.com,,0
105735,Richard Taylor,richard.taylor414@outlook.com,CRM Platform,Bug Report,I found a bug in the latest update affecting report generation.,Subscription status corrected and confirmation email sent to customer.,High,Open,Phone,Australia,53,Other,Basic,35,2,5,41.55,14.9,2022-04-30,2022-05-11,Yes,No,Linux,Firefox,Credit Card,Japanese,Morning,6,Corporate,richard.taylor414@outlook.com,,0
87188,Elizabeth Garcia,elizabeth.garcia894@company.com,API Service,Refund Request,I found a bug in the latest update affecting report generation.,The duplicate charge was reversed and refund processed within 3-5 business days.,Urgent,Open,Email,Australia,52,Other,Basic,22,13,4,1.16,129.01,2024-11-27,2024-11-28,Yes,No,Linux,Chrome,Debit Card,Spanish,Evening,8,Corporate,elizabeth.garcia894@company.com,,0
199244,Susan Johnson,susan.johnson621@icloud.com,Billing System,Payment Problem,The payment was deducted from my bank account but the transaction shows failed.,Data synchronization restored after backend service restart.,Low,Pending Customer,Chat,Australia,71,Other,Basic,25,8,2,23.32,48.17,2024-05-20,2024-06-03,Yes,No,Windows,Edge,PayPal,Chinese,Evening,10,Individual,susan.johnson621@icloud.com,,0
52120,Mary Williams,mary.williams230@outlook.com,Analytics Dashboard,Payment Problem,The application crashes whenever I try to upload a file.,Security settings updated and customer notified of precautionary measures.,High,Resolved,Chat,North America,27,Other,Premium,7,7,4,61.87,126.85,2023-08-28,2023-09-01,Yes,Yes,iOS,Chrome,Bank Transfer,Spanish,Morning,6,Small Business,mary.williams230@outlook.com,,0
74884,Linda Jones,linda.jones920@hotmail.com,Cloud Storage,Security Concern,There seems to be a discrepancy in my billing statement for this month.,Bug logged internally and workaround shared with the customer.,Urgent,Closed,Email,Australia,35,Male,Enterprise,8,6,2,26.31,6.03,2022-09-22,2022-10-05,No,No,Android,Unknown,Debit Card,Spanish,Afternoon,4,Individual,linda.jones920@hotmail.com,,0
73536,Jessica Lopez,jessica.lopez350@company.com,API Service,Bug Report,I found a bug in the latest update affecting report generation.,Data synchronization restored after backend service restart.,High,Closed,Phone,North America,29,Other,Basic,44,1,5,59.15,201.99,2024-08-05,2024-08-06,No,Yes,Linux,Firefox,Bank Transfer,German,Night,3,Small Business,jessica.lopez350@company.com,,0
93423,Sarah Anderson,sarah.anderson430@yahoo.com,E-commerce Store,Payment Problem,The application crashes whenever I try to upload a file.,The duplicate charge was reversed and refund processed within 3-5 business days.,Medium,Open,Email,Europe,32,Female,Basic,53,10,3,15.16,65.82,2022-01-10,2022-01-24,Yes,No,Linux,Firefox,Bank Transfer,French,Evening,10,Individual,sarah.anderson430@yahoo.com,,0
118134,John Brown,john.brown348@outlook.com,Subscription Service,Data Sync Issue,I would like to request a refund for the recent charge.,Provided step-by-step troubleshooting instructions and issue resolved.,High,Pending Customer,Chat,South America,32,Male,Premium,35,4,1,8.15,185.71,2022-02-11,2022-02-17,Yes,Yes,iOS,Unknown,Crypto,French,Evening,6,Individual,john.brown348@outlook.com,,0
172401,Robert Lopez,robert.lopez114@gmail.com,CRM Platform,Feature Request,Two-factor authentication codes are not being delivered to my phone.,We have reset the account credentials and advised the customer to retry login.,Low,Closed,Social Media,Europe,26,Other,Basic,41,14,3,18.07,204.62,2022-01-07,2022-01-08,Yes,No,iOS,Safari,PayPal,Japanese,Evening,4,Individual,robert.lopez114@gmail.com,,0
112415,Jessica Martin,jessica.martin595@outlook.com,CRM Platform,Login Issue,Two-factor authentication codes are not being delivered to my phone.,Subscription status corrected and confirmation email sent to customer.,Urgent,Resolved,Social Media,Africa,63,Female,Premium,29,2,2,8.71,218.25,2024-05-18,2024-06-01,Yes,Yes,iOS,Chrome,Crypto,Japanese,Night,9,Corporate,jessica.martin595@outlook.com,,0
119644,Patricia Garcia,patricia.garcia108@gmail.com,API Service,Subscription Cancellation,Two-factor authentication codes are not being delivered to my phone.,Explained billing breakdown and clarified applicable charges.,Low,Closed,Phone,Africa,68,Female,Enterprise,25,5,1,28.29,15.95,2023-03-11,2023-03-16,No,Yes,iOS,Chrome,Bank Transfer,English,Afternoon,4,Individual,patricia.garcia108@gmail.com,,0
2241,Barbara Jones,barbara.jones487@yahoo.com,CRM Platform,Login Issue,I would like to request a refund for the recent charge.,Security settings updated and customer notified of precautionary measures.,Low,Pending Customer,Email,Africa,53,Female,Free,46,6,5,17.05,120.62,2024-04-05,2024-04-05,Yes,Yes,Windows,Edge,PayPal,Spanish,Afternoon,1,Corporate,barbara.jones487@yahoo.com,,0
105947,Jessica Wilson,jessica.wilson424@gmail.com,API Service,Performance Issue,I am unable to access my account after entering the correct credentials.,Payment gateway timeout issue fixed and monitoring implemented.,Medium,Pending Customer,Social Media,South America,27,Other,Free,41,8,4,33.31,181.86,2024-05-07,2024-05-18,Yes,Yes,Windows,Safari,PayPal,German,Evening,4,Small Business,jessica.wilson424@gmail.com,,0
85353,Susan Moore,susan.moore59@outlook.com,Mobile App,Bug Report,I am unable to access my account after entering the correct credentials.,The duplicate charge was reversed and refund processed within 3-5 business days.,Urgent,Open,Chat,Europe,61,Other,Premium,2,17,3,69.08,181.61,2022-11-22,2022-12-01,No,No,Linux,Unknown,Credit Card,Chinese,Night,5,Small Business,susan.moore59@outlook.com,,0
26201,Richard Taylor,richard.taylor253@yahoo.com,Analytics Dashboard,Feature Request,My subscription was cancelled without my request and I need clarification.,Bug logged internally and workaround shared with the customer.,High,Open,Social Media,Australia,51,Female,Basic,10,11,4,58.41,51.44,2024-06-05,2024-06-14,Yes,No,Android,Chrome,Crypto,English,Afternoon,2,Corporate,richard.taylor253@yahoo.com,,0
183703,John Thomas,john.thomas724@icloud.com,API Service,Login Issue,The system is not syncing data across devices properly.,Bug logged internally and workaround shared with the customer.,Medium,Closed,Chat,Asia,49,Male,Enterprise,1,19,4,56.73,130.15,2022-09-19,2022-09-21,No,Yes,Android,Firefox,PayPal,Chinese,Night,3,Small Business,john.thomas724@icloud.com,,0
46800,Patricia Brown,patricia.brown811@hotmail.com,API Service,Refund Request,I would like to request a refund for the recent charge.,Bug logged internally and workaround shared with the customer.,Medium,Closed,Social Media,Africa,69,Female,Free,51,13,4,57.71,90.08,2023-10-01,2023-10-02,Yes,No,iOS,Unknown,Debit Card,German,Night,4,Individual,patricia.brown811@hotmail.com,,0
968,Richard Garcia,richard.garcia471@icloud.com,E-commerce Store,Account Suspension,My subscription was cancelled without my request and I need clarification.,Bug logged internally and workaround shared with the customer.,Urgent,Resolved,Social Media,Africa,50,Male,Basic,29,20,4,6.62,95.45,2022-12-19,2022-12-28,No,Yes,MacOS,Unknown,Crypto,Japanese,Morning,8,Small Business,richard.garcia471@icloud.com,,0
99841,Elizabeth Moore,elizabeth.moore175@outlook.com,CRM Platform,Account Suspension,The application crashes whenever I try to upload a file.,Data synchronization restored after backend service restart.,Medium,Closed,Social Media,South America,30,Female,Free,15,2,5,45.4,185.2,2023-05-29,2023-06-10,Yes,No,MacOS,Firefox,Bank Transfer,English,Night,8,Small Business,elizabeth.moore175@outlook.com,,0
906,Elizabeth Thomas,elizabeth.thomas774@yahoo.com,E-commerce Store,Feature Request,There seems to be a discrepancy in my billing statement for this month.,Provided step-by-step troubleshooting instructions and issue resolved.,Low,Pending Customer,Web Form,Asia,55,Male,Basic,23,2,1,19.14,187.82,2023-04-24,2023-04-25,No,No,Linux,Safari,Debit Card,English,Afternoon,1,Small Business,elizabeth.thomas774@yahoo.com,,0
110271,Mary Lopez,mary.lopez920@icloud.com,Subscription Service,Subscription Cancellation,I am experiencing very slow performance while using the dashboard.,Data synchronization restored after backend service restart.,Medium,Closed,Chat,North America,38,Other,Basic,48,9,2,28.69,49.55,2023-02-12,2023-02-15,Yes,No,Linux,Chrome,Crypto,German,Night,2,Corporate,mary.lopez920@icloud.com,,0
80313,Jessica Johnson,jessica.johnson295@gmail.com,Analytics Dashboard,Performance Issue,Two-factor authentication codes are not being delivered to my phone.,Subscription status corrected and confirmation email sent to customer.,Urgent,Resolved,Email,Africa,25,Male,Enterprise,23,1,5,5.9,211.85,2024-07-22,2024-08-03,No,No,Windows,Edge,Credit Card,Spanish,Morning,1,Corporate,jessica.johnson295@gmail.com,,0
58634,Barbara Garcia,barbara.garcia554@icloud.com,Payment Gateway,Account Suspension,I am unable to access my account after entering the correct credentials.,Data synchronization restored after backend service restart.,Urgent,Resolved,Web Form,North America,25,Male,Free,55,5,2,26.58,77.21,2023-01-12,2023-01-25,No,No,Linux,Firefox,Bank Transfer,English,Night,1,Corporate,barbara.garcia554@icloud.com,,0
159550,William Martin,william.martin957@icloud.com,Mobile App,Payment Problem,The application crashes whenever I try to upload a file.,Bug logged internally and workaround shared with the customer.,High,In Progress,Social Media,Asia,21,Other,Free,54,0,4,68.89,235.94,2024-05-08,2024-05-17,No,Yes,iOS,Edge,Bank Transfer,Spanish,Afternoon,8,Small Business,william.martin957@icloud.com,,0
134476,William Brown,william.brown109@gmail.com,Cloud Storage,Data Sync Issue,I would like to request a refund for the recent charge.,We have reset the account credentials and advised the customer to retry login.,Low,Open,Chat,Europe,31,Male,Premium,15,13,4,9.21,145.82,2023-08-28,2023-09-09,Yes,No,iOS,Firefox,Debit Card,French,Night,7,Corporate,william.brown109@gmail.com,,0
3641,Michael Jones,michael.jones495@gmail.com,Analytics Dashboard,Login Issue,I found a bug in the latest update affecting report generation.,We have reset the account credentials and advised the customer to retry login.,Urgent,Resolved,Email,Europe,57,Female,Basic,5,2,3,28.67,223.32,2023-04-10,2023-04-12,Yes,No,Windows,Edge,Debit Card,German,Night,9,Individual,michael.jones495@gmail.com,,0
106229,Jessica Miller,jessica.miller244@company.com,Payment Gateway,Account Suspension,There seems to be a discrepancy in my billing statement for this month.,The duplicate charge was reversed and refund processed within 3-5 business days.,Urgent,Resolved,Phone,Africa,39,Female,Enterprise,55,2,5,40.0,74.78,2024-08-17,2024-08-31,Yes,No,Windows,Firefox,Debit Card,French,Afternoon,8,Corporate,jessica.miller244@company.com,,0
195564,Charles Wilson,charles.wilson811@hotmail.com,Analytics Dashboard,Performance Issue,There seems to be a discrepancy in my billing statement for this month.,We have reset the account credentials and advised the customer to retry login.,Medium,Closed,Phone,Africa,57,Other,Free,4,9,5,50.44,62.56,2024-05-07,2024-05-12,Yes,Yes,Linux,Edge,Crypto,Chinese,Morning,10,Individual,charles.wilson811@hotmail.com,,0
121069,Thomas Moore,thomas.moore301@yahoo.com,Analytics Dashboard,Subscription Cancellation,There seems to be a discrepancy in my billing statement for this month.,Security settings updated and customer notified of precautionary measures.,Urgent,In Progress,Web Form,Australia,19,Other,Free,13,1,4,42.77,153.63,2023-04-23,2023-05-01,Yes,No,Linux,Safari,Debit Card,German,Night,5,Small Business,thomas.moore301@yahoo.com,,0
56938,James Miller,james.miller182@hotmail.com,Subscription Service,Refund Request,I am unable to access my account after entering the correct credentials.,We have reset the account credentials and advised the customer to retry login.,Low,Resolved,Social Media,South America,60,Female,Free,39,15,4,20.41,192.5,2024-08-26,2024-08-30,No,No,Windows,Chrome,Credit Card,French,Morning,1,Small Business,james.miller182@hotmail.com,,0
18096,John Brown,john.brown285@gmail.com,Analytics Dashboard,Payment Problem,My subscription was cancelled without my request and I need clarification.,Subscription status corrected and confirmation email sent to customer.,Medium,Pending Customer,Chat,South America,24,Other,Free,45,9,3,25.57,174.33,2022-02-27,2022-02-28,No,No,Android,Firefox,Bank Transfer,English,Night,8,Small Business,john.brown285@gmail.com,,0
38391,Jennifer Hernandez,jennifer.hernandez127@hotmail.com,Billing System,Performance Issue,The system is not syncing data across devices properly.,The duplicate charge was reversed and refund processed within 3-5 business days.,High,In Progress,Email,North America,41,Male,Enterprise,16,5,3,65.03,239.33,2022-11-21,2022-12-01,Yes,No,Linux,Unknown,Credit Card,Japanese,Afternoon,6,Corporate,jennifer.hernandez127@hotmail.com,,0
86889,Charles Jones,charles.jones303@outlook.com,Subscription Service,Payment Problem,I am experiencing very slow performance while using the dashboard.,Provided step-by-step troubleshooting instructions and issue resolved.,Low,Resolved,Web Form,Africa,53,Other,Free,26,3,5,56.94,152.16,2024-11-16,2024-11-24,No,No,Windows,Firefox,Debit Card,German,Afternoon,7,Corporate,charles.jones303@outlook.com,,0
74821,Elizabeth Miller,elizabeth.miller915@hotmail.com,API Service,Subscription Cancellation,I am experiencing very slow performance while using the dashboard.,The duplicate charge was reversed and refund processed within 3-5 business days.,High,Resolved,Email,Africa,23,Other,Basic,51,12,3,70.32,233.21,2024-02-22,2024-03-06,No,Yes,Windows,Chrome,Debit Card,English,Afternoon,3,Individual,elizabeth.miller915@hotmail.com,,0
146537,Thomas Martinez,thomas.martinez919@icloud.com,E-commerce Store,Data Sync Issue,Two-factor authentication codes are not being delivered to my phone.,Explained billing breakdown and clarified applicable charges.,Medium,Closed,Email,Asia,39,Male,Basic,50,8,4,70.02,79.97,2024-06-28,2024-06-30,No,Yes,Android,Safari,Debit Card,German,Morning,10,Corporate,thomas.martinez919@icloud.com,,0
53485,David Davis,david.davis19@gmail.com,Payment Gateway,Security Concern,Two-factor authentication codes are not being delivered to my phone.,The issue was escalated to engineering and resolved in the latest patch.,High,In Progress,Phone,Australia,20,Female,Premium,33,13,2,60.08,95.23,2023-02-17,2023-02-25,No,No,iOS,Unknown,PayPal,English,Evening,9,Corporate,david.davis19@gmail.com,,0
82042,Elizabeth Brown,elizabeth.brown520@outlook.com,Cloud Storage,Feature Request,I found a bug in the latest update affecting report generation.,Explained billing breakdown and clarified applicable charges.,Low,Closed,Social Media,South America,67,Other,Free,17,0,1,57.29,95.61,2022-01-28,2022-02-10,No,Yes,iOS,Edge,Debit Card,German,Afternoon,6,Individual,elizabeth.brown520@outlook.com,,0
180043,Jessica Miller,jessica.miller894@company.com,Web Portal,Payment Problem,There seems to be a discrepancy in my billing statement for this month.,We have reset the account credentials and advised the customer to retry login.,Low,Pending Customer,Phone,Asia,68,Other,Enterprise,19,12,4,69.11,169.95,2023-04-26,2023-04-28,No,No,iOS,Unknown,Debit Card,Chinese,Morning,7,Corporate,jessica.miller894@company.com,,0
118060,Michael Jackson,michael.jackson319@outlook.com,Web Portal,Bug Report,The system is not syncing data across devices properly.,We have reset the account credentials and advised the customer to retry login.,Urgent,Pending Customer,Web Form,Asia,74,Female,Free,9,12,5,41.44,29.32,2024-08-06,2024-08-06,Yes,No,Android,Chrome,Bank Transfer,Japanese,Evening,10,Individual,michael.jackson319@outlook.com,,0
73677,John Martinez,john.martinez203@hotmail.com,Subscription Service,Login Issue,There seems to be a discrepancy in my billing statement for this month.,Payment gateway timeout issue fixed and monitoring implemented.,Low,Pending Customer,Chat,Australia,39,Male,Premium,25,17,1,42.63,160.86,2022-01-09,2022-01-09,No,Yes,MacOS,Edge,PayPal,Spanish,Afternoon,3,Individual,john.martinez203@hotmail.com,,0
170743,James Miller,james.miller919@gmail.com,API Service,Payment Problem,I am unable to access my account after entering the correct credentials.,Bug logged internally and workaround shared with the customer.,Medium,Pending Customer,Phone,Australia,33,Female,Free,16,7,3,53.74,134.25,2022-12-25,2023-01-02,Yes,Yes,Linux,Safari,Crypto,Japanese,Afternoon,1,Corporate,james.miller919@gmail.com,,0
12831,Elizabeth Thomas,elizabeth.thomas840@yahoo.com,API Service,Account Suspension,There seems to be a discrepancy in my billing statement for this month.,We have reset the account credentials and advised the customer to retry login.,Urgent,Open,Phone,Europe,38,Male,Free,34,0,2,29.41,80.24,2024-08-25,2024-09-03,Yes,Yes,MacOS,Edge,Credit Card,Spanish,Night,2,Corporate,elizabeth.thomas840@yahoo.com,,0
22365,Elizabeth Thomas,elizabeth.thomas491@gmail.com,API Service,Data Sync Issue,The system is not syncing data across devices properly.,The issue was escalated to engineering and resolved in the latest patch.,Medium,In Progress,Social Media,North America,67,Male,Premium,28,16,5,51.77,156.09,2024-08-23,2024-09-02,Yes,Yes,Windows,Edge,Bank Transfer,Chinese,Morning,3,Corporate,elizabeth.thomas491@gmail.com,,0
135692,Charles Anderson,charles.anderson927@icloud.com,Cloud Storage,Security Concern,Two-factor authentication codes are not being delivered to my phone.,Bug logged internally and workaround shared with the customer.,High,Closed,Phone,Australia,24,Other,Basic,19,5,4,52.11,73.06,2023-10-20,2023-10-21,Yes,Yes,Android,Edge,Credit Card,Japanese,Morning,2,Corporate,charles.anderson927@icloud.com,,0
41535,David Gonzalez,david.gonzalez447@icloud.com,Billing System,Bug Report,I found a bug in the latest update affecting report generation.,The issue was escalated to engineering and resolved in the latest patch.,Urgent,Open,Web Form,Africa,48,Male,Premium,50,7,5,54.47,75.66,2023-04-26,2023-04-29,No,Yes,MacOS,Unknown,Crypto,Japanese,Morning,8,Small Business,david.gonzalez447@icloud.com,,0
122986,Sarah Rodriguez,sarah.rodriguez623@gmail.com,Web Portal,Data Sync Issue,The application crashes whenever I try to upload a file.,Provided step-by-step troubleshooting instructions and issue resolved.,Urgent,Open,Web Form,South America,18,Male,Premium,17,0,4,12.46,91.34,2023-09-13,2023-09-26,No,No,Linux,Chrome,PayPal,German,Morning,5,Corporate,sarah.rodriguez623@gmail.com,,0
192762,Elizabeth Anderson,elizabeth.anderson485@gmail.com,Cloud Storage,Account Suspension,The payment was deducted from my bank account but the transaction shows failed.,The duplicate charge was reversed and refund processed within 3-5 business days.,Low,Open,Phone,Europe,27,Female,Enterprise,2,7,3,23.5,234.07,2023-10-26,2023-11-08,Yes,No,Windows,Unknown,Crypto,Spanish,Evening,7,Individual,elizabeth.anderson485@gmail.com,,0
44985,Jennifer Wilson,jennifer.wilson309@gmail.com,Payment Gateway,Performance Issue,There seems to be a discrepancy in my billing statement for this month.,The issue was escalated to engineering and resolved in the latest patch.,High,Resolved,Email,South America,73,Other,Free,25,5,1,19.46,198.87,2022-10-14,2022-10-17,No,No,Windows,Firefox,Debit Card,French,Afternoon,9,Corporate,jennifer.wilson309@gmail.com,,0
67561,Thomas Garcia,thomas.garcia127@icloud.com,E-commerce Store,Security Concern,I found a bug in the latest update affecting report generation.,Subscription status corrected and confirmation email sent to customer.,Medium,Closed,Social Media,North America,48,Male,Basic,8,14,5,59.12,71.28,2023-08-29,2023-09-05,Yes,Yes,Android,Unknown,Crypto,French,Night,8,Small Business,thomas.garcia127@icloud.com,,0
60388,Joseph Thomas,joseph.thomas149@outlook.com,Analytics Dashboard,Payment Problem,Two-factor authentication codes are not being delivered to my phone.,Explained billing breakdown and clarified applicable charges.,Medium,In Progress,Web Form,North America,37,Male,Enterprise,23,7,5,21.04,81.2,2022-01-10,2022-01-17,No,No,MacOS,Unknown,Crypto,French,Afternoon,9,Corporate,joseph.thomas149@outlook.com,,0
195789,Elizabeth Miller,elizabeth.miller498@company.com,Payment Gateway,Security Concern,I am experiencing very slow performance while using the dashboard.,We have reset the account credentials and advised the customer to retry login.,Low,In Progress,Social Media,South America,57,Other,Premium,30,16,5,1.73,157.6,2023-04-29,2023-05-01,No,Yes,Android,Safari,Crypto,Spanish,Evening,7,Corporate,elizabeth.miller498@company.com,,0
13781,Mary Martin,mary.martin380@outlook.com,Analytics Dashboard,Payment Problem,I would like to request a refund for the recent charge.,Payment gateway timeout issue fixed and monitoring implemented.,Medium,Closed,Phone,Africa,31,Female,Enterprise,57,10,1,5.6,15.19,2024-08-08,2024-08-19,No,Yes,Android,Firefox,Bank Transfer,Spanish,Night,4,Individual,mary.martin380@outlook.com,2022-08-25,0
161848,Sarah Hernandez,sarah.hernandez919@icloud.com,Payment Gateway,Refund Request,I would like to request a refund for the recent charge.,We have reset the account credentials and advised the customer to retry login.,Medium,Open,Social Media,South America,74,Other,Enterprise,35,17,3,30.92,15.28,2022-04-15,2022-04-28,No,No,MacOS,Firefox,Bank Transfer,French,Morning,3,Individual,sarah.hernandez919@icloud.com,,0
85831,Patricia Jones,patricia.jones47@yahoo.com,Analytics Dashboard,Performance Issue,The payment was deducted from my bank account but the transaction shows failed.,Provided step-by-step troubleshooting instructions and issue resolved.,Urgent,Resolved,Chat,Asia,68,Female,Free,13,1,4,13.56,124.23,2023-10-13,2023-10-14,Yes,Yes,Windows,Unknown,PayPal,Spanish,Morning,5,Individual,patricia.jones47@yahoo.com,2022-09-05,0
78038,Jessica Garcia,jessica.garcia883@hotmail.com,Subscription Service,Subscription Cancellation,I am unable to access my account after entering the correct credentials.,The issue was escalated to engineering and resolved in the latest patch.,Medium,Open,Phone,Asia,31,Other,Basic,12,5,4,46.67,75.59,2024-10-15,2024-10-26,Yes,No,Windows,Firefox,PayPal,Japanese,Evening,7,Small Business,jessica.garcia883@hotmail.com,,0
126613,David Williams,david.williams607@company.com,CRM Platform,Feature Request,I would like to request a refund for the recent charge.,Data synchronization restored after backend service restart.,High,In Progress,Email,Africa,75,Female,Premium,27,0,2,10.97,102.7,2022-12-06,2022-12-19,No,No,Android,Edge,Crypto,Spanish,Morning,3,Small Business,david.williams607@company.com,,0
168825,Joseph Thomas,joseph.thomas12@gmail.com,Billing System,Feature Request,There seems to be a discrepancy in my billing statement for this month.,Data synchronization restored after backend service restart.,Medium,In Progress,Social Media,Asia,34,Other,Basic,41,15,5,49.36,72.06,2024-02-07,2024-02-09,Yes,No,Windows,Edge,PayPal,Spanish,Night,7,Individual,joseph.thomas12@gmail.com,,0
125121,Jessica Thomas,jessica.thomas18@company.com,E-commerce Store,Payment Problem,Two-factor authentication codes are not being delivered to my phone.,Data synchronization restored after backend service restart.,Urgent,Resolved,Chat,South America,18,Female,Basic,48,19,4,23.72,88.46,2024-05-26,2024-06-01,No,No,Android,Chrome,PayPal,German,Evening,2,Corporate,jessica.thomas18@company.com,,0
27350,Jennifer Thomas,jennifer.thomas976@icloud.com,Analytics Dashboard,Bug Report,I found a bug in the latest update affecting report generation.,Bug logged internally and workaround shared with the customer.,Medium,Open,Phone,Australia,65,Female,Free,5,2,1,64.18,68.03,2022-03-10,2022-03-10,No,Yes,MacOS,Unknown,Bank Transfer,Spanish,Evening,10,Small Business,jennifer.thomas976@icloud.com,,0
185589,Jessica Smith,jessica.smith656@hotmail.com,CRM Platform,Data Sync Issue,The payment was deducted from my bank account but the transaction shows failed.,Explained billing breakdown and clarified applicable charges.,Medium,Pending Customer,Web Form,Europe,20,Female,Basic,59,8,1,70.54,14.03,2022-11-23,2022-11-24,Yes,Yes,Linux,Safari,Credit Card,Chinese,Evening,8,Corporate,jessica.smith656@hotmail.com,,0
140870,Jessica Williams,jessica.williams220@yahoo.com,Mobile App,Refund Request,I would like to request a refund for the recent charge.,Security settings updated and customer notified of precautionary measures.,Low,Open,Web Form,Europe,55,Female,Free,15,20,5,62.73,209.91,2022-01-24,2022-02-06,No,No,MacOS,Edge,Credit Card,Japanese,Night,2,Individual,jessica.williams220@yahoo.com,,0
88672,Charles Martin,charles.martin389@hotmail.com,Mobile App,Account Suspension,My subscription was cancelled without my request and I need clarification.,Payment gateway timeout issue fixed and monitoring implemented.,Low,Closed,Social Media,Africa,35,Other,Enterprise,25,0,1,59.78,129.16,2024-02-08,2024-02-12,Yes,No,Linux,Unknown,Debit Card,Japanese,Morning,10,Small Business,charles.martin389@hotmail.com,,0
54066,Robert Gonzalez,robert.gonzalez361@gmail.com,API Service,Subscription Cancellation,I am experiencing very slow performance while using the dashboard.,Bug logged internally and workaround shared with the customer.,Medium,In Progress,Web Form,Australia,59,Male,Basic,23,7,1,45.72,44.57,2023-04-06,2023-04-16,Yes,No,Windows,Chrome,Credit Card,Spanish,Afternoon,10,Small Business,robert.gonzalez361@gmail.com,,0
61169,John Davis,john.davis585@hotmail.com,Cloud Storage,Payment Problem,There seems to be a discrepancy in my billing statement for this month.,Explained billing breakdown and clarified applicable charges.,Medium,Open,Email,North America,39,Other,Enterprise,49,3,3,66.95,64.5,2022-08-28,2022-09-03,No,Yes,iOS,Firefox,Debit Card,Japanese,Night,6,Small Business,john.davis585@hotmail.com,,0
129892,Thomas Rodriguez,thomas.rodriguez747@yahoo.com,API Service,Subscription Cancellation,Two-factor authentication codes are not being delivered to my phone.,Data synchronization restored after backend service restart.,High,In Progress,Social Media,Europe,35,Other,Premium,10,0,4,5.34,174.47,2023-07-18,2023-07-26,No,Yes,Linux,Firefox,Debit Card,English,Evening,8,Small Business,thomas.rodriguez747@yahoo.com,,0
44070,Patricia Jackson,patricia.jackson961@hotmail.com,E-commerce Store,Account Suspension,I found a bug in the latest update affecting report generation.,Payment gateway timeout issue fixed and monitoring implemented.,High,Closed,Phone,South America,66,Male,Free,11,3,2,3.7,200.34,2024-01-04,2024-01-04,No,No,Android,Edge,Debit Card,Japanese,Evening,7,Small Business,patricia.jackson961@hotmail.com,,0
140657,Elizabeth Miller,elizabeth.miller833@gmail.com,E-commerce Store,Security Concern,The application crashes whenever I try to upload a file.,Security settings updated and customer notified of precautionary measures.,Low,Resolved,Phone,Australia,26,Female,Premium,58,18,1,48.74,124.43,2024-09-22,2024-09-26,Yes,No,Linux,Edge,Bank Transfer,Japanese,Evening,10,Individual,elizabeth.miller833@gmail.com,,0
185390,James Martinez,james.martinez287@outlook.com,Subscription Service,Data Sync Issue,My subscription was cancelled without my request and I need clarification.,The issue was escalated to engineering and resolved in the latest patch.,High,In Progress,Phone,Australia,60,Other,Free,45,9,5,25.16,17.12,2023-09-16,2023-09-26,Yes,No,Linux,Firefox,Crypto,German,Night,8,Small Business,james.martinez287@outlook.com,,0
160280,Sarah Anderson,sarah.anderson997@icloud.com,API Service,Feature Request,I would like to request a refund for the recent charge.,Bug logged internally and workaround shared with the customer.,Urgent,Closed,Social Media,South America,60,Female,Free,13,19,5,6.26,34.75,2024-11-22,2024-11-25,Yes,No,iOS,Firefox,PayPal,English,Morning,1,Corporate,sarah.anderson997@icloud.com,2022-02-09,0
31266,James Martin,james.martin424@hotmail.com,Analytics Dashboard,Performance Issue,I am experiencing very slow performance while using the dashboard.,Provided step-by-step troubleshooting instructions and issue resolved.,Low,Open,Email,Europe,69,Female,Enterprise,55,7,4,47.41,230.22,2024-04-09,2024-04-21,Yes,No,Windows,Edge,Credit Card,Japanese,Night,5,Small Business,james.martin424@hotmail.com,,0
121215,Mary Smith,mary.smith993@hotmail.com,Billing System,Login Issue,The application crashes whenever I try to upload a file.,Subscription status corrected and confirmation email sent to customer.,Medium,Closed,Web Form,Europe,29,Male,Premium,9,3,1,6.69,27.82,2022-12-14,2022-12-22,Yes,No,Linux,Unknown,Debit Card,Japanese,Morning,4,Small Business,mary.smith993@hotmail.com,,0
174694,Michael Rodriguez,michael.rodriguez410@company.com,Subscription Service,Performance Issue,I found a bug in the latest update affecting report generation.,Provided step-by-step troubleshooting instructions and issue resolved.,Urgent,In Progress,Social Media,Africa,32,Other,Free,60,17,3,2.79,117.25,2022-11-22,2022-12-05,Yes,Yes,Windows,Firefox,PayPal,French,Morning,9,Small Business,michael.rodriguez410@company.com,,0
122877,Joseph Lopez,joseph.lopez677@outlook.com,Cloud Storage,Security Concern,I found a bug in the latest update affecting report generation.,Security settings updated and customer notified of precautionary measures.,High,In Progress,Phone,Africa,27,Other,Basic,11,7,2,24.1,81.29,2024-02-15,2024-02-20,Yes,Yes,iOS,Chrome,Bank Transfer,Spanish,Morning,1,Small Business,joseph.lopez677@outlook.com,,0
69258,Barbara Martinez,barbara.martinez845@hotmail.com,Payment Gateway,Bug Report,The application crashes whenever I try to upload a file.,Payment gateway timeout issue fixed and monitoring implemented.,Low,Closed,Chat,Europe,56,Other,Premium,55,20,4,1.99,237.09,2023-08-17,2023-08-18,No,Yes,Android,Safari,Crypto,Chinese,Evening,2,Corporate,barbara.martinez845@hotmail.com,,0
20294,Jennifer Johnson,jennifer.johnson33@company.com,Billing System,Performance Issue,My subscription was cancelled without my request and I need clarification.,Subscription status corrected and confirmation email sent to customer.,Urgent,Pending Customer,Social Media,Asia,68,Female,Free,36,11,1,19.38,170.19,2022-01-15,2022-01-19,No,No,iOS,Chrome,PayPal,English,Afternoon,6,Individual,jennifer.johnson33@company.com,,0
102791,Michael Moore,michael.moore663@company.com,Mobile App,Subscription Cancellation,I found a bug in the latest update affecting report generation.,Provided step-by-step troubleshooting instructions and issue resolved.,Low,Resolved,Social Media,South America,42,Other,Basic,33,12,5,31.13,219.63,2024-08-31,2024-09-05,Yes,No,Linux,Edge,Credit Card,Chinese,Evening,9,Small Business,michael.moore663@company.com,,0
40463,Joseph Thomas,joseph.thomas312@icloud.com,Billing System,Performance Issue,There seems to be a discrepancy in my billing statement for this month.,Security settings updated and customer notified of precautionary measures.,High,In Progress,Web Form,Asia,39,Other,Premium,18,8,2,51.36,48.93,2024-10-05,2024-10-10,No,No,iOS,Edge,PayPal,English,Evening,1,Individual,joseph.thomas312@icloud.com,,0
194973,Patricia Hernandez,patricia.hernandez135@icloud.com,API Service,Data Sync Issue,I am unable to access my account after entering the correct credentials.,Provided step-by-step troubleshooting instructions and issue resolved.,Low,Pending Customer,Email,North America,29,Male,Premium,45,16,5,14.4,146.31,2024-11-10,2024-11-22,No,No,MacOS,Chrome,PayPal,Chinese,Night,2,Individual,patricia.hernandez135@icloud.com,,0
195918,Linda Brown,linda.brown190@company.com,Web Portal,Performance Issue,The system is not syncing data across devices properly.,The issue was escalated to engineering and resolved in the latest patch.,Medium,Pending Customer,Social Media,Australia,64,Other,Premium,28,20,1,6.54,220.64,2022-04-28,2022-05-03,No,No,Android,Unknown,Crypto,Japanese,Afternoon,9,Individual,linda.brown190@company.com,,0
191598,Michael Moore,michael.moore700@hotmail.com,API Service,Payment Problem,I am unable to access my account after entering the correct credentials.,Explained billing breakdown and clarified applicable charges.,Urgent,Pending Customer,Chat,South America,33,Male,Premium,44,9,2,21.86,11.96,2022-06-09,2022-06-13,Yes,No,MacOS,Firefox,PayPal,English,Night,3,Corporate,michael.moore700@hotmail.com,,0
40847,Mary Smith,mary.smith77@outlook.com,Subscription Service,Refund Request,I am unable to access my account after entering the correct credentials.,Data synchronization restored after backend service restart.,Low,Pending Customer,Social Media,Asia,49,Other,Basic,2,14,4,3.54,185.25,2022-06-10,2022-06-22,No,Yes,MacOS,Unknown,Debit Card,Chinese,Evening,2,Individual,mary.smith77@outlook.com,,0
181137,Patricia Hernandez,patricia.hernandez540@company.com,CRM Platform,Account Suspension,I would like to request a refund for the recent charge.,Subscription status corrected and confirmation email sent to customer.,Medium,In Progress,Email,Europe,59,Female,Basic,56,11,1,66.62,163.27,2023-06-25,2023-07-07,No,Yes,Windows,Chrome,Credit Card,French,Night,9,Corporate,patricia.hernandez540@company.com,,0
133130,David Martinez,david.martinez865@yahoo.com,Cloud Storage,Refund Request,The system is not syncing data across devices properly.,Payment gateway timeout issue fixed and monitoring implemented.,Urgent,Pending Customer,Social Media,Australia,54,Other,Free,26,15,1,36.63,189.48,2022-04-06,2022-04-17,Yes,Yes,Android,Firefox,Debit Card,French,Night,2,Small Business,david.martinez865@yahoo.com,,0
153247,David Smith,david.smith334@hotmail.com,Cloud Storage,Feature Request,I am experiencing very slow performance while using the dashboard.,We have reset the account credentials and advised the customer to retry login.,Urgent,Open,Social Media,Africa,46,Other,Premium,9,5,2,10.08,222.37,2024-12-14,2024-12-20,Yes,No,iOS,Edge,Crypto,Spanish,Evening,1,Small Business,david.smith334@hotmail.com,,0
61365,Linda Wilson,linda.wilson224@company.com,Billing System,Security Concern,I am experiencing very slow performance while using the dashboard.,We have reset the account credentials and advised the customer to retry login.,Low,Open,Chat,Australia,39,Male,Enterprise,57,11,1,2.8,111.42,2022-08-25,2022-08-25,Yes,No,Linux,Unknown,Bank Transfer,Spanish,Evening,7,Corporate,linda.wilson224@company.com,,0
52959,Elizabeth Miller,elizabeth.miller113@hotmail.com,Web Portal,Performance Issue,My subscription was cancelled without my request and I need clarification.,Subscription status corrected and confirmation email sent to customer.,High,Resolved,Social Media,Asia,46,Female,Free,14,7,4,70.94,27.26,2024-07-07,2024-07-10,No,No,iOS,Firefox,Debit Card,German,Night,8,Individual,elizabeth.miller113@hotmail.com,,0
4173,Karen Garcia,karen.garcia442@yahoo.com,API Service,Login Issue,The application crashes whenever I try to upload a file.,Bug logged internally and workaround shared with the customer.,Low,Resolved,Web Form,South America,33,Male,Basic,12,15,1,38.0,61.39,2024-04-04,2024-04-13,Yes,Yes,iOS,Safari,Credit Card,Japanese,Night,1,Corporate,karen.garcia442@yahoo.com,,0
98761,James Martin,james.martin479@company.com,API Service,Performance Issue,I am unable to access my account after entering the correct credentials.,The issue was escalated to engineering and resolved in the latest patch.,Low,Pending Customer,Chat,Australia,20,Female,Premium,20,18,5,56.22,87.6,2022-03-17,2022-03-19,Yes,Yes,MacOS,Chrome,Crypto,French,Morning,10,Corporate,james.martin479@company.com,,0
57620,Thomas Martin,thomas.martin164@outlook.com,Analytics Dashboard,Security Concern,There seems to be a discrepancy in my billing statement for this month.,Bug logged internally and workaround shared with the customer.,Low,Open,Phone,Australia,42,Female,Premium,31,11,1,65.08,139.92,2022-12-30,2023-01-12,Yes,Yes,Windows,Firefox,Debit Card,English,Afternoon,2,Small Business,thomas.martin164@outlook.com,,0
166282,Mary Jackson,mary.jackson835@yahoo.com,Billing System,Security Concern,I found a bug in the latest update affecting report generation.,Bug logged internally and workaround shared with the customer.,Medium,Pending Customer,Chat,North America,54,Male,Basic,22,15,5,27.16,96.47,2022-01-13,2022-01-24,No,No,Android,Unknown,Crypto,French,Morning,7,Small Business,mary.jackson835@yahoo.com,,0
145251,Elizabeth Hernandez,elizabeth.hernandez324@gmail.com,Cloud Storage,Bug Report,My subscription was cancelled without my request and I need clarification.,The duplicate charge was reversed and refund processed within 3-5 business days.,Urgent,In Progress,Phone,Asia,70,Other,Free,39,9,1,8.9,97.91,2022-08-04,2022-08-10,Yes,No,Android,Firefox,Credit Card,Chinese,Morning,8,Small Business,elizabeth.hernandez324@gmail.com,,0
112178,John Martin,john.martin130@yahoo.com,Payment Gateway,Security Concern,I am experiencing very slow performance while using the dashboard.,Provided step-by-step troubleshooting instructions and issue resolved.,High,Open,Phone,Asia,33,Male,Premium,32,10,5,21.88,179.04,2024-07-15,2024-07-20,Yes,Yes,MacOS,Safari,Bank Transfer,Spanish,Morning,2,Corporate,john.martin130@yahoo.com,,0
175034,David Hernandez,david.hernandez733@outlook.com,API Service,Data Sync Issue,The system is not syncing data across devices properly.,Provided step-by-step troubleshooting instructions and issue resolved.,Low,In Progress,Social Media,Europe,39,Other,Free,22,14,1,16.12,112.26,2024-12-30,2025-01-03,Yes,Yes,Android,Edge,Crypto,Japanese,Evening,1,Small Business,david.hernandez733@outlook.com,,0
162620,Susan Gonzalez,susan.gonzalez112@yahoo.com,Mobile App,Login Issue,The application crashes whenever I try to upload a file.,Data synchronization restored after backend service restart.,Low,Pending Customer,Phone,Europe,54,Other,Basic,10,7,1,44.42,82.92,2022-10-12,2022-10-23,No,Yes,Android,Firefox,Crypto,French,Morning,1,Individual,susan.gonzalez112@yahoo.com,,0
161880,William Miller,william.miller572@yahoo.com,API Service,Feature Request,I am unable to access my account after entering the correct credentials.,Data synchronization restored after backend service restart.,Medium,Pending Customer,Phone,North America,36,Female,Basic,26,19,4,26.21,132.61,2023-06-14,2023-06-14,Yes,No,MacOS,Edge,Debit Card,Spanish,Night,5,Individual,william.miller572@yahoo.com,,0
120780,James Wilson,james.wilson820@yahoo.com,Subscription Service,Refund Request,I am unable to access my account after entering the correct credentials.,We have reset the account credentials and advised the customer to retry login.,Low,In Progress,Chat,Europe,29,Female,Free,10,2,5,67.66,157.53,2022-06-19,2022-07-01,Yes,No,MacOS,Unknown,Credit Card,Spanish,Night,3,Small Business,james.wilson820@yahoo.com,,0
64806,John Davis,john.davis58@outlook.com,Billing System,Payment Problem,The application crashes whenever I try to upload a file.,Explained billing breakdown and clarified applicable charges.,Urgent,Open,Email,South America,48,Male,Free,48,4,3,51.99,110.58,2022-12-02,2022-12-05,No,Yes,Android,Unknown,PayPal,English,Night,10,Corporate,john.davis58@outlook.com,,0
18113,Elizabeth Thomas,elizabeth.thomas656@icloud.com,Cloud Storage,Bug Report,I would like to request a refund for the recent charge.,The issue was escalated to engineering and resolved in the latest patch.,Medium,Closed,Email,Asia,48,Female,Basic,43,14,3,15.05,109.93,2023-05-18,2023-05-21,No,No,iOS,Edge,Credit Card,Chinese,Morning,10,Individual,elizabeth.thomas656@icloud.com,,0
88454,Charles Wilson,charles.wilson344@company.com,Subscription Service,Subscription Cancellation,Two-factor authentication codes are not being delivered to my phone.,The duplicate charge was reversed and refund processed within 3-5 business days.,Urgent,Pending Customer,Social Media,Europe,28,Male,Basic,39,20,3,37.48,141.0,2023-05-12,2023-05-26,Yes,No,Linux,Safari,Credit Card,French,Afternoon,9,Individual,charles.wilson344@company.com,,0
99548,Richard Williams,richard.williams931@company.com,Billing System,Data Sync Issue,The application crashes whenever I try to upload a file.,Bug logged internally and workaround shared with the customer.,High,Pending Customer,Chat,Australia,25,Other,Basic,50,0,2,32.49,12.57,2022-12-07,2022-12-11,Yes,Yes,Linux,Safari,Credit Card,French,Afternoon,5,Small Business,richard.williams931@company.com,,0
66889,Karen Thomas,karen.thomas464@icloud.com,E-commerce Store,Feature Request,I would like to request a refund for the recent charge.,The duplicate charge was reversed and refund processed within 3-5 business days.,Low,Closed,Social Media,Australia,53,Male,Enterprise,56,4,3,65.68,134.79,2024-07-11,2024-07-23,No,Yes,MacOS,Safari,Debit Card,Chinese,Morning,1,Corporate,karen.thomas464@icloud.com,,0
142864,Michael Martinez,michael.martinez833@icloud.com,E-commerce Store,Subscription Cancellation,The application crashes whenever I try to upload a file.,We have reset the account credentials and advised the customer to retry login.,Urgent,In Progress,Social Media,Europe,72,Female,Premium,34,2,2,36.66,90.31,2022-01-12,2022-01-13,Yes,Yes,Windows,Firefox,Credit Card,English,Night,1,Corporate,michael.martinez833@icloud.com,,0
86869,Patricia Thomas,patricia.thomas222@icloud.com,Payment Gateway,Feature Request,The application crashes whenever I try to upload a file.,Bug logged internally and workaround shared with the customer.,High,In Progress,Phone,Australia,58,Male,Free,30,4,5,27.57,7.85,2024-05-08,2024-05-16,Yes,No,Windows,Firefox,Bank Transfer,Spanish,Morning,6,Corporate,patricia.thomas222@icloud.com,,0
161315,William Brown,william.brown261@icloud.com,CRM Platform,Feature Request,I am experiencing very slow performance while using the dashboard.,We have reset the account credentials and advised the customer to retry login.,Urgent,Closed,Chat,North America,62,Other,Enterprise,16,7,1,65.0,92.47,2024-12-02,2024-12-07,Yes,No,MacOS,Safari,Credit Card,German,Morning,8,Small Business,william.brown261@icloud.com,2023-09-23,0
93939,Joseph Miller,joseph.miller1@outlook.com,API Service,Payment Problem,My subscription was cancelled without my request and I need clarification.,Payment gateway timeout issue fixed and monitoring implemented.,High,In Progress,Chat,Europe,53,Male,Enterprise,40,19,4,35.93,216.0,2024-09-01,2024-09-09,Yes,No,Android,Firefox,Debit Card,French,Morning,1,Individual,joseph.miller1@outlook.com,,0
14967,Mary Jones,mary.jones787@outlook.com,API Service,Payment Problem,I am unable to access my account after entering the correct credentials.,Subscription status corrected and confirmation email sent to customer.,High,Pending Customer,Web Form,South America,33,Other,Enterprise,3,19,2,52.53,132.38,2024-02-01,2024-02-14,No,Yes,iOS,Firefox,Credit Card,English,Evening,7,Corporate,mary.jones787@outlook.com,,0
82142,Jennifer Martin,jennifer.martin945@hotmail.com,Web Portal,Data Sync Issue,Two-factor authentication codes are not being delivered to my phone.,Payment gateway timeout issue fixed and monitoring implemented.,High,Closed,Web Form,South America,72,Female,Enterprise,50,20,3,66.46,89.61,2023-07-19,2023-07-30,Yes,Yes,iOS,Edge,Debit Card,English,Night,8,Individual,jennifer.martin945@hotmail.com,,0
59553,James Rodriguez,james.rodriguez507@yahoo.com,Subscription Service,Performance Issue,I found a bug in the latest update affecting report generation.,The issue was escalated to engineering and resolved in the latest patch.,High,Closed,Social Media,Australia,24,Other,Basic,49,10,2,60.88,15.04,2024-01-22,2024-01-22,Yes,No,Windows,Unknown,Credit Card,French,Evening,5,Corporate,james.rodriguez507@yahoo.com,,0
11920,Robert Miller,robert.miller712@yahoo.com,Billing System,Performance Issue,Two-factor authentication codes are not being delivered to my phone.,The duplicate charge was reversed and refund processed within 3-5 business days.,Low,Pending Customer,Chat,Europe,67,Male,Enterprise,53,9,3,13.76,86.02,2022-11-23,2022-12-06,No,Yes,Android,Edge,PayPal,German,Evening,9,Corporate,robert.miller712@yahoo.com,,0
169289,Charles Davis,charles.davis70@icloud.com,Subscription Service,Bug Report,My subscription was cancelled without my request and I need clarification.,Provided step-by-step troubleshooting instructions and issue resolved.,High,Resolved,Chat,South America,30,Other,Free,10,14,1,0.94,5.43,2024-01-21,2024-01-26,No,Yes,Android,Firefox,PayPal,German,Night,5,Corporate,charles.davis70@icloud.com,,0
142986,Karen Jackson,karen.jackson326@yahoo.com,Mobile App,Performance Issue,My subscription was cancelled without my request and I need clarification.,Provided step-by-step troubleshooting instructions and issue resolved.,High,Open,Chat,Africa,56,Female,Free,16,12,5,26.76,62.53,2024-08-31,2024-09-05,Yes,No,Android,Unknown,PayPal,Chinese,Night,4,Individual,karen.jackson326@yahoo.com,,0
37714,Patricia Rodriguez,patricia.rodriguez55@icloud.com,Web Portal,Account Suspension,The application crashes whenever I try to upload a file.,Provided step-by-step troubleshooting instructions and issue resolved.,High,Open,Email,Asia,33,Male,Basic,28,16,3,67.61,145.53,2022-12-19,2022-12-26,Yes,No,MacOS,Firefox,Bank Transfer,German,Afternoon,10,Corporate,patricia.rodriguez55@icloud.com,,0
187892,Susan Garcia,susan.garcia66@outlook.com,Billing System,Payment Problem,The application crashes whenever I try to upload a file.,The duplicate charge was reversed and refund processed within 3-5 business days.,Low,Pending Customer,Email,South America,38,Male,Enterprise,50,2,2,7.33,142.53,2023-06-02,2023-06-06,Yes,No,Windows,Safari,Debit Card,Spanish,Evening,3,Corporate,susan.garcia66@outlook.com,,0
174470,Joseph Wilson,joseph.wilson593@gmail.com,Subscription Service,Performance Issue,I would like to request a refund for the recent charge.,We have reset the account credentials and advised the customer to retry login.,Medium,Open,Chat,Europe,39,Female,Free,38,3,4,42.43,32.37,2024-05-25,2024-05-26,Yes,Yes,iOS,Edge,Credit Card,English,Afternoon,9,Individual,joseph.wilson593@gmail.com,,0
56550,Jessica Hernandez,jessica.hernandez803@hotmail.com,Cloud Storage,Data Sync Issue,Two-factor authentication codes are not being delivered to my phone.,Explained billing breakdown and clarified applicable charges.,Medium,Closed,Social Media,North America,56,Other,Basic,22,10,5,25.37,64.89,2024-03-29,2024-03-31,Yes,No,Android,Firefox,Credit Card,German,Afternoon,8,Small Business,jessica.hernandez803@hotmail.com,,0
75646,James Garcia,james.garcia804@hotmail.com,Payment Gateway,Account Suspension,I found a bug in the latest update affecting report generation.,Payment gateway timeout issue fixed and monitoring implemented.,High,Closed,Phone,Australia,52,Male,Premium,33,15,5,38.28,10.5,2022-07-03,2022-07-11,No,Yes,Linux,Edge,Crypto,Spanish,Morning,10,Small Business,james.garcia804@hotmail.com,,0
23591,Mary Wilson,mary.wilson964@hotmail.com,API Service,Feature Request,There seems to be a discrepancy in my billing statement for this month.,Data synchronization restored after backend service restart.,Medium,Closed,Chat,Europe,23,Male,Basic,20,2,4,55.0,135.79,2024-07-30,2024-08-12,Yes,No,iOS,Unknown,Credit Card,French,Afternoon,9,Small Business,mary.wilson964@hotmail.com,,0
105591,Jessica Brown,jessica.brown257@hotmail.com,E-commerce Store,Security Concern,I would like to request a refund for the recent charge.,Provided step-by-step troubleshooting instructions and issue resolved.,Medium,Pending Customer,Web Form,South America,45,Other,Premium,31,6,2,5.73,209.76,2023-07-06,2023-07-11,Yes,No,MacOS,Firefox,Crypto,Chinese,Afternoon,1,Individual,jessica.brown257@hotmail.com,,0
62712,Jessica Martin,jessica.martin912@yahoo.com,Cloud Storage,Feature Request,The system is not syncing data across devices properly.,Data synchronization restored after backend service restart.,High,Open,Email,Asia,25,Male,Enterprise,54,18,4,31.39,5.69,2024-03-17,2024-03-23,Yes,No,MacOS,Firefox,Debit Card,German,Night,9,Corporate,jessica.martin912@yahoo.com,,0
163314,Sarah Martin,sarah.martin937@yahoo.com,Billing System,Data Sync Issue,I would like to request a refund for the recent charge.,Bug logged internally and workaround shared with the customer.,High,In Progress,Chat,South America,48,Male,Free,20,13,4,12.42,15.31,2024-04-23,2024-04-29,Yes,No,Android,Safari,Debit Card,German,Night,3,Individual,sarah.martin937@yahoo.com,,0
28304,Linda Anderson,linda.anderson435@icloud.com,Payment Gateway,Subscription Cancellation,The application crashes whenever I try to upload a file.,Data synchronization restored after backend service restart.,High,In Progress,Chat,North America,63,Female,Premium,1,12,2,3.22,79.09,2022-10-07,2022-10-19,No,No,iOS,Chrome,Crypto,French,Morning,9,Individual,linda.anderson435@icloud.com,,0
195815,Charles Thomas,charles.thomas387@hotmail.com,Payment Gateway,Data Sync Issue,I found a bug in the latest update affecting report generation.,The issue was escalated to engineering and resolved in the latest patch.,Low,Resolved,Phone,Europe,37,Female,Free,28,7,1,19.51,110.14,2024-12-31,2025-01-14,Yes,Yes,iOS,Chrome,PayPal,French,Night,1,Corporate,charles.thomas387@hotmail.com,,0
157736,Barbara Martin,barbara.martin799@icloud.com,Analytics Dashboard,Bug Report,The payment was deducted from my bank account but the transaction shows failed.,The issue was escalated to engineering and resolved in the latest patch.,Medium,Open,Social Media,South America,69,Other,Basic,30,11,2,26.23,233.63,2022-04-14,2022-04-15,No,Yes,MacOS,Chrome,Credit Card,German,Evening,4,Individual,barbara.martin799@icloud.com,,0
105533,Karen Williams,karen.williams83@icloud.com,Mobile App,Payment Problem,I would like to request a refund for the recent charge.,The duplicate charge was reversed and refund processed within 3-5 business days.,Medium,Closed,Phone,Africa,71,Male,Enterprise,36,20,3,5.45,187.55,2023-09-10,2023-09-11,Yes,Yes,iOS,Unknown,PayPal,German,Evening,3,Corporate,karen.williams83@icloud.com,,0
141793,Barbara Rodriguez,barbara.rodriguez654@company.com,E-commerce Store,Performance Issue,I found a bug in the latest update affecting report generation.,Payment gateway timeout issue fixed and monitoring implemented.,Medium,In Progress,Phone,Australia,18,Female,Premium,41,17,2,70.56,172.19,2023-10-24,2023-11-03,No,No,Android,Firefox,Crypto,English,Morning,6,Individual,barbara.rodriguez654@company.com,,0
198379,John Lopez,john.lopez648@hotmail.com,API Service,Login Issue,I found a bug in the latest update affecting report generation.,We have reset the account credentials and advised the customer to retry login.,Medium,Resolved,Phone,South America,35,Male,Enterprise,9,12,3,46.16,26.26,2024-08-22,2024-08-25,Yes,Yes,Windows,Edge,Crypto,Chinese,Morning,4,Individual,john.lopez648@hotmail.com,,0
191733,Robert Martin,robert.martin268@icloud.com,Billing System,Data Sync Issue,I am unable to access my account after entering the correct credentials.,Explained billing breakdown and clarified applicable charges.,Urgent,Resolved,Web Form,Australia,50,Female,Free,53,18,5,15.56,218.4,2022-01-17,2022-01-22,Yes,No,Android,Firefox,PayPal,French,Night,9,Individual,robert.martin268@icloud.com,,0
129909,Robert Brown,robert.brown557@gmail.com,Subscription Service,Data Sync Issue,The payment was deducted from my bank account but the transaction shows failed.,Payment gateway timeout issue fixed and monitoring implemented.,Urgent,Pending Customer,Web Form,Europe,57,Male,Free,39,4,3,3.12,163.48,2022-05-26,2022-06-02,No,No,Linux,Unknown,PayPal,English,Afternoon,9,Small Business,robert.brown557@gmail.com,,0
149172,Mary Wilson,mary.wilson578@outlook.com,Mobile App,Payment Problem,Two-factor authentication codes are not being delivered to my phone.,Security settings updated and customer notified of precautionary measures.,Medium,Closed,Chat,North America,38,Male,Premium,54,13,3,45.81,129.16,2023-05-28,2023-06-03,No,No,iOS,Unknown,Debit Card,German,Morning,10,Small Business,mary.wilson578@outlook.com,,0
131738,Barbara Rodriguez,barbara.rodriguez111@outlook.com,Web Portal,Feature Request,I am unable to access my account after entering the correct credentials.,We have reset the account credentials and advised the customer to retry login.,Urgent,Closed,Web Form,Africa,22,Other,Premium,13,12,4,63.35,188.35,2022-07-09,2022-07-12,No,No,Windows,Edge,Bank Transfer,English,Morning,10,Corporate,barbara.rodriguez111@outlook.com,,0
90613,Susan Jackson,susan.jackson14@yahoo.com,Payment Gateway,Bug Report,I would like to request a refund for the recent charge.,Subscription status corrected and confirmation email sent to customer.,Low,In Progress,Phone,Africa,18,Female,Enterprise,21,19,4,25.82,157.33,2022-06-24,2022-06-24,No,Yes,MacOS,Chrome,PayPal,German,Night,9,Individual,susan.jackson14@yahoo.com,,0
26425,Linda Davis,linda.davis775@gmail.com,CRM Platform,Payment Problem,My subscription was cancelled without my request and I need clarification.,The issue was escalated to engineering and resolved in the latest patch.,High,Open,Social Media,Australia,40,Female,Premium,50,20,4,5.78,27.44,2022-12-06,2022-12-11,No,Yes,iOS,Chrome,Debit Card,English,Night,4,Small Business,linda.davis775@gmail.com,,0
91646,Thomas Gonzalez,thomas.gonzalez266@hotmail.com,Payment Gateway,Account Suspension,I am unable to access my account after entering the correct credentials.,Payment gateway timeout issue fixed and monitoring implemented.,Urgent,Resolved,Social Media,Africa,57,Female,Enterprise,26,7,5,18.14,221.84,2024-11-29,2024-12-11,No,Yes,Windows,Unknown,Bank Transfer,German,Night,4,Individual,thomas.gonzalez266@hotmail.com,,0
119688,Robert Lopez,robert.lopez602@outlook.com,Subscription Service,Data Sync Issue,I am experiencing very slow performance while using the dashboard.,The duplicate charge was reversed and refund processed within 3-5 business days.,Low,In Progress,Social Media,South America,34,Other,Enterprise,44,13,2,21.18,154.77,2022-03-09,2022-03-20,Yes,Yes,Android,Unknown,Bank Transfer,English,Afternoon,9,Small Business,robert.lopez602@outlook.com,,0
163197,Thomas Smith,thomas.smith405@outlook.com,Billing System,Login Issue,Two-factor authentication codes are not being delivered to my phone.,Data synchronization restored after backend service restart.,Urgent,Closed,Web Form,Africa,71,Other,Free,45,6,5,12.78,11.0,2023-04-03,2023-04-03,Yes,No,Linux,Firefox,Debit Card,English,Night,6,Corporate,thomas.smith405@outlook.com,,0
36935,Richard Williams,richard.williams23@icloud.com,Payment Gateway,Subscription Cancellation,I am unable to access my account after entering the correct credentials.,Provided step-by-step troubleshooting instructions and issue resolved.,Medium,In Progress,Email,North America,66,Female,Premium,20,5,1,6.46,2.24,2023-01-03,2023-01-12,Yes,Yes,Windows,Chrome,Bank Transfer,Chinese,Evening,3,Small Business,richard.williams23@icloud.com,,0
30967,Robert Martinez,robert.martinez287@gmail.com,CRM Platform,Account Suspension,The application crashes whenever I try to upload a file.,The duplicate charge was reversed and refund processed within 3-5 business days.,High,In Progress,Web Form,North America,22,Male,Enterprise,56,11,4,58.05,78.07,2022-10-10,2022-10-19,Yes,No,iOS,Firefox,Debit Card,German,Night,8,Corporate,robert.martinez287@gmail.com,,0
176459,Michael Martinez,michael.martinez388@gmail.com,Subscription Service,Feature Request,My subscription was cancelled without my request and I need clarification.,The issue was escalated to engineering and resolved in the latest patch.,Low,Resolved,Web Form,South America,70,Female,Free,27,11,1,43.63,175.1,2024-02-06,2024-02-13,Yes,Yes,Linux,Unknown,Bank Transfer,German,Evening,10,Small Business,michael.martinez388@gmail.com,,0
101013,Mary Rodriguez,mary.rodriguez285@gmail.com,Payment Gateway,Login Issue,The application crashes whenever I try to upload a file.,Subscription status corrected and confirmation email sent to customer.,Low,In Progress,Social Media,North America,55,Male,Premium,30,16,1,65.99,196.71,2024-03-16,2024-03-22,Yes,Yes,Linux,Edge,Debit Card,English,Evening,6,Individual,mary.rodriguez285@gmail.com,,0
11191,Robert Martinez,robert.martinez181@icloud.com,Subscription Service,Refund Request,I would like to request a refund for the recent charge.,Payment gateway timeout issue fixed and monitoring implemented.,Medium,Pending Customer,Email,South America,63,Female,Free,41,14,5,12.47,128.51,2022-12-20,2022-12-28,Yes,Yes,Windows,Firefox,Crypto,Chinese,Night,7,Corporate,robert.martinez181@icloud.com,,0
142491,Robert Miller,robert.miller177@gmail.com,API Service,Subscription Cancellation,I would like to request a refund for the recent charge.,The duplicate charge was reversed and refund processed within 3-5 business days.,High,Closed,Web Form,Africa,66,Male,Premium,21,9,3,4.17,200.69,2024-05-21,2024-06-03,No,No,Android,Unknown,Debit Card,German,Evening,8,Corporate,robert.miller177@gmail.com,,0
129282,John Martinez,john.martinez420@company.com,CRM Platform,Login Issue,There seems to be a discrepancy in my billing statement for this month.,Provided step-by-step troubleshooting instructions and issue resolved.,Medium,Open,Phone,South America,68,Other,Basic,37,9,4,9.77,97.37,2022-06-03,2022-06-12,Yes,Yes,iOS,Unknown,Crypto,Japanese,Evening,9,Small Business,john.martinez420@company.com,,0
113405,Linda Moore,linda.moore178@yahoo.com,Subscription Service,Login Issue,There seems to be a discrepancy in my billing statement for this month.,Explained billing breakdown and clarified applicable charges.,Medium,Resolved,Phone,South America,45,Other,Premium,8,0,3,54.17,214.6,2023-12-05,2023-12-08,No,Yes,iOS,Unknown,Bank Transfer,Spanish,Afternoon,8,Small Business,linda.moore178@yahoo.com,,0
151126,Barbara Martin,barbara.martin68@yahoo.com,Subscription Service,Feature Request,The payment was deducted from my bank account but the transaction shows failed.,Explained billing breakdown and clarified applicable charges.,High,Closed,Email,North America,21,Male,Premium,27,17,5,22.59,19.47,2022-06-27,2022-07-03,Yes,Yes,Android,Chrome,Crypto,German,Morning,5,Individual,barbara.martin68@yahoo.com,,0
2710,David Jones,david.jones165@gmail.com,Cloud Storage,Login Issue,Two-factor authentication codes are not being delivered to my phone.,Bug logged internally and workaround shared with the customer.,Urgent,Pending Customer,Social Media,North America,50,Other,Basic,1,20,1,29.02,165.84,2024-07-22,2024-07-30,No,No,MacOS,Edge,Debit Card,Spanish,Night,2,Corporate,david.jones165@gmail.com,,0
166113,Patricia Garcia,patricia.garcia593@yahoo.com,CRM Platform,Payment Problem,I would like to request a refund for the recent charge.,Payment gateway timeout issue fixed and monitoring implemented.,Medium,In Progress,Chat,North America,19,Female,Basic,58,20,2,48.38,81.35,2023-09-29,2023-10-11,No,Yes,Windows,Chrome,Crypto,English,Night,1,Individual,patricia.garcia593@yahoo.com,2023-05-30,0
129104,Robert Lopez,robert.lopez179@outlook.com,Cloud Storage,Refund Request,There seems to be a discrepancy in my billing statement for this month.,We have reset the account credentials and advised the customer to retry login.,Medium,Closed,Phone,North America,60,Other,Free,21,19,3,40.4,77.46,2023-05-16,2023-05-20,No,No,iOS,Firefox,PayPal,Chinese,Night,4,Individual,robert.lopez179@outlook.com,,0
75148,Linda Lopez,linda.lopez4@company.com,Mobile App,Subscription Cancellation,My subscription was cancelled without my request and I need clarification.,The issue was escalated to engineering and resolved in the latest patch.,High,In Progress,Web Form,South America,68,Male,Basic,11,13,4,48.27,121.0,2024-02-01,2024-02-14,Yes,Yes,MacOS,Edge,PayPal,French,Evening,2,Small Business,linda.lopez4@company.com,,0
102106,Charles Anderson,charles.anderson534@gmail.com,Cloud Storage,Bug Report,The application crashes whenever I try to upload a file.,The duplicate charge was reversed and refund processed within 3-5 business days.,Urgent,Resolved,Social Media,South America,34,Female,Premium,53,4,1,34.72,23.92,2024-10-10,2024-10-12,Yes,No,iOS,Chrome,Credit Card,German,Night,7,Small Business,charles.anderson534@gmail.com,,0
150766,William Brown,william.brown772@hotmail.com,Analytics Dashboard,Data Sync Issue,There seems to be a discrepancy in my billing statement for this month.,Explained billing breakdown and clarified applicable charges.,Urgent,In Progress,Web Form,South America,73,Female,Enterprise,36,9,3,23.14,171.03,2022-01-14,2022-01-18,No,Yes,Linux,Safari,Credit Card,English,Morning,7,Individual,william.brown772@hotmail.com,,0
61924,Linda Martinez,linda.martinez641@outlook.com,Cloud Storage,Bug Report,I am unable to access my account after entering the correct credentials.,Explained billing breakdown and clarified applicable charges.,Urgent,Closed,Email,South America,66,Female,Free,19,16,3,63.17,73.19,2022-03-20,2022-03-27,Yes,Yes,iOS,Edge,Debit Card,English,Morning,1,Small Business,linda.martinez641@outlook.com,,0
167155,Barbara Jones,barbara.jones158@yahoo.com,Payment Gateway,Performance Issue,The payment was deducted from my bank account but the transaction shows failed.,Security settings updated and customer notified of precautionary measures.,Medium,Closed,Chat,Asia,29,Female,Basic,17,14,5,50.53,171.68,2024-06-24,2024-07-04,No,No,Windows,Edge,Crypto,French,Afternoon,7,Individual,barbara.jones158@yahoo.com,2023-05-03,0
16487,Sarah Gonzalez,sarah.gonzalez270@outlook.com,Web Portal,Security Concern,The system is not syncing data across devices properly.,The duplicate charge was reversed and refund processed within 3-5 business days.,Medium,Closed,Social Media,Africa,45,Other,Basic,59,13,4,60.48,144.76,2023-06-01,2023-06-06,Yes,No,Windows,Unknown,PayPal,Japanese,Morning,1,Individual,sarah.gonzalez270@outlook.com,,0
10341,William Davis,william.davis743@icloud.com,Subscription Service,Account Suspension,I am experiencing very slow performance while using the dashboard.,Security settings updated and customer notified of precautionary measures.,Low,Closed,Phone,Africa,48,Male,Enterprise,51,2,1,70.22,52.74,2024-03-04,2024-03-09,Yes,Yes,iOS,Unknown,Crypto,German,Afternoon,2,Corporate,william.davis743@icloud.com,,0
101768,Richard Martinez,richard.martinez986@gmail.com,Billing System,Refund Request,The payment was deducted from my bank account but the transaction shows failed.,Explained billing breakdown and clarified applicable charges.,Low,Closed,Social Media,Europe,19,Female,Basic,31,14,3,38.88,38.95,2022-05-31,2022-06-13,No,Yes,Android,Firefox,Crypto,Chinese,Evening,4,Individual,richard.martinez986@gmail.com,,0
33757,Linda Williams,linda.williams489@yahoo.com,Payment Gateway,Subscription Cancellation,I found a bug in the latest update affecting report generation.,The duplicate charge was reversed and refund processed within 3-5 business days.,Low,Open,Web Form,Australia,53,Female,Basic,54,14,5,30.3,117.4,2024-03-28,2024-04-11,Yes,Yes,MacOS,Safari,Debit Card,French,Afternoon,6,Small Business,linda.williams489@yahoo.com,,0
128079,Charles Gonzalez,charles.gonzalez310@icloud.com,Subscription Service,Subscription Cancellation,I am unable to access my account after entering the correct credentials.,The issue was escalated to engineering and resolved in the latest patch.,Urgent,Closed,Social Media,Europe,43,Male,Basic,15,13,3,20.93,216.14,2024-02-16,2024-02-17,No,No,Linux,Chrome,Debit Card,Spanish,Night,8,Individual,charles.gonzalez310@icloud.com,,0
130746,Patricia Rodriguez,patricia.rodriguez65@icloud.com,Subscription Service,Feature Request,The system is not syncing data across devices properly.,Payment gateway timeout issue fixed and monitoring implemented.,Low,Open,Chat,North America,51,Female,Premium,25,14,1,41.97,49.7,2022-05-11,2022-05-25,Yes,Yes,MacOS,Firefox,PayPal,Chinese,Night,10,Small Business,patricia.rodriguez65@icloud.com,,0
11994,Karen Martin,karen.martin990@yahoo.com,Payment Gateway,Refund Request,I am experiencing very slow performance while using the dashboard.,Subscription status corrected and confirmation email sent to customer.,Low,In Progress,Chat,Australia,24,Female,Enterprise,33,6,4,42.92,74.34,2024-12-23,2024-12-30,No,No,MacOS,Chrome,Crypto,French,Afternoon,10,Individual,karen.martin990@yahoo.com,,0
185091,David Martinez,david.martinez571@outlook.com,Payment Gateway,Login Issue,I am unable to access my account after entering the correct credentials.,Bug logged internally and workaround shared with the customer.,High,Pending Customer,Phone,Europe,39,Other,Basic,42,9,5,49.19,212.31,2022-04-24,2022-05-06,Yes,No,Linux,Safari,Bank Transfer,Spanish,Afternoon,1,Corporate,david.martinez571@outlook.com,,0
45219,David Martinez,david.martinez243@hotmail.com,Billing System,Payment Problem,The application crashes whenever I try to upload a file.,Payment gateway timeout issue fixed and monitoring implemented.,High,Resolved,Web Form,Australia,54,Female,Basic,52,12,1,61.12,230.16,2024-01-02,2024-01-04,No,No,Android,Unknown,PayPal,Chinese,Afternoon,1,Small Business,david.martinez243@hotmail.com,,0
51634,Barbara Smith,barbara.smith95@outlook.com,Payment Gateway,Subscription Cancellation,I am unable to access my account after entering the correct credentials.,We have reset the account credentials and advised the customer to retry login.,Low,Pending Customer,Phone,Australia,69,Other,Free,28,12,2,50.45,24.22,2024-06-10,2024-06-14,No,Yes,Linux,Edge,Debit Card,Japanese,Morning,6,Corporate,barbara.smith95@outlook.com,,0
60711,Linda Thomas,linda.thomas706@hotmail.com,Payment Gateway,Data Sync Issue,There seems to be a discrepancy in my billing statement for this month.,Provided step-by-step troubleshooting instructions and issue resolved.,High,Closed,Social Media,Europe,40,Other,Enterprise,24,17,3,51.22,217.4,2022-10-16,2022-10-19,Yes,No,MacOS,Chrome,Credit Card,German,Afternoon,4,Corporate,linda.thomas706@hotmail.com,,0
146322,Michael Moore,michael.moore492@outlook.com,Subscription Service,Bug Report,I am unable to access my account after entering the correct credentials.,We have reset the account credentials and advised the customer to retry login.,Low,Resolved,Chat,Africa,64,Other,Basic,44,3,1,17.94,142.92,2022-06-21,2022-07-01,No,Yes,iOS,Unknown,Debit Card,Chinese,Afternoon,1,Corporate,michael.moore492@outlook.com,,0
109149,Richard Thomas,richard.thomas124@hotmail.com,API Service,Payment Problem,I would like to request a refund for the recent charge.,Provided step-by-step troubleshooting instructions and issue resolved.,Urgent,Pending Customer,Chat,South America,74,Female,Enterprise,11,1,5,36.88,32.3,2022-02-07,2022-02-18,Yes,Yes,MacOS,Edge,PayPal,Japanese,Afternoon,3,Individual,richard.thomas124@hotmail.com,,0
3167,Sarah Hernandez,sarah.hernandez481@hotmail.com,Analytics Dashboard,Performance Issue,My subscription was cancelled without my request and I need clarification.,Subscription status corrected and confirmation email sent to customer.,Low,In Progress,Email,North America,56,Other,Free,26,9,2,63.74,103.09,2022-10-12,2022-10-26,No,No,Linux,Safari,PayPal,German,Night,5,Corporate,sarah.hernandez481@hotmail.com,,0
124488,Joseph Thomas,joseph.thomas431@yahoo.com,API Service,Subscription Cancellation,My subscription was cancelled without my request and I need clarification.,We have reset the account credentials and advised the customer to retry login.,Urgent,Resolved,Email,Europe,28,Other,Free,48,11,2,38.93,138.08,2022-12-01,2022-12-07,No,No,Android,Chrome,Debit Card,English,Night,4,Individual,joseph.thomas431@yahoo.com,,0
146465,Patricia Brown,patricia.brown854@icloud.com,Cloud Storage,Subscription Cancellation,I found a bug in the latest update affecting report generation.,Security settings updated and customer notified of precautionary measures.,Medium,In Progress,Social Media,Australia,25,Male,Premium,30,17,1,51.05,159.15,2022-09-30,2022-09-30,No,Yes,iOS,Firefox,Bank Transfer,English,Morning,4,Small Business,patricia.brown854@icloud.com,,0
152845,Jennifer Brown,jennifer.brown443@outlook.com,Web Portal,Performance Issue,I found a bug in the latest update affecting report generation.,Security settings updated and customer notified of precautionary measures.,Urgent,Resolved,Phone,Europe,20,Other,Basic,50,10,4,7.1,11.91,2023-04-15,2023-04-26,Yes,No,Android,Chrome,Bank Transfer,Chinese,Morning,2,Corporate,jennifer.brown443@outlook.com,,0
114168,David Martin,david.martin540@gmail.com,Web Portal,Login Issue,I found a bug in the latest update affecting report generation.,Provided step-by-step troubleshooting instructions and issue resolved.,Medium,In Progress,Chat,Europe,47,Female,Basic,59,20,3,21.39,228.95,2023-07-26,2023-07-27,Yes,Yes,Android,Unknown,Debit Card,Japanese,Evening,3,Small Business,david.martin540@gmail.com,,0
110747,Robert Thomas,robert.thomas364@gmail.com,E-commerce Store,Data Sync Issue,The application crashes whenever I try to upload a file.,Data synchronization restored after backend service restart.,Low,Pending Customer,Email,Australia,57,Male,Premium,40,17,4,42.25,177.72,2022-10-08,2022-10-12,No,No,Linux,Firefox,Debit Card,English,Night,10,Small Business,robert.thomas364@gmail.com,,0
90255,Joseph Hernandez,joseph.hernandez759@gmail.com,Analytics Dashboard,Account Suspension,I found a bug in the latest update affecting report generation.,The issue was escalated to engineering and resolved in the latest patch.,Urgent,Resolved,Chat,Asia,68,Female,Premium,33,14,1,62.83,128.45,2023-08-02,2023-08-05,No,No,MacOS,Safari,Credit Card,English,Afternoon,6,Small Business,joseph.hernandez759@gmail.com,,0
111351,Jennifer Anderson,jennifer.anderson560@icloud.com,API Service,Feature Request,There seems to be a discrepancy in my billing statement for this month.,The issue was escalated to engineering and resolved in the latest patch.,Low,Closed,Email,North America,46,Female,Free,48,20,1,5.47,207.04,2023-08-09,2023-08-22,No,Yes,iOS,Chrome,Bank Transfer,English,Evening,1,Corporate,jennifer.anderson560@icloud.com,,0
24744,Michael Lopez,michael.lopez244@yahoo.com,CRM Platform,Security Concern,The payment was deducted from my bank account but the transaction shows failed.,Bug logged internally and workaround shared with the customer.,Low,Pending Customer,Social Media,South America,59,Female,Premium,9,8,2,13.06,138.98,2022-06-11,2022-06-11,No,No,Android,Chrome,PayPal,German,Evening,9,Individual,michael.lopez244@yahoo.com,,0
165533,Michael Moore,michael.moore921@icloud.com,API Service,Subscription Cancellation,There seems to be a discrepancy in my billing statement for this month.,Security settings updated and customer notified of precautionary measures.,High,Closed,Phone,Asia,26,Female,Enterprise,30,19,2,10.03,216.46,2024-01-08,2024-01-10,No,No,MacOS,Chrome,PayPal,English,Night,2,Individual,michael.moore921@icloud.com,,0
84264,John Johnson,john.johnson969@outlook.com,Cloud Storage,Performance Issue,I am unable to access my account after entering the correct credentials.,The issue was escalated to engineering and resolved in the latest patch.,High,Closed,Phone,Australia,68,Other,Free,1,17,3,15.03,135.46,2023-03-14,2023-03-22,Yes,No,MacOS,Firefox,Crypto,French,Afternoon,5,Small Business,john.johnson969@outlook.com,,0
124772,Susan Martinez,susan.martinez831@company.com,Web Portal,Payment Problem,There seems to be a discrepancy in my billing statement for this month.,We have reset the account credentials and advised the customer to retry login.,Low,Pending Customer,Chat,Australia,66,Male,Premium,33,3,1,51.35,1.18,2022-08-06,2022-08-18,No,Yes,Android,Safari,Bank Transfer,English,Night,3,Individual,susan.martinez831@company.com,,0
30154,Patricia Anderson,patricia.anderson549@gmail.com,Mobile App,Performance Issue,The application crashes whenever I try to upload a file.,The issue was escalated to engineering and resolved in the latest patch.,Low,In Progress,Phone,Asia,30,Other,Basic,57,11,5,32.76,225.95,2023-08-17,2023-08-31,Yes,No,iOS,Unknown,PayPal,Japanese,Night,8,Corporate,patricia.anderson549@gmail.com,,0
114737,Robert Hernandez,robert.hernandez915@company.com,CRM Platform,Subscription Cancellation,The payment was deducted from my bank account but the transaction shows failed.,Provided step-by-step troubleshooting instructions and issue resolved.,High,Open,Phone,South America,44,Male,Premium,32,14,1,67.12,176.45,2022-08-27,2022-09-05,Yes,Yes,iOS,Safari,Crypto,English,Evening,10,Corporate,robert.hernandez915@company.com,,0
193740,Charles Davis,charles.davis356@yahoo.com,Subscription Service,Subscription Cancellation,My subscription was cancelled without my request and I need clarification.,Data synchronization restored after backend service restart.,High,Pending Customer,Web Form,South America,32,Female,Premium,55,20,4,46.37,137.06,2022-09-21,2022-09-27,No,No,Windows,Unknown,Debit Card,German,Evening,2,Corporate,charles.davis356@yahoo.com,,0
161851,Patricia Moore,patricia.moore694@gmail.com,Payment Gateway,Security Concern,My subscription was cancelled without my request and I need clarification.,Data synchronization restored after backend service restart.,Low,Resolved,Chat,North America,59,Other,Enterprise,52,6,2,67.59,191.22,2024-03-18,2024-03-18,Yes,Yes,Android,Safari,Credit Card,German,Night,4,Individual,patricia.moore694@gmail.com,,0
136579,Karen Rodriguez,karen.rodriguez841@hotmail.com,Cloud Storage,Data Sync Issue,I am experiencing very slow performance while using the dashboard.,Security settings updated and customer notified of precautionary measures.,Urgent,Open,Phone,Africa,61,Other,Premium,35,20,4,54.44,212.98,2023-09-21,2023-09-30,Yes,Yes,iOS,Unknown,PayPal,English,Morning,8,Corporate,karen.rodriguez841@hotmail.com,,0
8140,Thomas Rodriguez,thomas.rodriguez518@outlook.com,E-commerce Store,Payment Problem,I am experiencing very slow performance while using the dashboard.,Payment gateway timeout issue fixed and monitoring implemented.,Low,Resolved,Phone,North America,42,Other,Free,49,19,4,17.04,180.16,2024-09-08,2024-09-14,No,Yes,iOS,Edge,PayPal,Spanish,Evening,5,Corporate,thomas.rodriguez518@outlook.com,,0
18449,Barbara Wilson,barbara.wilson776@yahoo.com,Subscription Service,Security Concern,The application crashes whenever I try to upload a file.,Subscription status corrected and confirmation email sent to customer.,High,Open,Chat,Australia,45,Female,Premium,14,18,4,32.32,26.62,2023-04-20,2023-04-25,No,No,Android,Edge,PayPal,English,Night,9,Corporate,barbara.wilson776@yahoo.com,,0
121450,James Johnson,james.johnson217@company.com,Billing System,Login Issue,There seems to be a discrepancy in my billing statement for this month.,Data synchronization restored after backend service restart.,Medium,In Progress,Phone,Africa,25,Male,Basic,25,12,3,59.71,101.75,2024-11-06,2024-11-13,No,No,iOS,Unknown,Credit Card,English,Night,7,Individual,james.johnson217@company.com,,0
26057,Barbara Smith,barbara.smith275@outlook.com,CRM Platform,Payment Problem,The system is not syncing data across devices properly.,Provided step-by-step troubleshooting instructions and issue resolved.,High,Resolved,Phone,North America,41,Other,Basic,23,4,1,33.91,43.33,2023-12-08,2023-12-15,Yes,Yes,Android,Edge,Crypto,Spanish,Morning,9,Individual,barbara.smith275@outlook.com,,0
96225,William Smith,william.smith672@icloud.com,Billing System,Feature Request,I am experiencing very slow performance while using the dashboard.,Payment gateway timeout issue fixed and monitoring implemented.,Medium,Closed,Social Media,Asia,20,Other,Basic,27,15,2,43.48,18.95,2023-11-24,2023-12-03,Yes,No,MacOS,Firefox,Debit Card,Chinese,Morning,8,Corporate,william.smith672@icloud.com,,0
48742,Jessica Johnson,jessica.johnson233@company.com,API Service,Account Suspension,I found a bug in the latest update affecting report generation.,Payment gateway timeout issue fixed and monitoring implemented.,High,Open,Web Form,Europe,25,Female,Premium,48,14,3,25.56,23.08,2023-07-10,2023-07-24,Yes,Yes,Linux,Chrome,Debit Card,Japanese,Evening,7,Small Business,jessica.johnson233@company.com,,0
140651,Charles Moore,charles.moore966@outlook.com,Analytics Dashboard,Performance Issue,I am unable to access my account after entering the correct credentials.,Provided step-by-step troubleshooting instructions and issue resolved.,High,Resolved,Phone,Africa,60,Male,Basic,1,17,3,2.71,15.2,2023-02-22,2023-03-02,No,No,Android,Edge,Bank Transfer,German,Morning,4,Individual,charles.moore966@outlook.com,2022-05-16,0
106352,Patricia Miller,patricia.miller488@hotmail.com,Cloud Storage,Data Sync Issue,The payment was deducted from my bank account but the transaction shows failed.,The duplicate charge was reversed and refund processed within 3-5 business days.,High,Pending Customer,Social Media,Africa,42,Male,Free,8,18,2,50.82,154.37,2022-11-21,2022-12-04,No,No,MacOS,Safari,Debit Card,Spanish,Evening,9,Individual,patricia.miller488@hotmail.com,,0
157984,Joseph Miller,joseph.miller50@hotmail.com,Analytics Dashboard,Subscription Cancellation,Two-factor authentication codes are not being delivered to my phone.,Security settings updated and customer notified of precautionary measures.,High,Pending Customer,Phone,Australia,23,Female,Free,43,17,2,43.54,96.71,2023-01-25,2023-02-01,Yes,No,iOS,Firefox,Bank Transfer,English,Morning,2,Small Business,joseph.miller50@hotmail.com,,0
39076,Sarah Smith,sarah.smith763@hotmail.com,Subscription Service,Data Sync Issue,I am unable to access my account after entering the correct credentials.,Bug logged internally and workaround shared with the customer.,High,Open,Chat,Asia,36,Female,Enterprise,4,5,5,53.87,135.08,2022-11-30,2022-12-02,No,No,MacOS,Safari,Bank Transfer,English,Evening,3,Corporate,sarah.smith763@hotmail.com,,0
128011,Michael Taylor,michael.taylor914@hotmail.com,E-commerce Store,Account Suspension,Two-factor authentication codes are not being delivered to my phone.,Data synchronization restored after backend service restart.,Medium,In Progress,Social Media,North America,44,Female,Enterprise,26,17,4,31.92,40.84,2022-11-07,2022-11-08,Yes,Yes,Windows,Chrome,Crypto,Japanese,Night,2,Corporate,michael.taylor914@hotmail.com,,0
62650,James Jackson,james.jackson436@company.com,Billing System,Payment Problem,I am experiencing very slow performance while using the dashboard.,The issue was escalated to engineering and resolved in the latest patch.,Medium,Closed,Email,Europe,53,Other,Free,21,8,3,51.2,202.74,2024-06-28,2024-07-07,No,Yes,MacOS,Safari,Bank Transfer,French,Afternoon,9,Corporate,james.jackson436@company.com,,0
183367,Michael Martinez,michael.martinez447@hotmail.com,Billing System,Payment Problem,There seems to be a discrepancy in my billing statement for this month.,Bug logged internally and workaround shared with the customer.,Medium,Closed,Social Media,Australia,58,Male,Enterprise,11,11,3,19.49,90.93,2022-08-16,2022-08-19,No,Yes,Windows,Chrome,PayPal,German,Evening,8,Corporate,michael.martinez447@hotmail.com,,0
107466,Jessica Gonzalez,jessica.gonzalez981@company.com,Billing System,Login Issue,I am unable to access my account after entering the correct credentials.,Bug logged internally and workaround shared with the customer.,High,Closed,Email,South America,21,Female,Basic,38,13,4,51.71,195.15,2024-01-16,2024-01-30,Yes,No,iOS,Unknown,Crypto,German,Morning,1,Corporate,jessica.gonzalez981@company.com,,0
137047,Elizabeth Taylor,elizabeth.taylor482@company.com,Mobile App,Account Suspension,There seems to be a discrepancy in my billing statement for this month.,Bug logged internally and workaround shared with the customer.,Urgent,Pending Customer,Email,South America,32,Female,Basic,16,8,1,19.99,170.26,2024-11-16,2024-11-18,Yes,Yes,Windows,Edge,Crypto,Japanese,Night,5,Corporate,elizabeth.taylor482@company.com,,0
47182,Richard Taylor,richard.taylor142@gmail.com,Subscription Service,Login Issue,The system is not syncing data across devices properly.,Payment gateway timeout issue fixed and monitoring implemented.,High,Closed,Social Media,South America,29,Female,Premium,43,11,1,26.14,186.53,2024-09-11,2024-09-15,No,No,Windows,Safari,Credit Card,French,Morning,2,Corporate,richard.taylor142@gmail.com,,0
95191,Charles Rodriguez,charles.rodriguez445@outlook.com,CRM Platform,Payment Problem,There seems to be a discrepancy in my billing statement for this month.,We have reset the account credentials and advised the customer to retry login.,Urgent,Open,Social Media,Asia,26,Other,Basic,57,1,4,37.91,151.46,2023-11-29,2023-12-10,Yes,No,iOS,Edge,Bank Transfer,Spanish,Afternoon,5,Corporate,charles.rodriguez445@outlook.com,,0
44461,William Gonzalez,william.gonzalez11@yahoo.com,Billing System,Account Suspension,The application crashes whenever I try to upload a file.,The duplicate charge was reversed and refund processed within 3-5 business days.,Urgent,In Progress,Email,North America,44,Female,Free,31,1,3,17.22,5.18,2023-02-21,2023-02-21,Yes,Yes,Linux,Edge,PayPal,Spanish,Evening,1,Corporate,william.gonzalez11@yahoo.com,,0
85484,Michael Williams,michael.williams845@company.com,Mobile App,Payment Problem,My subscription was cancelled without my request and I need clarification.,Payment gateway timeout issue fixed and monitoring implemented.,Low,Resolved,Chat,Europe,60,Female,Basic,21,10,4,58.79,152.29,2024-08-03,2024-08-10,No,Yes,MacOS,Unknown,Debit Card,German,Evening,6,Small Business,michael.williams845@company.com,,0
166066,Patricia Miller,patricia.miller552@hotmail.com,Billing System,Performance Issue,I would like to request a refund for the recent charge.,Provided step-by-step troubleshooting instructions and issue resolved.,Urgent,Pending Customer,Email,Europe,60,Female,Basic,37,19,5,1.13,124.02,2022-08-06,2022-08-11,Yes,No,iOS,Edge,Bank Transfer,Japanese,Morning,10,Individual,patricia.miller552@hotmail.com,,0
17040,Joseph Martinez,joseph.martinez840@yahoo.com,Mobile App,Login Issue,The application crashes whenever I try to upload a file.,Security settings updated and customer notified of precautionary measures.,Low,In Progress,Phone,South America,55,Other,Basic,20,9,2,21.67,176.43,2024-07-24,2024-08-02,Yes,Yes,Linux,Edge,Credit Card,Spanish,Night,3,Small Business,joseph.martinez840@yahoo.com,,0
7437,Thomas Rodriguez,thomas.rodriguez446@icloud.com,Payment Gateway,Performance Issue,My subscription was cancelled without my request and I need clarification.,Explained billing breakdown and clarified applicable charges.,Urgent,Closed,Phone,Europe,73,Female,Enterprise,27,20,2,69.66,88.26,2023-03-14,2023-03-18,No,Yes,iOS,Safari,Credit Card,English,Evening,8,Small Business,thomas.rodriguez446@icloud.com,,0
135754,Sarah Moore,sarah.moore340@hotmail.com,Mobile App,Payment Problem,There seems to be a discrepancy in my billing statement for this month.,Subscription status corrected and confirmation email sent to customer.,Medium,Closed,Web Form,Europe,73,Male,Premium,1,18,4,58.02,184.66,2022-05-27,2022-06-10,No,No,Windows,Firefox,Bank Transfer,Japanese,Afternoon,6,Corporate,sarah.moore340@hotmail.com,,0
3917,David Johnson,david.johnson104@gmail.com,E-commerce Store,Security Concern,I would like to request a refund for the recent charge.,Payment gateway timeout issue fixed and monitoring implemented.,Medium,Closed,Chat,Asia,30,Male,Enterprise,50,14,4,0.56,55.52,2024-01-26,2024-01-28,No,No,MacOS,Chrome,Credit Card,Japanese,Evening,10,Individual,david.johnson104@gmail.com,,0
61544,Mary Rodriguez,mary.rodriguez258@hotmail.com,Mobile App,Account Suspension,There seems to be a discrepancy in my billing statement for this month.,Explained billing breakdown and clarified applicable charges.,Medium,In Progress,Phone,Europe,19,Female,Enterprise,52,18,3,37.03,73.36,2023-01-02,2023-01-15,Yes,No,iOS,Chrome,PayPal,Japanese,Morning,5,Small Business,mary.rodriguez258@hotmail.com,,0
100339,Michael Rodriguez,michael.rodriguez523@gmail.com,E-commerce Store,Data Sync Issue,There seems to be a discrepancy in my billing statement for this month.,Payment gateway timeout issue fixed and monitoring implemented.,Medium,Closed,Email,Asia,28,Other,Premium,55,7,3,26.63,1.98,2022-04-08,2022-04-11,Yes,No,MacOS,Safari,PayPal,Spanish,Evening,5,Individual,michael.rodriguez523@gmail.com,,0
175288,Susan Johnson,susan.johnson513@hotmail.com,Payment Gateway,Bug Report,I would like to request a refund for the recent charge.,Provided step-by-step troubleshooting instructions and issue resolved.,Low,Resolved,Phone,Australia,60,Female,Free,35,9,2,42.61,214.77,2022-12-07,2022-12-19,Yes,Yes,Windows,Chrome,Crypto,German,Morning,3,Corporate,susan.johnson513@hotmail.com,,0
78955,Richard Martin,richard.martin795@company.com,Subscription Service,Refund Request,The payment was deducted from my bank account but the transaction shows failed.,Bug logged internally and workaround shared with the customer.,Low,In Progress,Web Form,Africa,26,Other,Enterprise,20,6,5,28.09,42.96,2023-10-30,2023-11-08,No,Yes,Windows,Edge,PayPal,Japanese,Evening,5,Corporate,richard.martin795@company.com,,0
33507,Robert Lopez,robert.lopez111@icloud.com,Analytics Dashboard,Feature Request,I would like to request a refund for the recent charge.,The issue was escalated to engineering and resolved in the latest patch.,Low,In Progress,Web Form,Asia,45,Male,Basic,32,10,5,22.23,138.07,2023-06-04,2023-06-07,Yes,No,MacOS,Safari,Credit Card,Chinese,Night,2,Corporate,robert.lopez111@icloud.com,,0
196365,Susan Garcia,susan.garcia399@icloud.com,E-commerce Store,Account Suspension,I am experiencing very slow performance while using the dashboard.,Explained billing breakdown and clarified applicable charges.,Low,Pending Customer,Chat,South America,21,Female,Basic,3,8,2,47.53,217.07,2024-02-29,2024-03-02,Yes,No,MacOS,Unknown,Bank Transfer,Spanish,Morning,1,Corporate,susan.garcia399@icloud.com,,0
158894,Barbara Lopez,barbara.lopez682@hotmail.com,Analytics Dashboard,Bug Report,I am experiencing very slow performance while using the dashboard.,Subscription status corrected and confirmation email sent to customer.,High,Closed,Email,Africa,45,Male,Enterprise,32,0,4,17.7,121.8,2023-10-05,2023-10-19,Yes,No,Windows,Firefox,Debit Card,Spanish,Morning,6,Corporate,barbara.lopez682@hotmail.com,,0
67160,William Smith,william.smith262@hotmail.com,Mobile App,Refund Request,I found a bug in the latest update affecting report generation.,Subscription status corrected and confirmation email sent to customer.,Medium,Resolved,Social Media,South America,38,Female,Premium,58,15,1,65.88,1.07,2022-08-17,2022-08-29,No,No,MacOS,Firefox,Bank Transfer,Chinese,Afternoon,4,Corporate,william.smith262@hotmail.com,,0
162421,Charles Johnson,charles.johnson846@gmail.com,Billing System,Subscription Cancellation,My subscription was cancelled without my request and I need clarification.,The duplicate charge was reversed and refund processed within 3-5 business days.,Urgent,Pending Customer,Chat,Europe,69,Other,Free,15,2,1,21.76,124.41,2023-10-31,2023-11-10,No,No,Android,Safari,Credit Card,German,Night,4,Individual,charles.johnson846@gmail.com,,0
72362,William Taylor,william.taylor75@yahoo.com,Analytics Dashboard,Subscription Cancellation,The payment was deducted from my bank account but the transaction shows failed.,Data synchronization restored after backend service restart.,Low,Resolved,Email,North America,52,Male,Enterprise,46,16,2,0.7,217.25,2024-08-24,2024-08-28,Yes,No,Windows,Firefox,Credit Card,Japanese,Afternoon,8,Individual,william.taylor75@yahoo.com,,0
184655,Jessica Wilson,jessica.wilson433@company.com,Billing System,Security Concern,There seems to be a discrepancy in my billing statement for this month.,Provided step-by-step troubleshooting instructions and issue resolved.,Low,Resolved,Chat,Australia,34,Female,Enterprise,4,12,1,33.0,150.81,2024-12-06,2024-12-09,Yes,No,Android,Safari,Debit Card,German,Night,2,Small Business,jessica.wilson433@company.com,,0
36530,Richard Wilson,richard.wilson724@company.com,Billing System,Refund Request,Two-factor authentication codes are not being delivered to my phone.,Data synchronization restored after backend service restart.,Urgent,Closed,Email,Europe,67,Male,Free,59,20,2,54.57,155.02,2022-10-16,2022-10-26,Yes,No,Linux,Edge,Crypto,German,Afternoon,9,Corporate,richard.wilson724@company.com,,0
137447,James Lopez,james.lopez877@gmail.com,Payment Gateway,Security Concern,The payment was deducted from my bank account but the transaction shows failed.,Payment gateway timeout issue fixed and monitoring implemented.,Medium,Pending Customer,Chat,South America,58,Male,Free,4,2,2,1.45,93.13,2022-06-19,2022-06-22,No,No,Android,Edge,Debit Card,English,Morning,5,Small Business,james.lopez877@gmail.com,,0
191329,Elizabeth Hernandez,elizabeth.hernandez749@gmail.com,API Service,Refund Request,My subscription was cancelled without my request and I need clarification.,We have reset the account credentials and advised the customer to retry login.,High,Closed,Chat,South America,30,Other,Premium,56,1,2,60.43,95.05,2022-10-17,2022-10-19,No,Yes,Linux,Edge,Credit Card,English,Afternoon,1,Small Business,elizabeth.hernandez749@gmail.com,,0
88236,Charles Rodriguez,charles.rodriguez161@company.com,Analytics Dashboard,Account Suspension,I found a bug in the latest update affecting report generation.,Data synchronization restored after backend service restart.,High,Resolved,Chat,Asia,49,Male,Free,35,15,5,19.96,129.52,2022-09-16,2022-09-27,No,Yes,Linux,Safari,Crypto,Japanese,Evening,6,Corporate,charles.rodriguez161@company.com,,0
194897,John Martinez,john.martinez262@company.com,Mobile App,Bug Report,There seems to be a discrepancy in my billing statement for this month.,The duplicate charge was reversed and refund processed within 3-5 business days.,Medium,In Progress,Phone,Asia,68,Male,Basic,26,9,4,30.21,112.16,2022-04-13,2022-04-25,Yes,Yes,Windows,Unknown,Credit Card,French,Evening,10,Small Business,john.martinez262@company.com,,0
7485,Thomas Smith,thomas.smith563@outlook.com,Billing System,Payment Problem,I am experiencing very slow performance while using the dashboard.,Provided step-by-step troubleshooting instructions and issue resolved.,Low,Resolved,Phone,South America,47,Male,Basic,57,15,2,2.95,172.44,2024-06-13,2024-06-15,No,Yes,Windows,Safari,Crypto,English,Evening,3,Individual,thomas.smith563@outlook.com,,0
98527,Richard Anderson,richard.anderson244@company.com,Web Portal,Bug Report,Two-factor authentication codes are not being delivered to my phone.,Subscription status corrected and confirmation email sent to customer.,High,Open,Email,Africa,32,Female,Basic,30,11,4,41.46,26.16,2023-01-14,2023-01-26,No,Yes,Windows,Firefox,PayPal,German,Night,5,Individual,richard.anderson244@company.com,,0
81765,Jessica Gonzalez,jessica.gonzalez275@outlook.com,Analytics Dashboard,Bug Report,Two-factor authentication codes are not being delivered to my phone.,Subscription status corrected and confirmation email sent to customer.,Low,Resolved,Social Media,Australia,36,Other,Basic,55,9,5,40.7,199.61,2022-05-21,2022-05-30,No,No,iOS,Edge,PayPal,German,Evening,10,Corporate,jessica.gonzalez275@outlook.com,,0
194027,Patricia Moore,patricia.moore241@outlook.com,Analytics Dashboard,Feature Request,I found a bug in the latest update affecting report generation.,Subscription status corrected and confirmation email sent to customer.,Urgent,Resolved,Email,North America,63,Other,Enterprise,53,20,3,50.4,160.32,2023-06-29,2023-06-29,No,No,iOS,Firefox,Debit Card,German,Afternoon,9,Corporate,patricia.moore241@outlook.com,,0
57564,Mary Martin,mary.martin394@gmail.com,Payment Gateway,Feature Request,I would like to request a refund for the recent charge.,Explained billing breakdown and clarified applicable charges.,High,In Progress,Email,North America,29,Female,Premium,2,8,5,47.37,107.64,2024-02-02,2024-02-04,Yes,No,Windows,Edge,Credit Card,Japanese,Night,7,Individual,mary.martin394@gmail.com,,0
153415,John Williams,john.williams138@outlook.com,API Service,Performance Issue,Two-factor authentication codes are not being delivered to my phone.,Provided step-by-step troubleshooting instructions and issue resolved.,Urgent,Resolved,Chat,Africa,55,Other,Basic,56,3,1,48.1,76.17,2022-12-13,2022-12-13,No,No,Linux,Firefox,Crypto,Spanish,Evening,3,Individual,john.williams138@outlook.com,,0
118680,Linda Martinez,linda.martinez147@company.com,Billing System,Refund Request,Two-factor authentication codes are not being delivered to my phone.,Bug logged internally and workaround shared with the customer.,High,Closed,Web Form,Europe,37,Male,Premium,24,13,4,20.57,156.39,2022-12-07,2022-12-15,No,No,iOS,Chrome,Crypto,French,Morning,1,Individual,linda.martinez147@company.com,,0
42086,Linda Johnson,linda.johnson405@icloud.com,Analytics Dashboard,Payment Problem,Two-factor authentication codes are not being delivered to my phone.,Explained billing breakdown and clarified applicable charges.,Low,Closed,Web Form,Australia,21,Other,Basic,34,2,4,20.31,26.73,2024-01-14,2024-01-27,Yes,No,Android,Safari,Bank Transfer,French,Evening,7,Small Business,linda.johnson405@icloud.com,,0
18952,Jessica Garcia,jessica.garcia997@yahoo.com,CRM Platform,Feature Request,I found a bug in the latest update affecting report generation.,We have reset the account credentials and advised the customer to retry login.,High,In Progress,Web Form,Asia,73,Female,Premium,3,20,1,66.27,80.0,2022-01-10,2022-01-24,No,No,iOS,Edge,Credit Card,Japanese,Afternoon,5,Corporate,jessica.garcia997@yahoo.com,,0
68046,Michael Martin,michael.martin617@hotmail.com,CRM Platform,Security Concern,The application crashes whenever I try to upload a file.,Payment gateway timeout issue fixed and monitoring implemented.,Urgent,Pending Customer,Web Form,North America,62,Other,Enterprise,36,17,4,71.24,165.22,2023-01-10,2023-01-19,No,Yes,Linux,Safari,Bank Transfer,Chinese,Night,2,Corporate,michael.martin617@hotmail.com,,0
135527,William Hernandez,william.hernandez882@hotmail.com,Web Portal,Subscription Cancellation,Two-factor authentication codes are not being delivered to my phone.,Provided step-by-step troubleshooting instructions and issue resolved.,Medium,Open,Email,Australia,32,Other,Enterprise,7,19,4,25.12,110.54,2024-12-19,2024-12-29,No,Yes,iOS,Firefox,Debit Card,English,Afternoon,8,Individual,william.hernandez882@hotmail.com,,0
48759,Sarah Thomas,sarah.thomas824@company.com,Subscription Service,Subscription Cancellation,I would like to request a refund for the recent charge.,Bug logged internally and workaround shared with the customer.,Medium,Closed,Social Media,North America,47,Male,Premium,41,18,1,30.1,31.49,2022-12-25,2023-01-08,No,No,Android,Edge,Debit Card,French,Night,9,Small Business,sarah.thomas824@company.com,,0
33714,Thomas Williams,thomas.williams684@outlook.com,Cloud Storage,Subscription Cancellation,I would like to request a refund for the recent charge.,Explained billing breakdown and clarified applicable charges.,Medium,Closed,Phone,North America,49,Other,Basic,37,13,5,16.22,141.82,2022-06-28,2022-07-12,Yes,No,MacOS,Firefox,Debit Card,German,Evening,10,Individual,thomas.williams684@outlook.com,,0
166281,Jessica Miller,jessica.miller68@hotmail.com,E-commerce Store,Subscription Cancellation,There seems to be a discrepancy in my billing statement for this month.,The duplicate charge was reversed and refund processed within 3-5 business days.,High,Open,Social Media,North America,68,Other,Enterprise,4,8,3,29.6,193.42,2024-07-18,2024-07-31,Yes,No,Windows,Safari,Debit Card,Spanish,Afternoon,4,Small Business,jessica.miller68@hotmail.com,,0
138310,Thomas Martinez,thomas.martinez103@gmail.com,Analytics Dashboard,Account Suspension,I am unable to access my account after entering the correct credentials.,Security settings updated and customer notified of precautionary measures.,Urgent,Open,Social Media,Europe,42,Other,Basic,12,9,2,51.27,160.09,2023-12-29,2024-01-09,No,No,Linux,Edge,Debit Card,German,Morning,8,Small Business,thomas.martinez103@gmail.com,,0
81838,Elizabeth Miller,elizabeth.miller95@gmail.com,Analytics Dashboard,Refund Request,The system is not syncing data across devices properly.,Data synchronization restored after backend service restart.,Low,In Progress,Phone,Australia,24,Female,Free,59,7,3,20.93,191.79,2022-09-12,2022-09-12,Yes,Yes,MacOS,Chrome,PayPal,Spanish,Evening,1,Corporate,elizabeth.miller95@gmail.com,,0
103597,Karen Martinez,karen.martinez593@outlook.com,Payment Gateway,Refund Request,I would like to request a refund for the recent charge.,Subscription status corrected and confirmation email sent to customer.,Low,Pending Customer,Phone,Asia,74,Other,Free,55,13,5,27.4,192.35,2023-12-08,2023-12-22,No,No,Windows,Unknown,Crypto,Japanese,Afternoon,8,Small Business,karen.martinez593@outlook.com,,0
47421,Elizabeth Johnson,elizabeth.johnson224@company.com,Payment Gateway,Security Concern,I am unable to access my account after entering the correct credentials.,The duplicate charge was reversed and refund processed within 3-5 business days.,Low,In Progress,Social Media,Australia,56,Other,Premium,43,12,1,4.24,150.52,2023-09-09,2023-09-18,No,No,iOS,Safari,Debit Card,German,Morning,6,Corporate,elizabeth.johnson224@company.com,,0
34843,Linda Moore,linda.moore79@hotmail.com,Billing System,Security Concern,I am experiencing very slow performance while using the dashboard.,The issue was escalated to engineering and resolved in the latest patch.,High,In Progress,Social Media,North America,41,Other,Free,9,2,4,30.57,65.86,2023-09-05,2023-09-10,Yes,Yes,Windows,Safari,Debit Card,Japanese,Afternoon,9,Corporate,linda.moore79@hotmail.com,,0
55470,Robert Brown,robert.brown641@hotmail.com,API Service,Feature Request,I am experiencing very slow performance while using the dashboard.,Subscription status corrected and confirmation email sent to customer.,Urgent,Closed,Phone,Europe,39,Female,Free,33,8,3,13.75,92.29,2024-01-24,2024-02-04,Yes,Yes,iOS,Unknown,Credit Card,French,Morning,3,Individual,robert.brown641@hotmail.com,,0
38776,Linda Anderson,linda.anderson960@outlook.com,E-commerce Store,Security Concern,My subscription was cancelled without my request and I need clarification.,Payment gateway timeout issue fixed and monitoring implemented.,High,In Progress,Email,Asia,29,Male,Free,54,15,1,24.87,205.23,2022-12-12,2022-12-22,Yes,No,Linux,Safari,PayPal,German,Night,5,Small Business,linda.anderson960@outlook.com,,0
147491,Robert Miller,robert.miller555@gmail.com,Billing System,Security Concern,I am experiencing very slow performance while using the dashboard.,The issue was escalated to engineering and resolved in the latest patch.,Medium,Pending Customer,Email,South America,73,Female,Basic,31,10,2,45.58,50.07,2023-11-18,2023-11-21,Yes,No,Windows,Unknown,Debit Card,Japanese,Night,10,Individual,robert.miller555@gmail.com,,0
64253,Jessica Martin,jessica.martin397@hotmail.com,Mobile App,Login Issue,I am unable to access my account after entering the correct credentials.,Explained billing breakdown and clarified applicable charges.,Urgent,Closed,Email,South America,52,Male,Basic,17,11,2,22.93,201.0,2023-03-22,2023-04-02,Yes,No,Android,Unknown,Credit Card,Spanish,Morning,2,Individual,jessica.martin397@hotmail.com,,0
165047,Jennifer Moore,jennifer.moore968@yahoo.com,Payment Gateway,Subscription Cancellation,The application crashes whenever I try to upload a file.,The duplicate charge was reversed and refund processed within 3-5 business days.,Medium,In Progress,Social Media,Australia,63,Female,Basic,14,2,5,45.32,200.41,2023-06-14,2023-06-18,Yes,No,MacOS,Safari,Debit Card,Japanese,Evening,4,Individual,jennifer.moore968@yahoo.com,,0
141738,Linda Anderson,linda.anderson976@company.com,Mobile App,Feature Request,Two-factor authentication codes are not being delivered to my phone.,Payment gateway timeout issue fixed and monitoring implemented.,Low,In Progress,Email,North America,24,Male,Enterprise,18,12,5,42.71,154.4,2024-05-10,2024-05-19,Yes,Yes,Linux,Unknown,PayPal,German,Morning,6,Small Business,linda.anderson976@company.com,,0
134313,Sarah Jackson,sarah.jackson79@company.com,API Service,Bug Report,There seems to be a discrepancy in my billing statement for this month.,Explained billing breakdown and clarified applicable charges.,High,In Progress,Social Media,Australia,50,Other,Basic,4,6,1,29.28,124.98,2022-05-31,2022-06-03,No,No,Android,Unknown,Crypto,French,Afternoon,3,Small Business,sarah.jackson79@company.com,,0
35002,Susan Smith,susan.smith695@icloud.com,Payment Gateway,Security Concern,I am experiencing very slow performance while using the dashboard.,We have reset the account credentials and advised the customer to retry login.,Medium,Closed,Phone,Europe,45,Female,Enterprise,18,19,5,64.72,151.87,2023-11-30,2023-12-03,No,No,MacOS,Unknown,Crypto,French,Morning,6,Small Business,susan.smith695@icloud.com,,0
196550,Jennifer Brown,jennifer.brown643@icloud.com,Subscription Service,Account Suspension,The application crashes whenever I try to upload a file.,The issue was escalated to engineering and resolved in the latest patch.,High,Resolved,Phone,Europe,58,Other,Basic,43,12,1,0.54,126.44,2022-09-20,2022-10-02,Yes,Yes,Windows,Firefox,Debit Card,Chinese,Morning,5,Small Business,jennifer.brown643@icloud.com,,0
53244,William Thomas,william.thomas114@gmail.com,Billing System,Performance Issue,I am experiencing very slow performance while using the dashboard.,Security settings updated and customer notified of precautionary measures.,Urgent,Open,Social Media,Australia,56,Male,Free,30,6,4,43.62,63.24,2022-06-17,2022-06-23,Yes,Yes,Android,Chrome,Bank Transfer,German,Morning,9,Individual,william.thomas114@gmail.com,,0
20334,Richard Jackson,richard.jackson944@hotmail.com,E-commerce Store,Data Sync Issue,There seems to be a discrepancy in my billing statement for this month.,Payment gateway timeout issue fixed and monitoring implemented.,Medium,Closed,Email,South America,26,Female,Enterprise,49,0,3,59.58,171.56,2022-10-16,2022-10-30,Yes,Yes,Android,Unknown,Crypto,English,Afternoon,2,Small Business,richard.jackson944@hotmail.com,,0
124290,John Anderson,john.anderson272@icloud.com,E-commerce Store,Refund Request,I am experiencing very slow performance while using the dashboard.,Security settings updated and customer notified of precautionary measures.,Medium,Resolved,Email,South America,51,Other,Free,7,20,4,64.55,139.95,2024-05-24,2024-06-01,Yes,No,iOS,Firefox,Credit Card,English,Morning,6,Individual,john.anderson272@icloud.com,,0
78194,John Wilson,john.wilson506@icloud.com,Web Portal,Account Suspension,I am experiencing very slow performance while using the dashboard.,Payment gateway timeout issue fixed and monitoring implemented.,Low,Closed,Chat,Asia,43,Female,Premium,41,17,3,26.1,87.46,2022-08-29,2022-08-29,Yes,No,Android,Safari,Crypto,German,Evening,2,Corporate,john.wilson506@icloud.com,,0
163595,Richard Martin,richard.martin891@gmail.com,Analytics Dashboard,Payment Problem,The system is not syncing data across devices properly.,Security settings updated and customer notified of precautionary measures.,Low,Pending Customer,Chat,North America,45,Female,Basic,15,12,3,58.7,103.62,2022-05-13,2022-05-22,Yes,Yes,iOS,Firefox,PayPal,German,Afternoon,3,Individual,richard.martin891@gmail.com,,0
64350,Mary Martinez,mary.martinez831@icloud.com,Analytics Dashboard,Login Issue,The payment was deducted from my bank account but the transaction shows failed.,Payment gateway timeout issue fixed and monitoring implemented.,High,Resolved,Phone,Australia,52,Female,Free,4,12,3,9.46,141.84,2022-10-09,2022-10-22,No,Yes,Windows,Chrome,Crypto,Japanese,Evening,8,Small Business,mary.martinez831@icloud.com,,0
22923,Sarah Moore,sarah.moore436@gmail.com,Cloud Storage,Account Suspension,Two-factor authentication codes are not being delivered to my phone.,Bug logged internally and workaround shared with the customer.,Low,Resolved,Social Media,Europe,56,Female,Free,25,11,5,35.53,141.37,2024-12-25,2024-12-26,No,No,MacOS,Chrome,Credit Card,English,Evening,3,Corporate,sarah.moore436@gmail.com,,0
197814,Jennifer Smith,jennifer.smith750@outlook.com,Payment Gateway,Performance Issue,I am experiencing very slow performance while using the dashboard.,Bug logged internally and workaround shared with the customer.,Low,In Progress,Chat,Africa,49,Female,Basic,38,0,3,60.14,43.25,2022-12-14,2022-12-17,Yes,No,Android,Firefox,PayPal,Chinese,Morning,10,Individual,jennifer.smith750@outlook.com,,0
135535,Elizabeth Davis,elizabeth.davis671@icloud.com,Web Portal,Feature Request,My subscription was cancelled without my request and I need clarification.,Provided step-by-step troubleshooting instructions and issue resolved.,High,Pending Customer,Web Form,South America,27,Male,Free,16,7,2,44.84,61.02,2024-08-22,2024-09-01,No,No,iOS,Edge,Debit Card,Chinese,Evening,2,Small Business,elizabeth.davis671@icloud.com,,0
184075,John Gonzalez,john.gonzalez289@hotmail.com,API Service,Performance Issue,The application crashes whenever I try to upload a file.,Explained billing breakdown and clarified applicable charges.,Urgent,Open,Chat,Europe,21,Other,Basic,33,2,4,15.45,238.56,2023-10-11,2023-10-23,Yes,Yes,Android,Unknown,PayPal,English,Afternoon,1,Small Business,john.gonzalez289@hotmail.com,,0
124943,Richard Taylor,richard.taylor742@hotmail.com,Cloud Storage,Data Sync Issue,The payment was deducted from my bank account but the transaction shows failed.,Data synchronization restored after backend service restart.,Medium,Resolved,Chat,Australia,34,Female,Basic,35,16,4,66.46,179.32,2022-09-27,2022-10-04,Yes,No,Windows,Unknown,Debit Card,German,Afternoon,5,Small Business,richard.taylor742@hotmail.com,,0
85135,Elizabeth Gonzalez,elizabeth.gonzalez647@company.com,Web Portal,Security Concern,Two-factor authentication codes are not being delivered to my phone.,Explained billing breakdown and clarified applicable charges.,Urgent,In Progress,Chat,Africa,28,Male,Basic,38,8,2,68.6,57.27,2024-04-11,2024-04-21,Yes,Yes,Linux,Unknown,PayPal,Spanish,Evening,4,Corporate,elizabeth.gonzalez647@company.com,,0
134138,James Anderson,james.anderson222@outlook.com,Web Portal,Data Sync Issue,The system is not syncing data across devices properly.,Data synchronization restored after backend service restart.,Urgent,Open,Email,Australia,39,Male,Premium,26,4,3,32.43,24.14,2023-07-19,2023-08-02,Yes,No,MacOS,Chrome,Bank Transfer,Spanish,Morning,5,Corporate,james.anderson222@outlook.com,,0
148303,William Brown,william.brown253@icloud.com,Billing System,Login Issue,There seems to be a discrepancy in my billing statement for this month.,Security settings updated and customer notified of precautionary measures.,Medium,Open,Email,Europe,28,Female,Free,53,12,5,67.58,161.39,2024-07-02,2024-07-11,Yes,Yes,Android,Chrome,PayPal,English,Evening,8,Individual,william.brown253@icloud.com,,0
40471,Richard Smith,richard.smith600@hotmail.com,E-commerce Store,Account Suspension,There seems to be a discrepancy in my billing statement for this month.,Explained billing breakdown and clarified applicable charges.,Medium,Closed,Social Media,South America,47,Other,Free,21,5,4,42.19,154.65,2024-09-29,2024-10-03,No,Yes,MacOS,Edge,PayPal,Spanish,Afternoon,1,Small Business,richard.smith600@hotmail.com,,0
98121,William Taylor,william.taylor590@outlook.com,Subscription Service,Login Issue,There seems to be a discrepancy in my billing statement for this month.,Provided step-by-step troubleshooting instructions and issue resolved.,Low,Pending Customer,Chat,Australia,25,Male,Free,26,14,5,12.25,125.36,2024-09-02,2024-09-08,Yes,Yes,Windows,Unknown,PayPal,English,Night,5,Individual,william.taylor590@outlook.com,,0
38521,Elizabeth Brown,elizabeth.brown717@outlook.com,Cloud Storage,Login Issue,I would like to request a refund for the recent charge.,Subscription status corrected and confirmation email sent to customer.,Low,In Progress,Phone,Africa,45,Female,Free,9,1,2,27.38,19.91,2022-10-09,2022-10-13,No,No,iOS,Firefox,Debit Card,Japanese,Night,10,Small Business,elizabeth.brown717@outlook.com,,0
103372,Sarah Garcia,sarah.garcia102@icloud.com,API Service,Data Sync Issue,I am experiencing very slow performance while using the dashboard.,Data synchronization restored after backend service restart.,High,Pending Customer,Email,South America,62,Other,Premium,50,19,5,39.34,86.25,2022-06-27,2022-07-09,No,No,Android,Safari,PayPal,Spanish,Morning,3,Small Business,sarah.garcia102@icloud.com,,0
187737,Barbara Anderson,barbara.anderson499@hotmail.com,Analytics Dashboard,Account Suspension,There seems to be a discrepancy in my billing statement for this month.,The issue was escalated to engineering and resolved in the latest patch.,High,In Progress,Chat,North America,69,Other,Enterprise,24,10,3,20.73,9.62,2023-10-17,2023-10-24,Yes,No,Windows,Chrome,Bank Transfer,German,Afternoon,7,Corporate,barbara.anderson499@hotmail.com,,0
190267,Linda Davis,linda.davis978@gmail.com,Billing System,Bug Report,The application crashes whenever I try to upload a file.,Subscription status corrected and confirmation email sent to customer.,Medium,Closed,Email,South America,32,Male,Enterprise,11,20,5,65.46,47.18,2023-12-02,2023-12-03,Yes,No,iOS,Unknown,PayPal,German,Morning,9,Corporate,linda.davis978@gmail.com,,0
139258,Linda Jackson,linda.jackson866@hotmail.com,Mobile App,Security Concern,Two-factor authentication codes are not being delivered to my phone.,Provided step-by-step troubleshooting instructions and issue resolved.,Medium,Closed,Chat,Asia,21,Male,Free,36,18,2,36.76,35.24,2022-10-31,2022-11-06,No,No,Linux,Edge,Crypto,Spanish,Evening,4,Corporate,linda.jackson866@hotmail.com,,0
192261,Charles Taylor,charles.taylor576@icloud.com,API Service,Security Concern,The application crashes whenever I try to upload a file.,The issue was escalated to engineering and resolved in the latest patch.,Low,In Progress,Social Media,North America,56,Female,Free,45,0,3,23.12,76.55,2024-02-18,2024-02-29,No,Yes,iOS,Unknown,Debit Card,Japanese,Evening,6,Corporate,charles.taylor576@icloud.com,,0
36734,Robert Thomas,robert.thomas941@hotmail.com,Cloud Storage,Login Issue,The application crashes whenever I try to upload a file.,Data synchronization restored after backend service restart.,Urgent,Resolved,Social Media,Asia,24,Other,Enterprise,19,12,5,66.41,212.24,2022-05-20,2022-06-03,Yes,No,Android,Firefox,Debit Card,Chinese,Afternoon,2,Small Business,robert.thomas941@hotmail.com,,0
50327,Jennifer Martinez,jennifer.martinez972@gmail.com,E-commerce Store,Login Issue,There seems to be a discrepancy in my billing statement for this month.,Explained billing breakdown and clarified applicable charges.,Low,Closed,Email,North America,66,Male,Basic,5,15,5,57.06,198.65,2024-04-28,2024-05-06,Yes,No,Windows,Firefox,Bank Transfer,English,Afternoon,8,Small Business,jennifer.martinez972@gmail.com,,0
178763,Karen Anderson,karen.anderson605@yahoo.com,Subscription Service,Payment Problem,My subscription was cancelled without my request and I need clarification.,Bug logged internally and workaround shared with the customer.,Urgent,Pending Customer,Email,South America,22,Male,Premium,20,18,1,51.09,112.71,2022-01-25,2022-02-05,Yes,No,MacOS,Chrome,PayPal,Spanish,Afternoon,10,Small Business,karen.anderson605@yahoo.com,,0
62643,Jennifer Miller,jennifer.miller243@outlook.com,Subscription Service,Refund Request,I am experiencing very slow performance while using the dashboard.,Payment gateway timeout issue fixed and monitoring implemented.,Urgent,Resolved,Chat,North America,22,Female,Enterprise,12,13,5,35.35,86.43,2022-06-22,2022-07-03,No,No,Windows,Safari,Crypto,English,Night,9,Individual,jennifer.miller243@outlook.com,,0
35587,Jennifer Jackson,jennifer.jackson850@hotmail.com,API Service,Refund Request,The payment was deducted from my bank account but the transaction shows failed.,Payment gateway timeout issue fixed and monitoring implemented.,Urgent,Pending Customer,Web Form,North America,37,Male,Enterprise,53,4,3,16.64,79.07,2024-04-29,2024-05-10,No,Yes,MacOS,Safari,PayPal,French,Morning,7,Corporate,jennifer.jackson850@hotmail.com,2023-07-03,0
17986,Linda Jackson,linda.jackson283@outlook.com,Payment Gateway,Bug Report,The payment was deducted from my bank account but the transaction shows failed.,The issue was escalated to engineering and resolved in the latest patch.,Urgent,Resolved,Email,Asia,33,Male,Premium,47,9,1,58.2,145.01,2022-03-19,2022-03-21,No,No,Android,Safari,PayPal,Japanese,Afternoon,3,Small Business,linda.jackson283@outlook.com,,0
198001,Robert Moore,robert.moore665@yahoo.com,Web Portal,Payment Problem,My subscription was cancelled without my request and I need clarification.,Provided step-by-step troubleshooting instructions and issue resolved.,Urgent,Resolved,Social Media,Europe,72,Female,Enterprise,56,1,3,52.39,149.2,2022-01-28,2022-02-01,Yes,Yes,MacOS,Safari,Bank Transfer,English,Morning,1,Corporate,robert.moore665@yahoo.com,,0
193259,Patricia Jackson,patricia.jackson32@icloud.com,Payment Gateway,Login Issue,My subscription was cancelled without my request and I need clarification.,Data synchronization restored after backend service restart.,High,In Progress,Phone,Asia,26,Other,Basic,58,4,2,43.14,15.75,2022-06-15,2022-06-18,No,No,Android,Safari,Credit Card,Japanese,Evening,6,Small Business,patricia.jackson32@icloud.com,,0
183783,Jessica Moore,jessica.moore354@company.com,Subscription Service,Subscription Cancellation,The payment was deducted from my bank account but the transaction shows failed.,Payment gateway timeout issue fixed and monitoring implemented.,High,In Progress,Phone,North America,29,Male,Enterprise,46,15,5,37.53,155.43,2023-11-15,2023-11-22,Yes,Yes,Windows,Edge,Debit Card,English,Morning,2,Small Business,jessica.moore354@company.com,,0
85727,Jessica Lopez,jessica.lopez649@yahoo.com,CRM Platform,Account Suspension,Two-factor authentication codes are not being delivered to my phone.,Data synchronization restored after backend service restart.,Urgent,Resolved,Email,South America,40,Male,Enterprise,41,10,4,24.77,22.75,2024-12-30,2025-01-09,Yes,Yes,iOS,Safari,Bank Transfer,Chinese,Night,6,Corporate,jessica.lopez649@yahoo.com,2023-05-14,0
78589,Susan Taylor,susan.taylor623@yahoo.com,Mobile App,Subscription Cancellation,My subscription was cancelled without my request and I need clarification.,Subscription status corrected and confirmation email sent to customer.,Urgent,Resolved,Web Form,Africa,36,Male,Basic,3,2,5,49.13,121.63,2022-02-23,2022-02-25,Yes,No,MacOS,Unknown,Crypto,Spanish,Night,6,Individual,susan.taylor623@yahoo.com,,0
65698,Jennifer Garcia,jennifer.garcia204@gmail.com,Analytics Dashboard,Security Concern,The system is not syncing data across devices properly.,Security settings updated and customer notified of precautionary measures.,High,In Progress,Phone,Australia,51,Male,Basic,35,16,2,39.48,116.83,2023-05-15,2023-05-22,No,No,iOS,Unknown,Bank Transfer,Chinese,Night,1,Individual,jennifer.garcia204@gmail.com,,0
97863,Mary Moore,mary.moore148@yahoo.com,Payment Gateway,Security Concern,I am experiencing very slow performance while using the dashboard.,Payment gateway timeout issue fixed and monitoring implemented.,High,Resolved,Chat,South America,69,Other,Premium,10,7,3,13.11,56.02,2024-01-03,2024-01-16,No,No,Android,Firefox,PayPal,Spanish,Night,6,Small Business,mary.moore148@yahoo.com,,0
192307,Jessica Jones,jessica.jones5@hotmail.com,Mobile App,Bug Report,The system is not syncing data across devices properly.,The duplicate charge was reversed and refund processed within 3-5 business days.,Medium,Closed,Phone,Europe,27,Other,Enterprise,18,6,2,22.93,7.61,2023-05-28,2023-05-28,No,No,Android,Firefox,PayPal,Spanish,Morning,1,Small Business,jessica.jones5@hotmail.com,,0
156776,Michael Garcia,michael.garcia326@yahoo.com,API Service,Payment Problem,My subscription was cancelled without my request and I need clarification.,Payment gateway timeout issue fixed and monitoring implemented.,High,Pending Customer,Web Form,Asia,71,Male,Free,18,19,3,37.97,203.67,2024-12-04,2024-12-16,Yes,Yes,Linux,Unknown,Bank Transfer,Japanese,Evening,8,Small Business,michael.garcia326@yahoo.com,,0
173941,Joseph Brown,joseph.brown533@hotmail.com,Subscription Service,Login Issue,I found a bug in the latest update affecting report generation.,The issue was escalated to engineering and resolved in the latest patch.,Urgent,Open,Web Form,Australia,55,Other,Free,19,20,5,53.77,177.37,2024-01-29,2024-01-30,Yes,Yes,Windows,Edge,Credit Card,English,Evening,8,Individual,joseph.brown533@hotmail.com,2023-10-09,0
133356,William Smith,william.smith146@company.com,API Service,Data Sync Issue,There seems to be a discrepancy in my billing statement for this month.,Data synchronization restored after backend service restart.,Low,Pending Customer,Web Form,Asia,68,Male,Enterprise,48,18,1,61.51,151.47,2023-04-06,2023-04-16,Yes,No,Android,Chrome,PayPal,German,Night,5,Corporate,william.smith146@company.com,,0
199482,Susan Taylor,susan.taylor4@yahoo.com,Web Portal,Feature Request,The application crashes whenever I try to upload a file.,Provided step-by-step troubleshooting instructions and issue resolved.,Urgent,In Progress,Chat,Asia,57,Male,Premium,35,17,4,9.62,23.83,2022-05-30,2022-06-08,Yes,Yes,MacOS,Edge,PayPal,French,Night,4,Small Business,susan.taylor4@yahoo.com,,0
39413,James Davis,james.davis565@yahoo.com,Payment Gateway,Subscription Cancellation,I would like to request a refund for the recent charge.,Provided step-by-step troubleshooting instructions and issue resolved.,Medium,Resolved,Email,Asia,46,Other,Basic,32,13,5,20.87,18.48,2024-09-15,2024-09-23,Yes,No,iOS,Firefox,Debit Card,Chinese,Morning,2,Individual,james.davis565@yahoo.com,,0
113503,David Smith,david.smith316@gmail.com,Payment Gateway,Security Concern,I found a bug in the latest update affecting report generation.,The duplicate charge was reversed and refund processed within 3-5 business days.,High,Resolved,Phone,South America,67,Other,Enterprise,17,0,3,24.09,113.04,2023-07-07,2023-07-09,Yes,Yes,Windows,Safari,PayPal,Spanish,Night,6,Individual,david.smith316@gmail.com,,0
21400,Barbara Martin,barbara.martin701@company.com,Billing System,Feature Request,I would like to request a refund for the recent charge.,Security settings updated and customer notified of precautionary measures.,Medium,In Progress,Phone,Asia,22,Other,Enterprise,58,17,5,31.97,224.99,2024-10-14,2024-10-15,No,No,Android,Firefox,Debit Card,German,Night,1,Small Business,barbara.martin701@company.com,,0
24703,John Hernandez,john.hernandez306@gmail.com,Subscription Service,Data Sync Issue,The payment was deducted from my bank account but the transaction shows failed.,Data synchronization restored after backend service restart.,Low,Resolved,Web Form,Asia,63,Male,Enterprise,46,10,1,37.89,127.01,2024-05-05,2024-05-18,Yes,Yes,Linux,Chrome,Bank Transfer,Chinese,Afternoon,10,Small Business,john.hernandez306@gmail.com,,0
64184,David Jones,david.jones416@gmail.com,Payment Gateway,Performance Issue,I found a bug in the latest update affecting report generation.,Bug logged internally and workaround shared with the customer.,Medium,In Progress,Chat,Asia,41,Female,Free,29,17,2,25.31,45.52,2022-02-23,2022-03-02,No,No,Linux,Unknown,Crypto,Spanish,Afternoon,6,Individual,david.jones416@gmail.com,,0
85756,Jessica Smith,jessica.smith805@yahoo.com,CRM Platform,Bug Report,I would like to request a refund for the recent charge.,The issue was escalated to engineering and resolved in the latest patch.,Medium,In Progress,Web Form,Africa,67,Female,Basic,4,11,1,38.23,75.61,2022-05-31,2022-06-05,Yes,No,Windows,Firefox,Credit Card,Spanish,Morning,6,Individual,jessica.smith805@yahoo.com,,0
19240,Susan Lopez,susan.lopez643@icloud.com,Analytics Dashboard,Login Issue,Two-factor authentication codes are not being delivered to my phone.,Data synchronization restored after backend service restart.,Low,Resolved,Chat,Asia,28,Female,Free,51,5,4,10.78,182.77,2023-03-28,2023-04-11,No,Yes,MacOS,Unknown,PayPal,Spanish,Night,3,Individual,susan.lopez643@icloud.com,,0
161208,Joseph Miller,joseph.miller764@outlook.com,Cloud Storage,Refund Request,The system is not syncing data across devices properly.,The issue was escalated to engineering and resolved in the latest patch.,Low,Open,Chat,Australia,34,Other,Free,29,20,2,69.25,147.61,2023-01-14,2023-01-19,Yes,No,Android,Edge,PayPal,Japanese,Morning,5,Individual,joseph.miller764@outlook.com,,0
83831,Elizabeth Anderson,elizabeth.anderson702@company.com,Payment Gateway,Account Suspension,Two-factor authentication codes are not being delivered to my phone.,The duplicate charge was reversed and refund processed within 3-5 business days.,Low,In Progress,Email,Europe,27,Male,Basic,33,7,1,71.78,58.28,2022-04-07,2022-04-08,No,No,Android,Edge,Bank Transfer,French,Morning,3,Individual,elizabeth.anderson702@company.com,,0
45231,William Jackson,william.jackson416@yahoo.com,Cloud Storage,Refund Request,Two-factor authentication codes are not being delivered to my phone.,Bug logged internally and workaround shared with the customer.,Urgent,In Progress,Web Form,Europe,18,Other,Basic,7,4,1,2.63,36.12,2022-08-10,2022-08-21,No,Yes,Android,Firefox,Debit Card,French,Morning,9,Individual,william.jackson416@yahoo.com,,0
98202,William Lopez,william.lopez711@outlook.com,Payment Gateway,Account Suspension,I would like to request a refund for the recent charge.,Provided step-by-step troubleshooting instructions and issue resolved.,Urgent,Pending Customer,Email,South America,27,Male,Enterprise,7,6,3,29.73,141.09,2023-12-12,2023-12-13,Yes,No,iOS,Firefox,Bank Transfer,Japanese,Night,9,Small Business,william.lopez711@outlook.com,,0
92124,Jennifer Wilson,jennifer.wilson777@yahoo.com,Payment Gateway,Subscription Cancellation,I am unable to access my account after entering the correct credentials.,Provided step-by-step troubleshooting instructions and issue resolved.,Medium,Resolved,Phone,Europe,35,Male,Enterprise,14,1,5,24.54,50.38,2023-02-26,2023-03-04,Yes,Yes,Windows,Firefox,Credit Card,German,Night,5,Individual,jennifer.wilson777@yahoo.com,,0
178483,Richard Williams,richard.williams842@icloud.com,Analytics Dashboard,Security Concern,The payment was deducted from my bank account but the transaction shows failed.,Explained billing breakdown and clarified applicable charges.,Low,Open,Web Form,Australia,75,Other,Premium,43,16,3,29.95,162.68,2022-02-15,2022-02-27,No,No,Windows,Chrome,Debit Card,French,Morning,3,Corporate,richard.williams842@icloud.com,,0
112525,Linda Taylor,linda.taylor156@icloud.com,E-commerce Store,Refund Request,I found a bug in the latest update affecting report generation.,Explained billing breakdown and clarified applicable charges.,Low,Open,Web Form,Europe,24,Male,Enterprise,42,10,4,32.41,19.74,2023-10-31,2023-11-14,No,No,Android,Chrome,Bank Transfer,Chinese,Evening,7,Individual,linda.taylor156@icloud.com,,0
150855,William Miller,william.miller871@gmail.com,Cloud Storage,Data Sync Issue,The system is not syncing data across devices properly.,Security settings updated and customer notified of precautionary measures.,Low,Closed,Email,South America,48,Other,Enterprise,35,4,4,31.15,175.28,2024-04-15,2024-04-29,No,Yes,MacOS,Firefox,Credit Card,Japanese,Afternoon,4,Corporate,william.miller871@gmail.com,,0
74335,Jessica Taylor,jessica.taylor470@yahoo.com,Subscription Service,Feature Request,I found a bug in the latest update affecting report generation.,The duplicate charge was reversed and refund processed within 3-5 business days.,Low,Resolved,Web Form,Asia,59,Other,Enterprise,14,13,3,9.46,71.71,2023-07-23,2023-07-28,No,Yes,MacOS,Edge,Debit Card,Spanish,Evening,8,Small Business,jessica.taylor470@yahoo.com,,0
88440,Susan Moore,susan.moore323@gmail.com,Web Portal,Payment Problem,I found a bug in the latest update affecting report generation.,Subscription status corrected and confirmation email sent to customer.,Low,In Progress,Web Form,South America,73,Male,Free,1,8,4,41.52,206.35,2023-05-24,2023-05-25,No,Yes,MacOS,Chrome,Crypto,Spanish,Afternoon,9,Corporate,susan.moore323@gmail.com,,0
95267,William Hernandez,william.hernandez833@gmail.com,API Service,Feature Request,The system is not syncing data across devices properly.,Security settings updated and customer notified of precautionary measures.,Low,Closed,Email,Europe,37,Other,Free,47,2,5,7.13,139.12,2023-03-17,2023-03-19,Yes,Yes,Windows,Firefox,Debit Card,Japanese,Night,2,Corporate,william.hernandez833@gmail.com,,0
181698,Elizabeth Martinez,elizabeth.martinez808@yahoo.com,Mobile App,Subscription Cancellation,The payment was deducted from my bank account but the transaction shows failed.,Security settings updated and customer notified of precautionary measures.,High,In Progress,Phone,Asia,32,Female,Enterprise,57,9,4,28.79,170.75,2022-06-22,2022-07-06,Yes,Yes,Linux,Firefox,Credit Card,English,Evening,9,Small Business,elizabeth.martinez808@yahoo.com,,0
32188,Sarah Thomas,sarah.thomas426@yahoo.com,Payment Gateway,Login Issue,The system is not syncing data across devices properly.,The duplicate charge was reversed and refund processed within 3-5 business days.,High,Pending Customer,Social Media,Africa,36,Male,Basic,31,8,1,31.86,123.3,2022-06-10,2022-06-13,Yes,Yes,Windows,Chrome,Bank Transfer,English,Night,6,Corporate,sarah.thomas426@yahoo.com,,0
158386,Mary Moore,mary.moore345@outlook.com,Analytics Dashboard,Feature Request,My subscription was cancelled without my request and I need clarification.,The issue was escalated to engineering and resolved in the latest patch.,Low,In Progress,Email,Europe,27,Other,Premium,51,19,3,54.78,142.3,2022-06-13,2022-06-20,No,No,MacOS,Safari,Crypto,Chinese,Morning,1,Individual,mary.moore345@outlook.com,,0
33499,Michael Jones,michael.jones467@yahoo.com,API Service,Subscription Cancellation,Two-factor authentication codes are not being delivered to my phone.,The duplicate charge was reversed and refund processed within 3-5 business days.,Low,In Progress,Social Media,North America,71,Other,Enterprise,43,8,1,29.91,222.41,2022-10-27,2022-10-31,No,No,Windows,Safari,Crypto,Chinese,Evening,5,Individual,michael.jones467@yahoo.com,,0
30478,William Martin,william.martin953@hotmail.com,Billing System,Refund Request,The application crashes whenever I try to upload a file.,Data synchronization restored after backend service restart.,Urgent,Open,Email,Europe,53,Other,Free,50,3,5,68.4,84.27,2022-11-21,2022-11-29,No,Yes,MacOS,Safari,PayPal,Japanese,Afternoon,1,Individual,william.martin953@hotmail.com,,0
51329,Jennifer Taylor,jennifer.taylor579@outlook.com,Billing System,Account Suspension,The system is not syncing data across devices properly.,Data synchronization restored after backend service restart.,Low,Resolved,Phone,Australia,60,Other,Enterprise,45,5,4,69.62,92.32,2023-07-29,2023-08-09,Yes,No,Linux,Edge,Crypto,French,Evening,3,Small Business,jennifer.taylor579@outlook.com,,0
21130,Elizabeth Miller,elizabeth.miller334@company.com,Subscription Service,Bug Report,I would like to request a refund for the recent charge.,Payment gateway timeout issue fixed and monitoring implemented.,Low,Open,Chat,Australia,47,Other,Free,34,13,3,66.18,53.36,2024-08-25,2024-08-27,No,No,iOS,Chrome,Credit Card,Chinese,Night,4,Small Business,elizabeth.miller334@company.com,,0
5841,Jennifer Smith,jennifer.smith213@hotmail.com,Cloud Storage,Subscription Cancellation,The application crashes whenever I try to upload a file.,Explained billing breakdown and clarified applicable charges.,Low,Resolved,Chat,Asia,34,Male,Free,48,11,1,41.68,118.6,2023-07-16,2023-07-23,Yes,No,iOS,Chrome,Credit Card,Spanish,Evening,4,Individual,jennifer.smith213@hotmail.com,,0
57709,Thomas Martin,thomas.martin889@company.com,API Service,Refund Request,I am unable to access my account after entering the correct credentials.,The duplicate charge was reversed and refund processed within 3-5 business days.,Low,Resolved,Email,North America,49,Other,Premium,14,10,4,35.05,57.38,2024-06-12,2024-06-26,Yes,No,Linux,Edge,Bank Transfer,German,Evening,5,Small Business,thomas.martin889@company.com,,0
59239,Jessica Jones,jessica.jones596@yahoo.com,Cloud Storage,Account Suspension,I found a bug in the latest update affecting report generation.,Bug logged internally and workaround shared with the customer.,Medium,Pending Customer,Phone,Europe,22,Female,Basic,43,11,4,26.59,59.23,2022-05-29,2022-06-08,No,Yes,Linux,Edge,PayPal,Chinese,Afternoon,3,Corporate,jessica.jones596@yahoo.com,,0
120646,Patricia Smith,patricia.smith396@company.com,Cloud Storage,Subscription Cancellation,There seems to be a discrepancy in my billing statement for this month.,The duplicate charge was reversed and refund processed within 3-5 business days.,High,In Progress,Social Media,Asia,25,Female,Enterprise,60,1,3,29.62,153.22,2024-11-16,2024-11-21,Yes,No,Linux,Chrome,Debit Card,French,Night,1,Small Business,patricia.smith396@company.com,,0
14880,John Hernandez,john.hernandez271@yahoo.com,CRM Platform,Login Issue,The application crashes whenever I try to upload a file.,Data synchronization restored after backend service restart.,Low,Resolved,Email,Europe,58,Male,Free,46,14,3,31.16,228.43,2022-03-18,2022-03-22,No,No,iOS,Edge,Crypto,Spanish,Morning,2,Individual,john.hernandez271@yahoo.com,,0
91083,Sarah Jackson,sarah.jackson657@company.com,Billing System,Account Suspension,I am experiencing very slow performance while using the dashboard.,Provided step-by-step troubleshooting instructions and issue resolved.,Medium,Resolved,Chat,Africa,31,Male,Free,10,14,4,20.42,26.75,2024-10-28,2024-11-09,Yes,Yes,iOS,Firefox,Credit Card,Japanese,Night,10,Individual,sarah.jackson657@company.com,,0
108604,Karen Rodriguez,karen.rodriguez379@company.com,Billing System,Subscription Cancellation,I found a bug in the latest update affecting report generation.,The issue was escalated to engineering and resolved in the latest patch.,Medium,In Progress,Social Media,Australia,31,Male,Free,56,0,1,66.98,225.95,2023-06-19,2023-06-23,No,No,MacOS,Unknown,Credit Card,Spanish,Evening,5,Small Business,karen.rodriguez379@company.com,,0
160676,Sarah Taylor,sarah.taylor47@icloud.com,E-commerce Store,Login Issue,The payment was deducted from my bank account but the transaction shows failed.,Provided step-by-step troubleshooting instructions and issue resolved.,Medium,Resolved,Phone,Europe,28,Female,Free,50,11,4,2.66,27.64,2024-10-24,2024-10-30,No,Yes,Windows,Firefox,Crypto,Chinese,Night,7,Corporate,sarah.taylor47@icloud.com,,0
103104,William Moore,william.moore408@company.com,Web Portal,Security Concern,I found a bug in the latest update affecting report generation.,Explained billing breakdown and clarified applicable charges.,Low,In Progress,Email,Asia,44,Female,Basic,34,8,1,67.61,176.06,2024-09-23,2024-10-02,No,No,Windows,Chrome,PayPal,French,Night,9,Corporate,william.moore408@company.com,,0
18687,Michael Hernandez,michael.hernandez325@outlook.com,API Service,Security Concern,The payment was deducted from my bank account but the transaction shows failed.,The duplicate charge was reversed and refund processed within 3-5 business days.,Medium,Resolved,Web Form,Australia,30,Male,Free,5,0,2,61.74,69.05,2022-12-31,2023-01-01,No,Yes,MacOS,Safari,Bank Transfer,Spanish,Evening,8,Small Business,michael.hernandez325@outlook.com,,0
15022,Jennifer Johnson,jennifer.johnson963@yahoo.com,E-commerce Store,Feature Request,My subscription was cancelled without my request and I need clarification.,Bug logged internally and workaround shared with the customer.,Urgent,Pending Customer,Web Form,Australia,56,Female,Basic,44,9,5,14.45,200.28,2024-12-22,2025-01-03,Yes,Yes,Android,Edge,Bank Transfer,Japanese,Night,8,Corporate,jennifer.johnson963@yahoo.com,,0
93870,Linda Smith,linda.smith224@outlook.com,API Service,Subscription Cancellation,I found a bug in the latest update affecting report generation.,Provided step-by-step troubleshooting instructions and issue resolved.,Urgent,In Progress,Phone,North America,18,Female,Free,9,14,1,24.68,63.45,2023-02-06,2023-02-13,Yes,Yes,Windows,Firefox,Credit Card,Spanish,Morning,7,Individual,linda.smith224@outlook.com,,0
154172,Barbara Anderson,barbara.anderson343@gmail.com,Web Portal,Account Suspension,My subscription was cancelled without my request and I need clarification.,Subscription status corrected and confirmation email sent to customer.,Medium,Closed,Phone,Europe,60,Male,Enterprise,23,6,2,39.56,23.89,2022-12-16,2022-12-20,No,No,Linux,Chrome,Bank Transfer,Spanish,Evening,6,Individual,barbara.anderson343@gmail.com,,0
50280,Jessica Thomas,jessica.thomas199@gmail.com,Analytics Dashboard,Data Sync Issue,There seems to be a discrepancy in my billing statement for this month.,Explained billing breakdown and clarified applicable charges.,High,Open,Email,Europe,19,Male,Premium,35,20,2,21.64,156.42,2024-06-16,2024-06-18,Yes,Yes,Linux,Firefox,PayPal,Spanish,Morning,1,Corporate,jessica.thomas199@gmail.com,,0
177240,William Smith,william.smith20@gmail.com,Billing System,Bug Report,I would like to request a refund for the recent charge.,Payment gateway timeout issue fixed and monitoring implemented.,Urgent,Closed,Chat,Europe,18,Female,Premium,8,4,3,24.08,7.39,2022-01-16,2022-01-30,Yes,Yes,MacOS,Chrome,Credit Card,Chinese,Afternoon,7,Corporate,william.smith20@gmail.com,,0
25072,Michael Martinez,michael.martinez927@company.com,Cloud Storage,Refund Request,I am experiencing very slow performance while using the dashboard.,Explained billing breakdown and clarified applicable charges.,High,Open,Chat,Australia,34,Female,Free,55,16,5,61.72,74.55,2024-03-03,2024-03-12,No,Yes,Windows,Edge,PayPal,French,Evening,4,Corporate,michael.martinez927@company.com,,0
50525,Charles Brown,charles.brown664@gmail.com,API Service,Data Sync Issue,I am unable to access my account after entering the correct credentials.,Payment gateway timeout issue fixed and monitoring implemented.,Low,Open,Chat,South America,53,Other,Enterprise,57,4,2,39.77,52.55,2023-03-14,2023-03-26,No,Yes,Linux,Firefox,Credit Card,French,Afternoon,1,Individual,charles.brown664@gmail.com,,0
11706,Elizabeth Hernandez,elizabeth.hernandez73@outlook.com,CRM Platform,Refund Request,The application crashes whenever I try to upload a file.,Payment gateway timeout issue fixed and monitoring implemented.,High,Resolved,Email,North America,68,Other,Premium,23,13,3,21.99,31.48,2024-07-05,2024-07-06,Yes,No,iOS,Edge,Credit Card,Japanese,Afternoon,9,Individual,elizabeth.hernandez73@outlook.com,,0
86973,David Gonzalez,david.gonzalez834@outlook.com,Billing System,Payment Problem,The system is not syncing data across devices properly.,We have reset the account credentials and advised the customer to retry login.,High,Closed,Web Form,Australia,53,Male,Premium,18,15,2,23.89,56.95,2024-07-14,2024-07-25,No,No,Windows,Edge,Bank Transfer,French,Night,9,Corporate,david.gonzalez834@outlook.com,,0
129290,William Rodriguez,william.rodriguez213@gmail.com,Web Portal,Refund Request,I would like to request a refund for the recent charge.,The issue was escalated to engineering and resolved in the latest patch.,High,In Progress,Social Media,Australia,36,Other,Enterprise,42,7,3,9.42,54.7,2024-07-10,2024-07-15,No,Yes,Windows,Safari,Credit Card,Spanish,Night,3,Individual,william.rodriguez213@gmail.com,,0
186929,Karen Hernandez,karen.hernandez183@outlook.com,Mobile App,Security Concern,The application crashes whenever I try to upload a file.,Security settings updated and customer notified of precautionary measures.,High,Closed,Chat,South America,72,Female,Premium,8,16,3,52.07,126.26,2022-08-14,2022-08-23,No,Yes,Windows,Edge,Crypto,Japanese,Evening,10,Corporate,karen.hernandez183@outlook.com,,0
41901,Sarah Davis,sarah.davis871@hotmail.com,CRM Platform,Subscription Cancellation,The payment was deducted from my bank account but the transaction shows failed.,Bug logged internally and workaround shared with the customer.,Urgent,Pending Customer,Chat,Australia,55,Female,Premium,53,5,5,42.36,13.61,2023-07-19,2023-07-30,Yes,Yes,Linux,Safari,Credit Card,English,Morning,5,Corporate,sarah.davis871@hotmail.com,,0
23466,Karen Martin,karen.martin146@hotmail.com,CRM Platform,Refund Request,Two-factor authentication codes are not being delivered to my phone.,Payment gateway timeout issue fixed and monitoring implemented.,Medium,Pending Customer,Web Form,North America,70,Male,Basic,56,12,2,49.71,91.75,2022-03-03,2022-03-12,No,No,iOS,Safari,Debit Card,Spanish,Morning,7,Small Business,karen.martin146@hotmail.com,,0
122088,Richard Taylor,richard.taylor227@icloud.com,Web Portal,Security Concern,I am experiencing very slow performance while using the dashboard.,Security settings updated and customer notified of precautionary measures.,Medium,In Progress,Phone,Asia,70,Female,Basic,15,10,2,22.74,217.26,2022-04-08,2022-04-18,No,Yes,MacOS,Chrome,Debit Card,Chinese,Evening,4,Corporate,richard.taylor227@icloud.com,,0
50096,Barbara Miller,barbara.miller892@icloud.com,Analytics Dashboard,Performance Issue,The system is not syncing data across devices properly.,We have reset the account credentials and advised the customer to retry login.,Urgent,Resolved,Phone,Australia,40,Female,Premium,9,18,1,56.45,181.08,2022-09-24,2022-10-04,Yes,No,Android,Safari,PayPal,Chinese,Evening,9,Corporate,barbara.miller892@icloud.com,,0
42983,Joseph Anderson,joseph.anderson21@outlook.com,CRM Platform,Security Concern,The application crashes whenever I try to upload a file.,Security settings updated and customer notified of precautionary measures.,Low,Open,Phone,Europe,56,Other,Premium,9,7,5,42.2,133.18,2023-03-02,2023-03-03,Yes,Yes,MacOS,Chrome,Crypto,French,Afternoon,3,Individual,joseph.anderson21@outlook.com,2022-09-12,0
87120,Joseph Taylor,joseph.taylor684@company.com,Billing System,Account Suspension,Two-factor authentication codes are not being delivered to my phone.,Security settings updated and customer notified of precautionary measures.,Urgent,Pending Customer,Social Media,Europe,28,Female,Premium,29,15,2,9.0,156.99,2024-06-22,2024-07-04,No,Yes,iOS,Chrome,Credit Card,English,Evening,7,Small Business,joseph.taylor684@company.com,,0
136223,Jessica Brown,jessica.brown893@icloud.com,Analytics Dashboard,Refund Request,My subscription was cancelled without my request and I need clarification.,Explained billing breakdown and clarified applicable charges.,High,Closed,Social Media,Europe,57,Other,Enterprise,18,17,3,60.1,146.47,2023-03-09,2023-03-17,No,No,Android,Chrome,Credit Card,Japanese,Night,7,Individual,jessica.brown893@icloud.com,,0
75258,Mary Smith,mary.smith399@gmail.com,E-commerce Store,Bug Report,Two-factor authentication codes are not being delivered to my phone.,Data synchronization restored after backend service restart.,Low,In Progress,Email,Asia,64,Female,Enterprise,10,9,3,15.16,117.56,2024-09-05,2024-09-17,No,Yes,MacOS,Edge,PayPal,Spanish,Night,3,Small Business,mary.smith399@gmail.com,,0
191742,Jessica Williams,jessica.williams995@outlook.com,Billing System,Subscription Cancellation,I am unable to access my account after entering the correct credentials.,The issue was escalated to engineering and resolved in the latest patch.,Low,Closed,Chat,Africa,27,Male,Free,11,12,4,60.88,83.05,2024-08-22,2024-08-30,Yes,No,Linux,Edge,Crypto,German,Evening,2,Individual,jessica.williams995@outlook.com,,0
153163,John Moore,john.moore172@yahoo.com,Payment Gateway,Performance Issue,The application crashes whenever I try to upload a file.,Explained billing breakdown and clarified applicable charges.,Low,Pending Customer,Web Form,Africa,45,Other,Premium,58,19,5,67.82,210.15,2022-08-03,2022-08-09,No,No,Windows,Chrome,Crypto,Chinese,Evening,6,Individual,john.moore172@yahoo.com,,0
191148,Barbara Lopez,barbara.lopez949@outlook.com,E-commerce Store,Data Sync Issue,There seems to be a discrepancy in my billing statement for this month.,Bug logged internally and workaround shared with the customer.,High,Closed,Phone,Africa,22,Male,Basic,43,7,1,55.22,56.99,2022-09-14,2022-09-26,No,Yes,Android,Unknown,Bank Transfer,French,Evening,6,Individual,barbara.lopez949@outlook.com,,0
123504,Patricia Miller,patricia.miller78@yahoo.com,CRM Platform,Login Issue,I am unable to access my account after entering the correct credentials.,Data synchronization restored after backend service restart.,Low,Resolved,Phone,Europe,52,Female,Premium,12,2,2,3.79,52.73,2023-09-18,2023-09-27,Yes,No,MacOS,Unknown,Bank Transfer,German,Night,3,Small Business,patricia.miller78@yahoo.com,,0
21768,Jessica Hernandez,jessica.hernandez753@icloud.com,Web Portal,Performance Issue,The system is not syncing data across devices properly.,Data synchronization restored after backend service restart.,High,Open,Chat,North America,49,Female,Premium,38,8,1,5.39,166.99,2022-09-03,2022-09-16,No,No,MacOS,Unknown,Credit Card,Spanish,Afternoon,5,Small Business,jessica.hernandez753@icloud.com,,0
7693,Thomas Davis,thomas.davis434@icloud.com,Cloud Storage,Account Suspension,Two-factor authentication codes are not being delivered to my phone.,Provided step-by-step troubleshooting instructions and issue resolved.,Low,Closed,Email,North America,50,Female,Free,57,10,1,62.59,60.8,2024-04-04,2024-04-18,No,Yes,Android,Chrome,Bank Transfer,French,Night,2,Corporate,thomas.davis434@icloud.com,,0
68848,Charles Rodriguez,charles.rodriguez374@company.com,Web Portal,Subscription Cancellation,The system is not syncing data across devices properly.,Bug logged internally and workaround shared with the customer.,High,In Progress,Email,North America,48,Male,Free,54,9,5,23.1,96.64,2024-12-22,2025-01-01,No,No,iOS,Firefox,PayPal,English,Afternoon,7,Individual,charles.rodriguez374@company.com,,0
134164,Jessica Thomas,jessica.thomas496@outlook.com,CRM Platform,Login Issue,I am experiencing very slow performance while using the dashboard.,Payment gateway timeout issue fixed and monitoring implemented.,High,Closed,Social Media,South America,57,Female,Free,15,4,4,62.57,94.59,2024-02-27,2024-03-07,No,Yes,Linux,Firefox,Crypto,Spanish,Morning,7,Individual,jessica.thomas496@outlook.com,,0
193459,Barbara Smith,barbara.smith369@company.com,Web Portal,Bug Report,The system is not syncing data across devices properly.,Explained billing breakdown and clarified applicable charges.,Urgent,Pending Customer,Phone,North America,75,Female,Free,51,6,3,61.74,14.98,2024-01-24,2024-02-02,No,Yes,Android,Edge,Bank Transfer,English,Morning,3,Corporate,barbara.smith369@company.com,,0
105092,Charles Wilson,charles.wilson986@gmail.com,E-commerce Store,Feature Request,I found a bug in the latest update affecting report generation.,Security settings updated and customer notified of precautionary measures.,Low,In Progress,Phone,Europe,54,Other,Free,19,1,1,31.72,98.71,2023-01-19,2023-01-21,No,No,iOS,Edge,Debit Card,Chinese,Night,8,Small Business,charles.wilson986@gmail.com,,0
60688,Jennifer Garcia,jennifer.garcia871@yahoo.com,Web Portal,Data Sync Issue,The payment was deducted from my bank account but the transaction shows failed.,Provided step-by-step troubleshooting instructions and issue resolved.,Medium,Closed,Social Media,North America,69,Female,Enterprise,22,12,3,40.41,26.27,2022-08-24,2022-09-02,No,Yes,Android,Unknown,Crypto,French,Morning,9,Corporate,jennifer.garcia871@yahoo.com,,0
123666,Mary Miller,mary.miller635@hotmail.com,Mobile App,Account Suspension,Two-factor authentication codes are not being delivered to my phone.,Bug logged internally and workaround shared with the customer.,Medium,Resolved,Phone,Africa,42,Male,Basic,50,8,3,52.93,152.48,2024-04-02,2024-04-07,No,No,MacOS,Edge,Crypto,Japanese,Morning,2,Individual,mary.miller635@hotmail.com,,0
95129,Charles Lopez,charles.lopez834@icloud.com,Mobile App,Data Sync Issue,My subscription was cancelled without my request and I need clarification.,Data synchronization restored after backend service restart.,Urgent,Pending Customer,Web Form,North America,26,Other,Premium,10,4,5,22.88,48.99,2023-07-11,2023-07-20,Yes,No,MacOS,Chrome,Credit Card,French,Evening,9,Individual,charles.lopez834@icloud.com,,0
103280,Richard Taylor,richard.taylor747@company.com,Cloud Storage,Refund Request,I would like to request a refund for the recent charge.,Security settings updated and customer notified of precautionary measures.,Urgent,In Progress,Email,Asia,42,Other,Enterprise,13,1,3,25.81,45.61,2023-06-29,2023-07-02,No,Yes,Linux,Firefox,Bank Transfer,German,Afternoon,7,Corporate,richard.taylor747@company.com,,0
132466,Patricia Brown,patricia.brown839@yahoo.com,Analytics Dashboard,Performance Issue,Two-factor authentication codes are not being delivered to my phone.,Data synchronization restored after backend service restart.,High,Pending Customer,Web Form,North America,31,Other,Basic,24,6,3,22.51,98.18,2022-06-14,2022-06-14,No,Yes,Linux,Firefox,Crypto,French,Afternoon,3,Corporate,patricia.brown839@yahoo.com,,0
97818,Patricia Brown,patricia.brown744@yahoo.com,Analytics Dashboard,Login Issue,The application crashes whenever I try to upload a file.,The duplicate charge was reversed and refund processed within 3-5 business days.,Medium,Resolved,Web Form,Asia,30,Other,Free,39,2,1,52.18,18.65,2024-12-18,2024-12-28,No,Yes,Android,Safari,Credit Card,Japanese,Night,9,Individual,patricia.brown744@yahoo.com,,0
62756,Barbara Moore,barbara.moore84@gmail.com,E-commerce Store,Feature Request,I would like to request a refund for the recent charge.,Subscription status corrected and confirmation email sent to customer.,Urgent,In Progress,Email,Europe,72,Male,Premium,1,7,1,18.81,96.13,2024-01-15,2024-01-24,Yes,Yes,iOS,Edge,Crypto,Spanish,Evening,1,Small Business,barbara.moore84@gmail.com,2023-01-15,0
1086,Barbara Hernandez,barbara.hernandez548@icloud.com,Analytics Dashboard,Data Sync Issue,I am experiencing very slow performance while using the dashboard.,We have reset the account credentials and advised the customer to retry login.,Medium,In Progress,Phone,Asia,43,Female,Free,6,18,5,11.67,195.31,2022-04-21,2022-05-03,Yes,Yes,Android,Firefox,Crypto,English,Night,9,Individual,barbara.hernandez548@icloud.com,,0
197606,Joseph Johnson,joseph.johnson152@outlook.com,Web Portal,Login Issue,My subscription was cancelled without my request and I need clarification.,The issue was escalated to engineering and resolved in the latest patch.,High,Open,Chat,Asia,72,Other,Premium,33,6,3,22.22,89.08,2022-07-11,2022-07-22,Yes,No,Android,Unknown,PayPal,Japanese,Night,3,Individual,joseph.johnson152@outlook.com,,0
189020,Barbara Anderson,barbara.anderson676@outlook.com,Analytics Dashboard,Login Issue,I am experiencing very slow performance while using the dashboard.,Explained billing breakdown and clarified applicable charges.,High,Closed,Phone,South America,61,Male,Premium,30,16,2,30.42,1.52,2022-04-17,2022-04-25,No,Yes,Windows,Firefox,Bank Transfer,Chinese,Night,8,Small Business,barbara.anderson676@outlook.com,,0
186681,Susan Hernandez,susan.hernandez370@icloud.com,Web Portal,Performance Issue,There seems to be a discrepancy in my billing statement for this month.,Security settings updated and customer notified of precautionary measures.,Urgent,Resolved,Phone,Africa,26,Other,Premium,48,17,1,22.88,49.39,2023-01-14,2023-01-14,No,No,Android,Unknown,Bank Transfer,German,Morning,2,Corporate,susan.hernandez370@icloud.com,,0
136163,Sarah Hernandez,sarah.hernandez712@hotmail.com,E-commerce Store,Login Issue,The application crashes whenever I try to upload a file.,The issue was escalated to engineering and resolved in the latest patch.,Medium,Open,Web Form,North America,63,Male,Premium,32,11,5,38.04,140.6,2023-10-31,2023-11-04,Yes,No,Android,Firefox,PayPal,Japanese,Night,6,Individual,sarah.hernandez712@hotmail.com,,0
16170,Joseph Williams,joseph.williams54@outlook.com,API Service,Security Concern,I would like to request a refund for the recent charge.,Bug logged internally and workaround shared with the customer.,Urgent,In Progress,Chat,Europe,30,Male,Basic,32,3,3,59.71,143.01,2024-08-03,2024-08-12,Yes,No,Android,Unknown,Crypto,Japanese,Morning,2,Small Business,joseph.williams54@outlook.com,,0
111653,William Garcia,william.garcia703@yahoo.com,E-commerce Store,Bug Report,Two-factor authentication codes are not being delivered to my phone.,Bug logged internally and workaround shared with the customer.,Medium,In Progress,Web Form,South America,36,Other,Free,11,6,2,29.85,99.21,2023-09-13,2023-09-20,Yes,No,Windows,Edge,PayPal,Spanish,Night,1,Individual,william.garcia703@yahoo.com,,0
178185,Mary Martin,mary.martin811@gmail.com,Cloud Storage,Performance Issue,Two-factor authentication codes are not being delivered to my phone.,Bug logged internally and workaround shared with the customer.,Urgent,Resolved,Phone,Europe,66,Male,Enterprise,44,7,3,36.14,146.02,2023-02-08,2023-02-20,No,Yes,Linux,Chrome,Debit Card,French,Night,4,Individual,mary.martin811@gmail.com,,0
131886,Patricia Miller,patricia.miller845@hotmail.com,E-commerce Store,Performance Issue,Two-factor authentication codes are not being delivered to my phone.,Subscription status corrected and confirmation email sent to customer.,Urgent,In Progress,Phone,Africa,72,Other,Enterprise,23,6,2,50.51,61.12,2022-05-11,2022-05-16,No,No,Windows,Firefox,Debit Card,German,Morning,1,Corporate,patricia.miller845@hotmail.com,,0
5468,Robert Wilson,robert.wilson312@icloud.com,Cloud Storage,Feature Request,I am experiencing very slow performance while using the dashboard.,Payment gateway timeout issue fixed and monitoring implemented.,Low,Pending Customer,Email,South America,35,Male,Enterprise,18,3,3,22.66,69.28,2022-07-10,2022-07-13,No,Yes,Android,Chrome,Credit Card,English,Night,2,Corporate,robert.wilson312@icloud.com,,0
103849,James Jackson,james.jackson919@icloud.com,Payment Gateway,Security Concern,The payment was deducted from my bank account but the transaction shows failed.,Subscription status corrected and confirmation email sent to customer.,Low,Resolved,Chat,Australia,50,Other,Free,23,9,3,38.93,191.39,2023-03-20,2023-03-25,No,Yes,MacOS,Firefox,Debit Card,Spanish,Morning,8,Small Business,james.jackson919@icloud.com,,0
104643,Patricia Johnson,patricia.johnson211@icloud.com,E-commerce Store,Feature Request,I am unable to access my account after entering the correct credentials.,Payment gateway timeout issue fixed and monitoring implemented.,Medium,Closed,Chat,South America,22,Other,Premium,3,9,3,22.82,74.58,2024-11-21,2024-11-21,No,No,Android,Chrome,Credit Card,Chinese,Night,5,Corporate,patricia.johnson211@icloud.com,,0
6310,Charles Jones,charles.jones106@yahoo.com,Mobile App,Refund Request,There seems to be a discrepancy in my billing statement for this month.,Bug logged internally and workaround shared with the customer.,High,Resolved,Phone,Africa,52,Male,Free,19,1,1,66.08,237.45,2022-01-26,2022-02-09,Yes,Yes,Windows,Firefox,Credit Card,French,Afternoon,3,Corporate,charles.jones106@yahoo.com,,0
158361,John Lopez,john.lopez714@hotmail.com,Analytics Dashboard,Bug Report,I would like to request a refund for the recent charge.,The duplicate charge was reversed and refund processed within 3-5 business days.,High,Pending Customer,Chat,Africa,70,Other,Enterprise,18,20,4,40.53,111.75,2022-03-08,2022-03-12,Yes,No,Linux,Firefox,Debit Card,Japanese,Evening,10,Individual,john.lopez714@hotmail.com,,0
52606,Barbara Johnson,barbara.johnson402@icloud.com,Payment Gateway,Refund Request,The system is not syncing data across devices properly.,We have reset the account credentials and advised the customer to retry login.,Urgent,In Progress,Email,North America,55,Other,Enterprise,55,15,1,26.84,194.36,2023-05-23,2023-05-29,No,No,MacOS,Firefox,Debit Card,French,Evening,9,Small Business,barbara.johnson402@icloud.com,,0
183276,Elizabeth Martinez,elizabeth.martinez697@company.com,API Service,Payment Problem,I am experiencing very slow performance while using the dashboard.,Bug logged internally and workaround shared with the customer.,Urgent,Resolved,Phone,Australia,50,Female,Free,50,13,2,44.24,194.38,2023-01-24,2023-01-28,No,No,Android,Unknown,Bank Transfer,German,Afternoon,7,Corporate,elizabeth.martinez697@company.com,,0
7895,Karen Taylor,karen.taylor662@company.com,Web Portal,Login Issue,The system is not syncing data across devices properly.,Subscription status corrected and confirmation email sent to customer.,High,Open,Chat,North America,58,Other,Free,48,0,5,64.5,10.93,2024-01-28,2024-01-29,Yes,No,MacOS,Firefox,Credit Card,German,Afternoon,8,Corporate,karen.taylor662@company.com,,0
130266,Karen Wilson,karen.wilson509@company.com,Cloud Storage,Subscription Cancellation,Two-factor authentication codes are not being delivered to my phone.,Explained billing breakdown and clarified applicable charges.,Urgent,Pending Customer,Web Form,North America,65,Other,Premium,49,1,4,71.8,5.59,2024-07-14,2024-07-28,No,Yes,Android,Unknown,Bank Transfer,Spanish,Afternoon,2,Small Business,karen.wilson509@company.com,,0
68883,Joseph Anderson,joseph.anderson235@gmail.com,Payment Gateway,Performance Issue,I found a bug in the latest update affecting report generation.,The duplicate charge was reversed and refund processed within 3-5 business days.,High,Closed,Web Form,North America,21,Female,Free,23,16,4,31.17,191.6,2023-09-23,2023-10-06,No,Yes,iOS,Unknown,Crypto,English,Afternoon,3,Corporate,joseph.anderson235@gmail.com,,0
1771,William Miller,william.miller428@gmail.com,Billing System,Performance Issue,I am unable to access my account after entering the correct credentials.,The issue was escalated to engineering and resolved in the latest patch.,Low,Resolved,Web Form,North America,55,Male,Free,48,9,5,63.23,51.31,2024-03-14,2024-03-14,No,No,Linux,Chrome,Debit Card,Spanish,Morning,8,Small Business,william.miller428@gmail.com,,0
52380,Richard Jones,richard.jones843@icloud.com,API Service,Bug Report,I am unable to access my account after entering the correct credentials.,The duplicate charge was reversed and refund processed within 3-5 business days.,Urgent,In Progress,Chat,Africa,37,Male,Premium,22,19,3,64.46,28.15,2022-09-18,2022-09-22,No,Yes,iOS,Safari,PayPal,French,Morning,6,Individual,richard.jones843@icloud.com,,0
177831,Elizabeth Moore,elizabeth.moore229@company.com,Web Portal,Subscription Cancellation,There seems to be a discrepancy in my billing statement for this month.,Subscription status corrected and confirmation email sent to customer.,Medium,Closed,Email,Africa,34,Male,Premium,47,10,5,62.61,189.72,2023-04-25,2023-04-26,No,Yes,Windows,Firefox,PayPal,Japanese,Morning,9,Small Business,elizabeth.moore229@company.com,,0
5676,William Smith,william.smith434@yahoo.com,Mobile App,Payment Problem,I am experiencing very slow performance while using the dashboard.,Data synchronization restored after backend service restart.,Urgent,Closed,Chat,Africa,40,Female,Basic,19,16,4,9.44,179.66,2023-06-22,2023-06-27,Yes,No,Linux,Firefox,Crypto,English,Evening,4,Small Business,william.smith434@yahoo.com,,0
62211,Patricia Martinez,patricia.martinez22@hotmail.com,CRM Platform,Feature Request,Two-factor authentication codes are not being delivered to my phone.,We have reset the account credentials and advised the customer to retry login.,Medium,In Progress,Chat,North America,18,Other,Free,42,15,5,37.98,210.6,2024-06-22,2024-07-04,Yes,Yes,Android,Firefox,PayPal,Japanese,Night,4,Corporate,patricia.martinez22@hotmail.com,,0
12332,Charles Rodriguez,charles.rodriguez121@hotmail.com,Mobile App,Subscription Cancellation,My subscription was cancelled without my request and I need clarification.,We have reset the account credentials and advised the customer to retry login.,High,Resolved,Social Media,Europe,59,Male,Premium,25,6,5,63.95,54.87,2022-01-14,2022-01-24,No,No,MacOS,Unknown,PayPal,French,Morning,7,Individual,charles.rodriguez121@hotmail.com,,0
50138,Linda Williams,linda.williams389@icloud.com,Cloud Storage,Login Issue,The application crashes whenever I try to upload a file.,Bug logged internally and workaround shared with the customer.,High,Closed,Web Form,South America,47,Other,Premium,9,12,5,40.13,109.75,2023-02-09,2023-02-23,No,Yes,Android,Firefox,Crypto,English,Afternoon,10,Individual,linda.williams389@icloud.com,,0
195714,Michael Rodriguez,michael.rodriguez103@hotmail.com,Web Portal,Security Concern,The system is not syncing data across devices properly.,Subscription status corrected and confirmation email sent to customer.,Urgent,Closed,Chat,Asia,65,Male,Enterprise,21,2,3,43.26,153.8,2023-04-08,2023-04-13,Yes,No,Linux,Unknown,Bank Transfer,French,Evening,8,Individual,michael.rodriguez103@hotmail.com,,0
198955,Patricia Davis,patricia.davis460@gmail.com,Mobile App,Account Suspension,My subscription was cancelled without my request and I need clarification.,Bug logged internally and workaround shared with the customer.,Low,Open,Chat,Australia,57,Female,Premium,48,20,1,68.66,28.15,2024-10-30,2024-11-03,No,No,MacOS,Safari,Credit Card,French,Night,4,Corporate,patricia.davis460@gmail.com,,0
23298,Robert Wilson,robert.wilson940@company.com,API Service,Login Issue,I found a bug in the latest update affecting report generation.,The duplicate charge was reversed and refund processed within 3-5 business days.,Medium,Open,Phone,Asia,60,Female,Free,45,13,5,32.33,77.81,2022-03-03,2022-03-04,Yes,No,iOS,Edge,PayPal,German,Night,7,Corporate,robert.wilson940@company.com,,0
161587,Joseph Jones,joseph.jones696@gmail.com,Web Portal,Data Sync Issue,My subscription was cancelled without my request and I need clarification.,Subscription status corrected and confirmation email sent to customer.,Urgent,Closed,Email,North America,41,Female,Free,18,2,5,27.27,149.61,2024-04-30,2024-05-03,No,No,Linux,Firefox,Bank Transfer,Chinese,Evening,3,Individual,joseph.jones696@gmail.com,,0
61404,James Wilson,james.wilson769@yahoo.com,Subscription Service,Payment Problem,I am unable to access my account after entering the correct credentials.,Payment gateway timeout issue fixed and monitoring implemented.,Medium,Pending Customer,Phone,Europe,24,Other,Enterprise,50,13,3,32.87,20.64,2022-01-17,2022-01-24,Yes,No,iOS,Chrome,Bank Transfer,English,Afternoon,7,Corporate,james.wilson769@yahoo.com,,0
65350,Sarah Jones,sarah.jones976@yahoo.com,Subscription Service,Login Issue,The system is not syncing data across devices properly.,Subscription status corrected and confirmation email sent to customer.,High,Open,Web Form,Australia,31,Other,Premium,47,17,4,69.71,119.95,2024-03-28,2024-04-08,No,No,Linux,Chrome,Crypto,Spanish,Night,2,Individual,sarah.jones976@yahoo.com,2022-06-14,0
178441,Karen Smith,karen.smith510@outlook.com,API Service,Performance Issue,The system is not syncing data across devices properly.,We have reset the account credentials and advised the customer to retry login.,Low,Closed,Web Form,North America,23,Other,Basic,17,14,1,2.92,132.42,2024-07-30,2024-08-01,Yes,Yes,MacOS,Unknown,PayPal,French,Night,8,Corporate,karen.smith510@outlook.com,,0
134994,Barbara Hernandez,barbara.hernandez622@company.com,E-commerce Store,Subscription Cancellation,There seems to be a discrepancy in my billing statement for this month.,Bug logged internally and workaround shared with the customer.,High,Open,Phone,Asia,46,Female,Free,22,7,1,36.06,8.96,2022-07-06,2022-07-11,No,Yes,MacOS,Unknown,Credit Card,German,Evening,9,Individual,barbara.hernandez622@company.com,,0
144227,Richard Martin,richard.martin487@gmail.com,Subscription Service,Refund Request,There seems to be a discrepancy in my billing statement for this month.,Data synchronization restored after backend service restart.,High,Resolved,Phone,North America,36,Other,Premium,47,11,2,59.14,106.11,2022-10-31,2022-11-14,Yes,Yes,Windows,Chrome,Debit Card,English,Night,1,Individual,richard.martin487@gmail.com,,0
88031,Elizabeth Smith,elizabeth.smith376@hotmail.com,CRM Platform,Security Concern,There seems to be a discrepancy in my billing statement for this month.,The issue was escalated to engineering and resolved in the latest patch.,Urgent,Open,Phone,Asia,38,Female,Basic,3,16,5,15.03,61.68,2022-10-31,2022-11-02,Yes,Yes,Windows,Safari,Bank Transfer,Spanish,Evening,10,Individual,elizabeth.smith376@hotmail.com,,0
20977,Karen Brown,karen.brown105@icloud.com,Billing System,Payment Problem,The system is not syncing data across devices properly.,Provided step-by-step troubleshooting instructions and issue resolved.,Urgent,Pending Customer,Email,South America,41,Female,Free,4,9,2,28.7,40.55,2023-09-08,2023-09-20,Yes,Yes,Windows,Chrome,Crypto,English,Night,5,Individual,karen.brown105@icloud.com,,0
9272,John Brown,john.brown442@icloud.com,Mobile App,Security Concern,The application crashes whenever I try to upload a file.,Subscription status corrected and confirmation email sent to customer.,Low,In Progress,Chat,Australia,29,Female,Free,34,4,3,20.8,110.55,2024-03-03,2024-03-13,No,No,MacOS,Firefox,Bank Transfer,Spanish,Morning,9,Corporate,john.brown442@icloud.com,,0
123217,Patricia Martinez,patricia.martinez638@outlook.com,Web Portal,Data Sync Issue,My subscription was cancelled without my request and I need clarification.,The duplicate charge was reversed and refund processed within 3-5 business days.,High,Open,Web Form,Australia,48,Other,Enterprise,23,4,5,42.04,74.5,2024-04-11,2024-04-13,No,No,iOS,Unknown,Debit Card,Chinese,Evening,4,Corporate,patricia.martinez638@outlook.com,,0
39595,Mary Jackson,mary.jackson232@gmail.com,Web Portal,Subscription Cancellation,I found a bug in the latest update affecting report generation.,Payment gateway timeout issue fixed and monitoring implemented.,Urgent,Open,Web Form,Africa,52,Male,Enterprise,18,16,5,55.11,149.54,2024-11-06,2024-11-19,No,No,iOS,Unknown,Debit Card,Japanese,Afternoon,7,Corporate,mary.jackson232@gmail.com,,0
69662,Linda Brown,linda.brown863@outlook.com,CRM Platform,Subscription Cancellation,The payment was deducted from my bank account but the transaction shows failed.,The duplicate charge was reversed and refund processed within 3-5 business days.,High,In Progress,Social Media,Europe,58,Male,Enterprise,25,13,1,19.61,101.69,2022-11-08,2022-11-15,Yes,Yes,MacOS,Edge,Credit Card,Spanish,Evening,2,Individual,linda.brown863@outlook.com,,0
174183,Elizabeth Davis,elizabeth.davis749@company.com,Cloud Storage,Data Sync Issue,My subscription was cancelled without my request and I need clarification.,Security settings updated and customer notified of precautionary measures.,Low,Closed,Web Form,Asia,43,Other,Enterprise,46,19,1,34.42,205.13,2023-03-08,2023-03-16,Yes,No,Android,Unknown,Bank Transfer,Chinese,Night,8,Individual,elizabeth.davis749@company.com,,0
52465,Thomas Martin,thomas.martin840@hotmail.com,E-commerce Store,Feature Request,I found a bug in the latest update affecting report generation.,Bug logged internally and workaround shared with the customer.,High,In Progress,Social Media,Europe,38,Other,Basic,48,10,1,57.74,106.57,2024-12-31,2025-01-01,No,Yes,Linux,Edge,Credit Card,Japanese,Morning,3,Small Business,thomas.martin840@hotmail.com,,0
183428,Jessica Brown,jessica.brown860@yahoo.com,Billing System,Refund Request,The payment was deducted from my bank account but the transaction shows failed.,The issue was escalated to engineering and resolved in the latest patch.,High,Closed,Web Form,Australia,39,Female,Premium,45,12,2,35.93,175.7,2022-02-26,2022-03-02,Yes,Yes,iOS,Edge,Credit Card,Spanish,Night,9,Individual,jessica.brown860@yahoo.com,,0
1174,Michael Brown,michael.brown453@yahoo.com,Mobile App,Refund Request,Two-factor authentication codes are not being delivered to my phone.,Payment gateway timeout issue fixed and monitoring implemented.,High,Open,Web Form,North America,18,Other,Basic,45,17,5,7.1,28.52,2023-04-24,2023-05-06,No,No,Windows,Safari,Credit Card,English,Afternoon,4,Individual,michael.brown453@yahoo.com,,0
47284,Charles Williams,charles.williams986@hotmail.com,Subscription Service,Payment Problem,I am unable to access my account after entering the correct credentials.,Subscription status corrected and confirmation email sent to customer.,Urgent,In Progress,Web Form,North America,27,Female,Enterprise,60,9,5,3.25,139.22,2023-01-11,2023-01-15,No,Yes,Android,Unknown,Crypto,French,Morning,6,Corporate,charles.williams986@hotmail.com,,0
36391,Jennifer Hernandez,jennifer.hernandez384@outlook.com,API Service,Bug Report,I would like to request a refund for the recent charge.,Provided step-by-step troubleshooting instructions and issue resolved.,Urgent,Resolved,Phone,South America,50,Female,Free,45,14,1,66.71,29.79,2024-09-04,2024-09-05,No,Yes,Windows,Chrome,Credit Card,English,Night,2,Individual,jennifer.hernandez384@outlook.com,,0
183712,Elizabeth Rodriguez,elizabeth.rodriguez650@company.com,Analytics Dashboard,Subscription Cancellation,Two-factor authentication codes are not being delivered to my phone.,Bug logged internally and workaround shared with the customer.,Medium,Open,Web Form,Australia,37,Female,Free,17,12,1,3.78,112.57,2024-01-03,2024-01-07,Yes,No,Linux,Firefox,Credit Card,English,Evening,8,Small Business,elizabeth.rodriguez650@company.com,,0
105631,James Lopez,james.lopez488@icloud.com,API Service,Data Sync Issue,My subscription was cancelled without my request and I need clarification.,Bug logged internally and workaround shared with the customer.,Low,Resolved,Social Media,South America,59,Male,Free,53,3,5,32.4,11.0,2024-10-05,2024-10-11,Yes,Yes,iOS,Safari,Crypto,English,Morning,7,Individual,james.lopez488@icloud.com,,0
126853,Jessica Miller,jessica.miller503@hotmail.com,CRM Platform,Payment Problem,The system is not syncing data across devices properly.,Provided step-by-step troubleshooting instructions and issue resolved.,Medium,Open,Phone,Europe,61,Female,Free,58,12,3,26.52,234.45,2022-12-16,2022-12-28,No,Yes,MacOS,Chrome,Debit Card,French,Afternoon,1,Corporate,jessica.miller503@hotmail.com,,0
75993,Joseph Jones,joseph.jones605@icloud.com,Analytics Dashboard,Login Issue,The payment was deducted from my bank account but the transaction shows failed.,The duplicate charge was reversed and refund processed within 3-5 business days.,Medium,In Progress,Chat,South America,42,Male,Free,18,5,3,54.75,12.86,2022-08-19,2022-08-22,No,Yes,Android,Unknown,Bank Transfer,French,Night,7,Corporate,joseph.jones605@icloud.com,,0
115938,Elizabeth Miller,elizabeth.miller143@company.com,Billing System,Login Issue,I would like to request a refund for the recent charge.,Bug logged internally and workaround shared with the customer.,High,Open,Phone,South America,44,Other,Enterprise,46,18,2,59.18,61.18,2023-07-07,2023-07-09,Yes,Yes,Android,Safari,Bank Transfer,French,Evening,10,Corporate,elizabeth.miller143@company.com,,0
21825,Karen Brown,karen.brown293@company.com,API Service,Feature Request,Two-factor authentication codes are not being delivered to my phone.,The duplicate charge was reversed and refund processed within 3-5 business days.,Medium,In Progress,Email,Europe,62,Female,Premium,42,1,2,47.62,87.12,2022-05-13,2022-05-16,No,No,Linux,Edge,Credit Card,English,Morning,9,Corporate,karen.brown293@company.com,,0
149214,William Garcia,william.garcia46@outlook.com,API Service,Security Concern,The payment was deducted from my bank account but the transaction shows failed.,Subscription status corrected and confirmation email sent to customer.,High,Pending Customer,Phone,Asia,66,Other,Enterprise,14,0,4,2.66,131.27,2024-09-07,2024-09-08,No,Yes,MacOS,Firefox,Debit Card,Chinese,Night,9,Individual,william.garcia46@outlook.com,,0
178900,Mary Hernandez,mary.hernandez309@yahoo.com,Billing System,Payment Problem,There seems to be a discrepancy in my billing statement for this month.,Provided step-by-step troubleshooting instructions and issue resolved.,Urgent,In Progress,Web Form,Asia,62,Male,Enterprise,15,12,5,22.88,41.33,2022-11-25,2022-11-26,Yes,No,MacOS,Unknown,Credit Card,Spanish,Morning,1,Individual,mary.hernandez309@yahoo.com,,0
8057,William Wilson,william.wilson932@yahoo.com,E-commerce Store,Bug Report,I am unable to access my account after entering the correct credentials.,Payment gateway timeout issue fixed and monitoring implemented.,Medium,Open,Social Media,North America,27,Other,Enterprise,27,9,1,36.29,97.27,2024-12-08,2024-12-10,Yes,No,Linux,Safari,PayPal,Japanese,Afternoon,7,Corporate,william.wilson932@yahoo.com,,0
89496,Mary Johnson,mary.johnson740@hotmail.com,Mobile App,Payment Problem,I found a bug in the latest update affecting report generation.,Subscription status corrected and confirmation email sent to customer.,Urgent,Open,Email,South America,45,Female,Premium,10,14,4,51.56,75.17,2022-07-24,2022-07-25,Yes,Yes,Android,Unknown,PayPal,English,Night,8,Small Business,mary.johnson740@hotmail.com,,0
77289,Elizabeth Taylor,elizabeth.taylor150@outlook.com,CRM Platform,Feature Request,There seems to be a discrepancy in my billing statement for this month.,The issue was escalated to engineering and resolved in the latest patch.,Low,Closed,Social Media,Australia,69,Male,Basic,53,3,5,55.07,122.42,2024-06-29,2024-06-30,Yes,Yes,iOS,Chrome,PayPal,German,Evening,10,Small Business,elizabeth.taylor150@outlook.com,,0
177149,David Martinez,david.martinez715@gmail.com,Billing System,Payment Problem,My subscription was cancelled without my request and I need clarification.,Bug logged internally and workaround shared with the customer.,Medium,In Progress,Email,North America,25,Male,Premium,53,12,2,47.38,30.63,2022-04-25,2022-05-05,Yes,Yes,Windows,Chrome,Bank Transfer,Chinese,Night,4,Corporate,david.martinez715@gmail.com,,0
81960,Thomas Davis,thomas.davis521@gmail.com,Subscription Service,Performance Issue,The system is not syncing data across devices properly.,We have reset the account credentials and advised the customer to retry login.,Medium,Resolved,Phone,Asia,21,Other,Free,29,0,4,37.38,125.33,2022-06-26,2022-07-09,No,Yes,iOS,Edge,Debit Card,English,Morning,6,Individual,thomas.davis521@gmail.com,,0
62988,Charles Hernandez,charles.hernandez98@company.com,Web Portal,Feature Request,The application crashes whenever I try to upload a file.,Provided step-by-step troubleshooting instructions and issue resolved.,Urgent,Resolved,Chat,South America,54,Male,Enterprise,4,4,5,27.28,119.36,2022-03-07,2022-03-09,Yes,Yes,Windows,Unknown,Crypto,Japanese,Afternoon,2,Corporate,charles.hernandez98@company.com,,0
78306,Michael Garcia,michael.garcia804@hotmail.com,Mobile App,Account Suspension,My subscription was cancelled without my request and I need clarification.,We have reset the account credentials and advised the customer to retry login.,Low,Open,Social Media,North America,31,Female,Basic,53,7,3,24.64,152.37,2024-12-07,2024-12-16,Yes,Yes,Linux,Chrome,Credit Card,Spanish,Afternoon,2,Corporate,michael.garcia804@hotmail.com,,0
176170,Susan Martinez,susan.martinez142@company.com,Subscription Service,Feature Request,I am unable to access my account after entering the correct credentials.,Provided step-by-step troubleshooting instructions and issue resolved.,High,Open,Chat,Africa,23,Male,Basic,54,12,1,37.95,191.29,2022-04-24,2022-05-05,No,Yes,Windows,Safari,Bank Transfer,English,Afternoon,8,Individual,susan.martinez142@company.com,,0
98026,Jennifer Johnson,jennifer.johnson495@icloud.com,Subscription Service,Account Suspension,I am experiencing very slow performance while using the dashboard.,The issue was escalated to engineering and resolved in the latest patch.,Medium,In Progress,Phone,Asia,41,Other,Premium,51,2,1,12.62,128.05,2023-05-19,2023-06-01,No,Yes,Android,Unknown,PayPal,English,Evening,8,Individual,jennifer.johnson495@icloud.com,,0
176885,Barbara Martinez,barbara.martinez254@hotmail.com,CRM Platform,Subscription Cancellation,There seems to be a discrepancy in my billing statement for this month.,Bug logged internally and workaround shared with the customer.,Medium,Open,Web Form,Africa,58,Female,Premium,51,18,2,13.91,179.64,2024-04-30,2024-05-07,No,Yes,Windows,Firefox,Debit Card,Chinese,Evening,5,Small Business,barbara.martinez254@hotmail.com,,0
123635,Karen Wilson,karen.wilson262@company.com,CRM Platform,Bug Report,The system is not syncing data across devices properly.,Data synchronization restored after backend service restart.,Urgent,In Progress,Phone,Australia,59,Female,Premium,4,2,5,1.16,39.11,2023-01-01,2023-01-02,No,Yes,Android,Safari,PayPal,Chinese,Afternoon,3,Small Business,karen.wilson262@company.com,,0
95694,Linda Garcia,linda.garcia467@hotmail.com,CRM Platform,Refund Request,The system is not syncing data across devices properly.,Provided step-by-step troubleshooting instructions and issue resolved.,Urgent,Pending Customer,Web Form,South America,31,Other,Free,24,3,3,25.34,232.13,2022-09-30,2022-10-05,No,Yes,iOS,Firefox,Debit Card,English,Morning,10,Small Business,linda.garcia467@hotmail.com,,0
71199,Patricia Williams,patricia.williams550@outlook.com,Mobile App,Payment Problem,I would like to request a refund for the recent charge.,The issue was escalated to engineering and resolved in the latest patch.,Medium,Resolved,Chat,Africa,64,Other,Free,37,20,5,12.57,44.68,2024-10-05,2024-10-13,No,No,Windows,Firefox,Bank Transfer,German,Night,8,Corporate,patricia.williams550@outlook.com,,0
60700,Barbara Lopez,barbara.lopez491@company.com,Subscription Service,Account Suspension,There seems to be a discrepancy in my billing statement for this month.,Bug logged internally and workaround shared with the customer.,Urgent,Pending Customer,Phone,South America,61,Other,Premium,5,2,5,54.0,183.4,2024-12-17,2024-12-21,Yes,Yes,Windows,Chrome,Crypto,Chinese,Morning,7,Individual,barbara.lopez491@company.com,,0
115503,Elizabeth Anderson,elizabeth.anderson91@company.com,Subscription Service,Feature Request,I would like to request a refund for the recent charge.,We have reset the account credentials and advised the customer to retry login.,Urgent,Pending Customer,Chat,Australia,40,Female,Basic,41,11,1,40.57,9.05,2024-09-12,2024-09-21,No,No,Android,Firefox,PayPal,Japanese,Afternoon,6,Small Business,elizabeth.anderson91@company.com,2023-11-19,0
64450,Thomas Garcia,thomas.garcia728@yahoo.com,API Service,Bug Report,I am unable to access my account after entering the correct credentials.,Explained billing breakdown and clarified applicable charges.,High,Closed,Chat,South America,38,Other,Enterprise,5,13,3,39.37,27.82,2023-07-17,2023-07-17,Yes,Yes,Windows,Safari,Debit Card,German,Night,3,Individual,thomas.garcia728@yahoo.com,,0
184809,Jennifer Martinez,jennifer.martinez466@yahoo.com,Mobile App,Data Sync Issue,I would like to request a refund for the recent charge.,Explained billing breakdown and clarified applicable charges.,Low,Closed,Web Form,Asia,70,Other,Basic,13,8,1,64.14,143.22,2024-09-05,2024-09-06,Yes,No,iOS,Safari,Credit Card,Chinese,Afternoon,2,Corporate,jennifer.martinez466@yahoo.com,,0
88768,David Martin,david.martin673@yahoo.com,Billing System,Payment Problem,I would like to request a refund for the recent charge.,Provided step-by-step troubleshooting instructions and issue resolved.,Urgent,Open,Web Form,Africa,63,Male,Enterprise,45,3,3,70.4,75.18,2022-04-17,2022-04-19,No,Yes,Android,Unknown,Crypto,Chinese,Morning,5,Corporate,david.martin673@yahoo.com,,0
109928,William Anderson,william.anderson297@gmail.com,Payment Gateway,Payment Problem,The application crashes whenever I try to upload a file.,Payment gateway timeout issue fixed and monitoring implemented.,Urgent,Closed,Chat,Australia,50,Other,Free,48,16,5,52.02,179.61,2023-09-22,2023-09-22,No,Yes,iOS,Edge,Bank Transfer,Japanese,Night,3,Corporate,william.anderson297@gmail.com,,0
161362,Patricia Williams,patricia.williams698@yahoo.com,Cloud Storage,Account Suspension,I am unable to access my account after entering the correct credentials.,Subscription status corrected and confirmation email sent to customer.,High,Pending Customer,Email,Africa,34,Female,Enterprise,60,3,5,41.83,108.69,2022-12-31,2023-01-01,Yes,No,Linux,Firefox,Crypto,Chinese,Afternoon,6,Individual,patricia.williams698@yahoo.com,,0
187049,Robert Thomas,robert.thomas952@hotmail.com,Cloud Storage,Login Issue,I would like to request a refund for the recent charge.,The issue was escalated to engineering and resolved in the latest patch.,Medium,Resolved,Chat,North America,71,Other,Premium,55,7,1,11.84,10.0,2022-05-11,2022-05-11,Yes,No,Windows,Safari,Crypto,English,Morning,9,Individual,robert.thomas952@hotmail.com,,0
90964,Michael Wilson,michael.wilson571@gmail.com,Web Portal,Account Suspension,The application crashes whenever I try to upload a file.,Provided step-by-step troubleshooting instructions and issue resolved.,Low,Pending Customer,Social Media,North America,27,Other,Free,20,9,4,44.87,147.54,2023-04-06,2023-04-19,Yes,Yes,Android,Safari,Credit Card,English,Afternoon,1,Small Business,michael.wilson571@gmail.com,,0
106094,Elizabeth Miller,elizabeth.miller273@outlook.com,Web Portal,Account Suspension,The payment was deducted from my bank account but the transaction shows failed.,Bug logged internally and workaround shared with the customer.,Urgent,Pending Customer,Web Form,Australia,72,Female,Free,41,8,1,13.68,19.18,2022-11-13,2022-11-19,Yes,No,Linux,Unknown,Credit Card,German,Afternoon,1,Individual,elizabeth.miller273@outlook.com,,0
184761,Elizabeth Jackson,elizabeth.jackson378@outlook.com,Cloud Storage,Subscription Cancellation,The system is not syncing data across devices properly.,Subscription status corrected and confirmation email sent to customer.,High,Closed,Phone,Africa,35,Female,Basic,2,19,1,67.81,92.36,2024-07-16,2024-07-21,No,No,iOS,Unknown,Bank Transfer,German,Afternoon,1,Small Business,elizabeth.jackson378@outlook.com,2023-09-28,0
160494,Jessica Williams,jessica.williams773@gmail.com,API Service,Refund Request,I am experiencing very slow performance while using the dashboard.,Security settings updated and customer notified of precautionary measures.,Urgent,Resolved,Email,Europe,30,Male,Enterprise,56,17,4,7.33,148.59,2023-09-15,2023-09-15,Yes,No,Android,Safari,PayPal,German,Morning,10,Corporate,jessica.williams773@gmail.com,,0
110925,Charles Johnson,charles.johnson779@outlook.com,E-commerce Store,Account Suspension,My subscription was cancelled without my request and I need clarification.,Provided step-by-step troubleshooting instructions and issue resolved.,Urgent,Resolved,Web Form,Australia,75,Female,Basic,56,18,3,10.52,232.97,2023-10-23,2023-11-05,Yes,No,Linux,Chrome,Debit Card,Chinese,Morning,1,Individual,charles.johnson779@outlook.com,,0
158844,Patricia Gonzalez,patricia.gonzalez299@outlook.com,Subscription Service,Refund Request,Two-factor authentication codes are not being delivered to my phone.,Payment gateway timeout issue fixed and monitoring implemented.,Urgent,Open,Email,North America,32,Female,Enterprise,17,15,3,27.33,20.38,2024-06-21,2024-06-21,Yes,No,MacOS,Unknown,PayPal,French,Evening,3,Corporate,patricia.gonzalez299@outlook.com,,0
69704,Charles Williams,charles.williams253@company.com,Payment Gateway,Subscription Cancellation,My subscription was cancelled without my request and I need clarification.,The issue was escalated to engineering and resolved in the latest patch.,Urgent,Closed,Chat,Australia,18,Female,Free,42,16,5,6.07,111.23,2024-11-07,2024-11-15,No,Yes,Linux,Chrome,Credit Card,French,Evening,10,Corporate,charles.williams253@company.com,,0
21551,Linda Wilson,linda.wilson635@gmail.com,Mobile App,Performance Issue,I am unable to access my account after entering the correct credentials.,Subscription status corrected and confirmation email sent to customer.,Medium,Closed,Web Form,Africa,22,Male,Enterprise,48,0,4,33.65,69.48,2023-08-21,2023-08-25,Yes,No,Windows,Unknown,Crypto,Spanish,Morning,5,Individual,linda.wilson635@gmail.com,,0
128009,Jessica Martin,jessica.martin309@company.com,Mobile App,Data Sync Issue,My subscription was cancelled without my request and I need clarification.,We have reset the account credentials and advised the customer to retry login.,High,Open,Email,South America,45,Other,Premium,8,15,5,0.96,33.03,2024-02-09,2024-02-13,No,Yes,Windows,Safari,PayPal,Chinese,Evening,1,Small Business,jessica.martin309@company.com,,0
198321,Richard Moore,richard.moore849@gmail.com,E-commerce Store,Bug Report,The system is not syncing data across devices properly.,The duplicate charge was reversed and refund processed within 3-5 business days.,Urgent,Pending Customer,Email,South America,51,Other,Basic,51,11,2,65.7,95.5,2024-10-31,2024-11-06,No,No,Android,Safari,PayPal,Spanish,Evening,10,Small Business,richard.moore849@gmail.com,,0
186583,William Miller,william.miller10@outlook.com,Billing System,Performance Issue,I would like to request a refund for the recent charge.,The duplicate charge was reversed and refund processed within 3-5 business days.,Low,Pending Customer,Social Media,Asia,71,Other,Premium,26,5,5,30.82,196.11,2022-08-01,2022-08-01,Yes,Yes,Windows,Firefox,Debit Card,German,Afternoon,1,Small Business,william.miller10@outlook.com,,0
90311,Patricia Taylor,patricia.taylor994@icloud.com,E-commerce Store,Login Issue,I am unable to access my account after entering the correct credentials.,Provided step-by-step troubleshooting instructions and issue resolved.,High,Closed,Phone,Asia,48,Male,Free,15,10,1,36.36,232.59,2023-09-27,2023-10-01,Yes,Yes,Linux,Unknown,PayPal,French,Morning,3,Individual,patricia.taylor994@icloud.com,,0
72513,Barbara Johnson,barbara.johnson575@company.com,Analytics Dashboard,Data Sync Issue,The application crashes whenever I try to upload a file.,Data synchronization restored after backend service restart.,Urgent,Closed,Social Media,South America,31,Female,Enterprise,40,10,4,20.27,220.62,2023-01-07,2023-01-20,No,No,Linux,Chrome,Debit Card,English,Night,6,Individual,barbara.johnson575@company.com,,0
27022,Linda Taylor,linda.taylor936@icloud.com,Cloud Storage,Performance Issue,I found a bug in the latest update affecting report generation.,Bug logged internally and workaround shared with the customer.,Low,Closed,Social Media,Australia,59,Other,Enterprise,3,19,4,35.55,202.19,2022-02-22,2022-03-04,No,Yes,Android,Unknown,Bank Transfer,Japanese,Night,4,Small Business,linda.taylor936@icloud.com,,0
162448,Thomas Martin,thomas.martin457@gmail.com,CRM Platform,Account Suspension,The system is not syncing data across devices properly.,Explained billing breakdown and clarified applicable charges.,High,In Progress,Social Media,Australia,30,Male,Free,37,1,3,30.86,89.47,2023-12-01,2023-12-05,No,No,Android,Chrome,Credit Card,German,Evening,4,Corporate,thomas.martin457@gmail.com,,0
191380,Sarah Smith,sarah.smith768@yahoo.com,CRM Platform,Account Suspension,There seems to be a discrepancy in my billing statement for this month.,Bug logged internally and workaround shared with the customer.,Low,Pending Customer,Phone,Europe,60,Male,Basic,43,10,4,40.93,217.56,2023-06-14,2023-06-15,No,No,MacOS,Firefox,Bank Transfer,English,Night,5,Small Business,sarah.smith768@yahoo.com,,0
119224,William Gonzalez,william.gonzalez14@yahoo.com,Web Portal,Login Issue,Two-factor authentication codes are not being delivered to my phone.,The issue was escalated to engineering and resolved in the latest patch.,High,In Progress,Web Form,Australia,66,Other,Basic,53,1,5,23.51,27.08,2023-12-14,2023-12-27,No,Yes,iOS,Edge,Credit Card,Chinese,Night,10,Small Business,william.gonzalez14@yahoo.com,,0
197938,Jessica Anderson,jessica.anderson397@yahoo.com,Analytics Dashboard,Payment Problem,I am experiencing very slow performance while using the dashboard.,Data synchronization restored after backend service restart.,Medium,In Progress,Chat,North America,59,Female,Basic,42,0,1,5.1,42.83,2022-04-13,2022-04-17,Yes,No,MacOS,Safari,Bank Transfer,Japanese,Morning,6,Small Business,jessica.anderson397@yahoo.com,,0
20436,Joseph Moore,joseph.moore690@gmail.com,Billing System,Account Suspension,Two-factor authentication codes are not being delivered to my phone.,Bug logged internally and workaround shared with the customer.,High,Resolved,Chat,South America,41,Male,Free,19,10,2,38.55,131.03,2024-06-24,2024-06-26,Yes,Yes,iOS,Safari,Crypto,Japanese,Morning,2,Corporate,joseph.moore690@gmail.com,,0
177368,Barbara Wilson,barbara.wilson752@hotmail.com,Billing System,Security Concern,I am experiencing very slow performance while using the dashboard.,We have reset the account credentials and advised the customer to retry login.,Medium,Resolved,Chat,South America,33,Male,Free,50,9,2,33.62,142.52,2023-12-15,2023-12-18,No,No,Android,Firefox,Debit Card,Spanish,Evening,1,Corporate,barbara.wilson752@hotmail.com,,0
70710,Susan Hernandez,susan.hernandez450@yahoo.com,Subscription Service,Data Sync Issue,I am unable to access my account after entering the correct credentials.,Explained billing breakdown and clarified applicable charges.,Low,Resolved,Web Form,North America,20,Female,Free,60,11,3,26.1,158.18,2024-02-14,2024-02-15,No,Yes,Windows,Unknown,PayPal,Japanese,Evening,8,Individual,susan.hernandez450@yahoo.com,,0
165732,Mary Jackson,mary.jackson960@icloud.com,Analytics Dashboard,Security Concern,I found a bug in the latest update affecting report generation.,Data synchronization restored after backend service restart.,High,Closed,Social Media,Australia,56,Other,Free,7,12,1,56.05,63.64,2023-09-26,2023-10-09,Yes,Yes,MacOS,Chrome,Bank Transfer,Spanish,Evening,7,Small Business,mary.jackson960@icloud.com,,0
159800,Jessica Smith,jessica.smith179@gmail.com,Web Portal,Security Concern,There seems to be a discrepancy in my billing statement for this month.,We have reset the account credentials and advised the customer to retry login.,Low,Open,Phone,Africa,48,Female,Premium,25,18,5,30.28,195.85,2022-11-30,2022-11-30,No,No,Android,Chrome,Debit Card,English,Night,3,Individual,jessica.smith179@gmail.com,,0
170326,Mary Garcia,mary.garcia418@hotmail.com,Subscription Service,Refund Request,I am experiencing very slow performance while using the dashboard.,The duplicate charge was reversed and refund processed within 3-5 business days.,Medium,Open,Chat,Asia,43,Female,Basic,17,9,3,51.06,154.84,2024-01-16,2024-01-28,No,No,iOS,Chrome,Debit Card,Spanish,Night,5,Corporate,mary.garcia418@hotmail.com,,0
185979,Jessica Martinez,jessica.martinez916@gmail.com,Web Portal,Data Sync Issue,Two-factor authentication codes are not being delivered to my phone.,The duplicate charge was reversed and refund processed within 3-5 business days.,Medium,Open,Chat,Asia,72,Other,Basic,29,7,3,10.44,111.84,2023-04-29,2023-04-30,No,No,iOS,Firefox,Debit Card,French,Afternoon,10,Individual,jessica.martinez916@gmail.com,,0
70720,John Rodriguez,john.rodriguez857@hotmail.com,Cloud Storage,Data Sync Issue,I found a bug in the latest update affecting report generation.,Subscription status corrected and confirmation email sent to customer.,Urgent,Open,Social Media,North America,53,Male,Enterprise,23,18,3,60.86,203.51,2022-10-06,2022-10-10,No,No,iOS,Chrome,Debit Card,Chinese,Night,8,Corporate,john.rodriguez857@hotmail.com,,0
39925,Robert Lopez,robert.lopez47@icloud.com,Subscription Service,Login Issue,The application crashes whenever I try to upload a file.,Data synchronization restored after backend service restart.,Urgent,Pending Customer,Phone,Asia,67,Other,Premium,59,7,4,16.78,135.25,2022-03-22,2022-03-28,No,Yes,Android,Safari,Credit Card,Chinese,Night,4,Small Business,robert.lopez47@icloud.com,,0
122112,Mary Brown,mary.brown53@icloud.com,Subscription Service,Subscription Cancellation,The system is not syncing data across devices properly.,Security settings updated and customer notified of precautionary measures.,Low,In Progress,Web Form,Europe,65,Other,Free,5,20,3,14.22,159.62,2022-12-01,2022-12-01,Yes,Yes,Android,Firefox,Bank Transfer,Chinese,Evening,10,Corporate,mary.brown53@icloud.com,,0
125129,Susan Lopez,susan.lopez646@hotmail.com,Analytics Dashboard,Security Concern,My subscription was cancelled without my request and I need clarification.,Security settings updated and customer notified of precautionary measures.,High,Open,Phone,Asia,18,Male,Free,19,2,4,43.57,77.73,2023-11-28,2023-11-29,No,No,Android,Firefox,Credit Card,German,Night,1,Individual,susan.lopez646@hotmail.com,,0
182588,Barbara Miller,barbara.miller399@hotmail.com,Web Portal,Data Sync Issue,My subscription was cancelled without my request and I need clarification.,Security settings updated and customer notified of precautionary measures.,High,Open,Social Media,Asia,28,Other,Enterprise,46,18,2,26.17,90.47,2023-09-02,2023-09-07,Yes,Yes,Linux,Safari,Crypto,Spanish,Afternoon,2,Individual,barbara.miller399@hotmail.com,2023-07-20,0
31728,Linda Wilson,linda.wilson301@gmail.com,Cloud Storage,Refund Request,I found a bug in the latest update affecting report generation.,Explained billing breakdown and clarified applicable charges.,Low,Open,Email,Asia,44,Male,Enterprise,59,3,4,12.4,206.77,2024-06-18,2024-06-30,Yes,No,Linux,Firefox,PayPal,Chinese,Night,3,Individual,linda.wilson301@gmail.com,,0
63165,David Anderson,david.anderson422@hotmail.com,Payment Gateway,Security Concern,There seems to be a discrepancy in my billing statement for this month.,Data synchronization restored after backend service restart.,Low,Open,Social Media,Asia,47,Female,Free,14,13,4,1.63,44.45,2022-11-01,2022-11-12,Yes,No,Android,Edge,PayPal,English,Afternoon,3,Individual,david.anderson422@hotmail.com,,0
163905,William Thomas,william.thomas338@outlook.com,Mobile App,Data Sync Issue,I would like to request a refund for the recent charge.,Security settings updated and customer notified of precautionary measures.,Medium,In Progress,Chat,North America,63,Female,Premium,13,6,5,19.08,102.51,2024-01-22,2024-01-27,No,Yes,iOS,Firefox,Bank Transfer,French,Morning,1,Corporate,william.thomas338@outlook.com,,0
44403,John Williams,john.williams584@gmail.com,Billing System,Security Concern,Two-factor authentication codes are not being delivered to my phone.,Bug logged internally and workaround shared with the customer.,Urgent,Closed,Social Media,Europe,52,Female,Enterprise,40,7,2,16.84,99.02,2024-03-15,2024-03-25,Yes,Yes,Android,Firefox,Crypto,English,Evening,5,Corporate,john.williams584@gmail.com,,0
134225,Thomas Martinez,thomas.martinez189@gmail.com,E-commerce Store,Account Suspension,I am experiencing very slow performance while using the dashboard.,Security settings updated and customer notified of precautionary measures.,High,In Progress,Chat,North America,58,Female,Basic,48,9,5,19.92,95.64,2023-06-10,2023-06-21,No,No,Windows,Firefox,Debit Card,Japanese,Night,7,Individual,thomas.martinez189@gmail.com,,0
60241,Karen Lopez,karen.lopez966@company.com,Mobile App,Security Concern,I am experiencing very slow performance while using the dashboard.,Subscription status corrected and confirmation email sent to customer.,High,Resolved,Phone,Australia,63,Other,Free,14,6,4,26.78,185.69,2024-11-14,2024-11-19,Yes,Yes,MacOS,Chrome,Crypto,Japanese,Night,6,Small Business,karen.lopez966@company.com,,0
164128,David Martinez,david.martinez370@hotmail.com,Subscription Service,Bug Report,My subscription was cancelled without my request and I need clarification.,Provided step-by-step troubleshooting instructions and issue resolved.,Low,In Progress,Web Form,Asia,36,Other,Premium,28,11,1,61.73,63.99,2023-07-24,2023-07-24,No,Yes,MacOS,Unknown,Credit Card,Chinese,Afternoon,2,Corporate,david.martinez370@hotmail.com,,0
163140,Susan Rodriguez,susan.rodriguez172@icloud.com,E-commerce Store,Login Issue,I am experiencing very slow performance while using the dashboard.,The issue was escalated to engineering and resolved in the latest patch.,High,Pending Customer,Social Media,North America,19,Other,Enterprise,40,7,5,1.93,59.87,2024-07-30,2024-08-12,Yes,Yes,Windows,Firefox,Bank Transfer,English,Morning,10,Small Business,susan.rodriguez172@icloud.com,,0
51084,William Jackson,william.jackson639@hotmail.com,Mobile App,Login Issue,I would like to request a refund for the recent charge.,We have reset the account credentials and advised the customer to retry login.,High,Open,Chat,North America,72,Female,Premium,16,3,2,3.44,112.78,2024-01-17,2024-01-27,No,Yes,Linux,Safari,Credit Card,Japanese,Night,8,Individual,william.jackson639@hotmail.com,,0
35396,Charles Jones,charles.jones82@company.com,Cloud Storage,Data Sync Issue,The system is not syncing data across devices properly.,Subscription status corrected and confirmation email sent to customer.,Low,Resolved,Email,South America,24,Female,Basic,20,12,2,26.87,141.92,2024-09-23,2024-10-07,Yes,No,Android,Safari,Crypto,Chinese,Night,4,Individual,charles.jones82@company.com,,0
152089,Jessica Gonzalez,jessica.gonzalez539@company.com,Mobile App,Payment Problem,The application crashes whenever I try to upload a file.,We have reset the account credentials and advised the customer to retry login.,High,Closed,Social Media,Asia,34,Other,Basic,34,6,5,11.64,103.39,2022-07-06,2022-07-14,Yes,No,MacOS,Firefox,Debit Card,English,Morning,8,Individual,jessica.gonzalez539@company.com,,0
199800,Elizabeth Garcia,elizabeth.garcia637@company.com,Mobile App,Security Concern,My subscription was cancelled without my request and I need clarification.,Bug logged internally and workaround shared with the customer.,Low,Resolved,Web Form,Africa,41,Male,Basic,38,19,3,19.35,175.48,2024-01-18,2024-01-30,Yes,No,Android,Safari,PayPal,German,Night,10,Individual,elizabeth.garcia637@company.com,,0
14366,Barbara Hernandez,barbara.hernandez653@gmail.com,Web Portal,Feature Request,The system is not syncing data across devices properly.,Data synchronization restored after backend service restart.,Low,Open,Social Media,North America,71,Male,Basic,19,6,4,39.43,183.58,2023-07-04,2023-07-15,Yes,Yes,iOS,Firefox,Bank Transfer,German,Evening,1,Corporate,barbara.hernandez653@gmail.com,,0
74089,David Martinez,david.martinez480@company.com,Payment Gateway,Feature Request,There seems to be a discrepancy in my billing statement for this month.,The duplicate charge was reversed and refund processed within 3-5 business days.,Low,In Progress,Social Media,Australia,61,Other,Premium,22,18,1,42.46,43.47,2022-03-29,2022-03-30,Yes,Yes,iOS,Safari,PayPal,French,Morning,10,Small Business,david.martinez480@company.com,,0
53443,Barbara Moore,barbara.moore571@hotmail.com,Subscription Service,Feature Request,My subscription was cancelled without my request and I need clarification.,Data synchronization restored after backend service restart.,Low,In Progress,Phone,North America,44,Male,Premium,53,6,1,25.88,3.27,2024-10-19,2024-10-22,No,Yes,iOS,Chrome,Credit Card,English,Evening,1,Corporate,barbara.moore571@hotmail.com,,0
113991,Susan Williams,susan.williams13@icloud.com,CRM Platform,Data Sync Issue,There seems to be a discrepancy in my billing statement for this month.,Payment gateway timeout issue fixed and monitoring implemented.,Urgent,Open,Web Form,Australia,39,Male,Premium,33,5,2,65.74,239.45,2022-03-01,2022-03-01,Yes,No,Linux,Safari,Bank Transfer,Spanish,Evening,8,Small Business,susan.williams13@icloud.com,,0
141030,Patricia Martinez,patricia.martinez375@yahoo.com,Web Portal,Subscription Cancellation,My subscription was cancelled without my request and I need clarification.,Security settings updated and customer notified of precautionary measures.,Medium,Closed,Phone,Africa,65,Other,Basic,39,14,5,71.08,12.08,2022-02-02,2022-02-16,Yes,No,MacOS,Chrome,Crypto,Spanish,Morning,4,Small Business,patricia.martinez375@yahoo.com,,0
182855,Jessica Martin,jessica.martin593@icloud.com,Analytics Dashboard,Bug Report,I am unable to access my account after entering the correct credentials.,Payment gateway timeout issue fixed and monitoring implemented.,High,Open,Email,Africa,42,Female,Basic,47,5,2,61.93,113.17,2023-12-07,2023-12-14,Yes,No,Android,Edge,Bank Transfer,French,Afternoon,2,Corporate,jessica.martin593@icloud.com,,0
40937,Karen Moore,karen.moore830@gmail.com,Subscription Service,Subscription Cancellation,Two-factor authentication codes are not being delivered to my phone.,Explained billing breakdown and clarified applicable charges.,Low,Pending Customer,Web Form,Australia,52,Other,Basic,38,20,3,62.75,227.73,2023-01-21,2023-01-27,Yes,Yes,Android,Edge,PayPal,Japanese,Morning,2,Corporate,karen.moore830@gmail.com,,0
116633,Patricia Martin,patricia.martin120@yahoo.com,Mobile App,Subscription Cancellation,The payment was deducted from my bank account but the transaction shows failed.,Provided step-by-step troubleshooting instructions and issue resolved.,Urgent,Resolved,Chat,North America,51,Female,Basic,13,6,2,52.31,111.99,2023-07-21,2023-07-25,Yes,Yes,Linux,Safari,Debit Card,Spanish,Morning,9,Corporate,patricia.martin120@yahoo.com,,0
59032,Linda Wilson,linda.wilson504@gmail.com,API Service,Account Suspension,The payment was deducted from my bank account but the transaction shows failed.,Explained billing breakdown and clarified applicable charges.,Medium,Open,Web Form,Asia,42,Male,Free,16,6,3,7.59,158.69,2022-09-18,2022-09-19,Yes,Yes,iOS,Edge,Debit Card,Spanish,Afternoon,1,Small Business,linda.wilson504@gmail.com,,0
138590,Patricia Taylor,patricia.taylor857@company.com,Web Portal,Performance Issue,There seems to be a discrepancy in my billing statement for this month.,Data synchronization restored after backend service restart.,Urgent,Open,Web Form,Africa,32,Female,Free,51,11,2,55.22,105.53,2023-10-17,2023-10-25,No,No,Android,Unknown,PayPal,French,Night,8,Individual,patricia.taylor857@company.com,,0
185674,Thomas Moore,thomas.moore837@hotmail.com,CRM Platform,Feature Request,My subscription was cancelled without my request and I need clarification.,Subscription status corrected and confirmation email sent to customer.,Urgent,In Progress,Web Form,Asia,71,Female,Basic,32,19,4,40.21,128.59,2024-05-16,2024-05-22,Yes,No,Android,Firefox,Bank Transfer,Spanish,Morning,6,Small Business,thomas.moore837@hotmail.com,,0
7791,Barbara Lopez,barbara.lopez599@hotmail.com,API Service,Security Concern,The payment was deducted from my bank account but the transaction shows failed.,The issue was escalated to engineering and resolved in the latest patch.,Urgent,Pending Customer,Phone,Europe,47,Other,Free,45,0,3,38.49,107.3,2022-07-23,2022-08-02,Yes,Yes,Android,Chrome,PayPal,German,Night,9,Individual,barbara.lopez599@hotmail.com,,0
135757,Joseph Martinez,joseph.martinez782@hotmail.com,Payment Gateway,Data Sync Issue,I am experiencing very slow performance while using the dashboard.,Subscription status corrected and confirmation email sent to customer.,Low,Resolved,Web Form,Africa,20,Male,Free,8,12,2,35.01,68.06,2022-03-22,2022-04-03,No,Yes,Windows,Unknown,Debit Card,French,Night,9,Small Business,joseph.martinez782@hotmail.com,,0
6451,David Gonzalez,david.gonzalez613@company.com,Subscription Service,Data Sync Issue,My subscription was cancelled without my request and I need clarification.,Provided step-by-step troubleshooting instructions and issue resolved.,Low,Resolved,Web Form,Europe,63,Male,Enterprise,8,14,3,48.47,104.18,2023-08-09,2023-08-22,Yes,No,MacOS,Unknown,Debit Card,German,Afternoon,5,Corporate,david.gonzalez613@company.com,,0
37067,Jennifer Johnson,jennifer.johnson926@company.com,E-commerce Store,Data Sync Issue,I found a bug in the latest update affecting report generation.,We have reset the account credentials and advised the customer to retry login.,Medium,Resolved,Web Form,Asia,66,Male,Basic,5,1,5,46.21,227.52,2024-09-21,2024-10-02,Yes,Yes,Linux,Chrome,Debit Card,English,Night,10,Corporate,jennifer.johnson926@company.com,,0
189790,William Davis,william.davis423@company.com,Billing System,Bug Report,My subscription was cancelled without my request and I need clarification.,Subscription status corrected and confirmation email sent to customer.,Medium,In Progress,Social Media,Australia,24,Other,Premium,35,12,4,1.55,100.9,2022-06-08,2022-06-16,Yes,No,iOS,Chrome,Debit Card,Japanese,Night,1,Small Business,william.davis423@company.com,,0
82944,Susan Rodriguez,susan.rodriguez538@gmail.com,Subscription Service,Account Suspension,My subscription was cancelled without my request and I need clarification.,Payment gateway timeout issue fixed and monitoring implemented.,High,Open,Phone,North America,24,Female,Premium,24,2,5,66.85,9.1,2022-11-10,2022-11-15,Yes,Yes,Windows,Edge,Bank Transfer,English,Night,6,Individual,susan.rodriguez538@gmail.com,,0
35862,Charles Anderson,charles.anderson275@outlook.com,CRM Platform,Payment Problem,I am unable to access my account after entering the correct credentials.,Data synchronization restored after backend service restart.,Urgent,In Progress,Web Form,Australia,49,Male,Free,25,9,2,5.46,155.44,2024-06-11,2024-06-18,Yes,No,Linux,Firefox,Bank Transfer,German,Evening,1,Individual,charles.anderson275@outlook.com,2022-03-05,0
80117,Michael Taylor,michael.taylor412@icloud.com,Mobile App,Payment Problem,The application crashes whenever I try to upload a file.,Security settings updated and customer notified of precautionary measures.,Urgent,Open,Chat,South America,35,Female,Enterprise,38,19,4,54.12,37.86,2024-08-03,2024-08-17,No,Yes,Android,Chrome,Bank Transfer,Japanese,Evening,5,Individual,michael.taylor412@icloud.com,,0
166651,Karen Lopez,karen.lopez836@company.com,API Service,Data Sync Issue,There seems to be a discrepancy in my billing statement for this month.,Bug logged internally and workaround shared with the customer.,Urgent,In Progress,Phone,Europe,62,Male,Basic,59,5,2,58.07,42.6,2022-01-01,2022-01-09,Yes,No,Android,Chrome,Crypto,Chinese,Afternoon,5,Small Business,karen.lopez836@company.com,,0
157747,Thomas Gonzalez,thomas.gonzalez944@yahoo.com,Mobile App,Account Suspension,I am unable to access my account after entering the correct credentials.,The issue was escalated to engineering and resolved in the latest patch.,Medium,In Progress,Phone,North America,49,Other,Enterprise,36,10,2,41.39,187.2,2022-02-08,2022-02-21,No,No,Android,Chrome,Crypto,English,Evening,3,Small Business,thomas.gonzalez944@yahoo.com,,0
28102,Michael Anderson,michael.anderson936@yahoo.com,Web Portal,Data Sync Issue,I found a bug in the latest update affecting report generation.,Data synchronization restored after backend service restart.,Urgent,Resolved,Web Form,South America,19,Male,Free,19,13,4,47.14,49.44,2023-02-16,2023-03-02,Yes,Yes,Android,Firefox,Bank Transfer,Chinese,Night,3,Corporate,michael.anderson936@yahoo.com,,0
99966,James Anderson,james.anderson20@company.com,Subscription Service,Performance Issue,I am experiencing very slow performance while using the dashboard.,Provided step-by-step troubleshooting instructions and issue resolved.,Low,Resolved,Phone,Australia,37,Other,Premium,32,3,4,1.64,63.59,2024-03-15,2024-03-27,Yes,Yes,Linux,Chrome,Debit Card,Spanish,Night,7,Corporate,james.anderson20@company.com,,0
17050,Patricia Johnson,patricia.johnson856@icloud.com,Cloud Storage,Account Suspension,I found a bug in the latest update affecting report generation.,Provided step-by-step troubleshooting instructions and issue resolved.,High,In Progress,Email,Asia,45,Male,Basic,47,12,2,63.54,155.78,2024-11-17,2024-11-17,No,Yes,Android,Safari,Bank Transfer,French,Night,2,Corporate,patricia.johnson856@icloud.com,,0
22090,David Rodriguez,david.rodriguez141@outlook.com,CRM Platform,Data Sync Issue,I would like to request a refund for the recent charge.,The issue was escalated to engineering and resolved in the latest patch.,Medium,Closed,Social Media,Europe,67,Female,Enterprise,18,1,3,11.48,131.83,2024-07-21,2024-07-28,Yes,Yes,MacOS,Unknown,Bank Transfer,Spanish,Evening,5,Individual,david.rodriguez141@outlook.com,,0
165799,Elizabeth Martin,elizabeth.martin441@company.com,Payment Gateway,Refund Request,I would like to request a refund for the recent charge.,The issue was escalated to engineering and resolved in the latest patch.,Medium,In Progress,Web Form,Australia,25,Other,Enterprise,37,3,3,44.45,131.62,2024-11-27,2024-12-06,No,Yes,iOS,Unknown,Credit Card,Spanish,Evening,6,Small Business,elizabeth.martin441@company.com,2022-09-12,0
189265,John Thomas,john.thomas78@outlook.com,Subscription Service,Feature Request,Two-factor authentication codes are not being delivered to my phone.,Provided step-by-step troubleshooting instructions and issue resolved.,Low,Open,Social Media,South America,35,Other,Free,37,18,1,18.22,12.25,2024-08-30,2024-09-05,Yes,No,Windows,Unknown,Crypto,German,Night,3,Individual,john.thomas78@outlook.com,,0
62893,Charles Jones,charles.jones133@yahoo.com,Mobile App,Login Issue,I am unable to access my account after entering the correct credentials.,The issue was escalated to engineering and resolved in the latest patch.,High,Closed,Email,Australia,55,Male,Enterprise,20,14,5,59.79,25.0,2022-11-19,2022-11-29,Yes,No,iOS,Unknown,Crypto,English,Evening,5,Small Business,charles.jones133@yahoo.com,,0
54483,Karen Lopez,karen.lopez914@icloud.com,Payment Gateway,Refund Request,I found a bug in the latest update affecting report generation.,Bug logged internally and workaround shared with the customer.,Low,In Progress,Phone,Asia,61,Female,Basic,40,15,5,11.91,56.58,2022-07-05,2022-07-12,No,Yes,Linux,Firefox,Crypto,Chinese,Evening,7,Individual,karen.lopez914@icloud.com,,0
164148,Sarah Brown,sarah.brown753@icloud.com,CRM Platform,Account Suspension,I found a bug in the latest update affecting report generation.,Data synchronization restored after backend service restart.,Medium,Open,Web Form,Africa,57,Female,Enterprise,2,8,3,37.24,116.56,2023-02-08,2023-02-16,No,No,Linux,Edge,Debit Card,French,Afternoon,9,Small Business,sarah.brown753@icloud.com,,0
8952,Charles Wilson,charles.wilson558@gmail.com,Analytics Dashboard,Bug Report,Two-factor authentication codes are not being delivered to my phone.,We have reset the account credentials and advised the customer to retry login.,Low,In Progress,Chat,Africa,59,Other,Enterprise,27,16,3,11.31,187.23,2023-05-17,2023-05-21,Yes,Yes,Linux,Edge,Bank Transfer,Spanish,Night,6,Individual,charles.wilson558@gmail.com,,0
77721,John Brown,john.brown598@icloud.com,CRM Platform,Data Sync Issue,The application crashes whenever I try to upload a file.,Bug logged internally and workaround shared with the customer.,Medium,Closed,Phone,South America,71,Female,Free,37,11,4,3.41,16.19,2023-05-14,2023-05-18,Yes,No,Windows,Unknown,Credit Card,Spanish,Night,5,Small Business,john.brown598@icloud.com,,0
118631,Mary Jackson,mary.jackson6@outlook.com,Billing System,Data Sync Issue,My subscription was cancelled without my request and I need clarification.,Subscription status corrected and confirmation email sent to customer.,High,Resolved,Web Form,Africa,66,Female,Basic,19,6,1,50.41,61.27,2022-11-27,2022-11-27,Yes,No,Android,Edge,Crypto,German,Evening,2,Individual,mary.jackson6@outlook.com,,0
184525,Sarah Gonzalez,sarah.gonzalez393@icloud.com,Analytics Dashboard,Performance Issue,The payment was deducted from my bank account but the transaction shows failed.,We have reset the account credentials and advised the customer to retry login.,Urgent,Pending Customer,Chat,North America,52,Female,Free,51,17,4,1.47,73.13,2024-04-19,2024-04-29,Yes,Yes,Android,Safari,Debit Card,Spanish,Evening,6,Small Business,sarah.gonzalez393@icloud.com,,0
83038,Karen Moore,karen.moore305@gmail.com,Mobile App,Data Sync Issue,Two-factor authentication codes are not being delivered to my phone.,The issue was escalated to engineering and resolved in the latest patch.,Urgent,Closed,Phone,Asia,74,Other,Enterprise,2,1,1,43.1,22.35,2023-02-01,2023-02-08,Yes,No,Android,Firefox,Debit Card,Spanish,Morning,1,Small Business,karen.moore305@gmail.com,,0
89482,Charles Lopez,charles.lopez871@gmail.com,Subscription Service,Data Sync Issue,My subscription was cancelled without my request and I need clarification.,We have reset the account credentials and advised the customer to retry login.,High,Pending Customer,Chat,Africa,36,Female,Premium,35,10,2,16.25,147.31,2023-02-11,2023-02-23,No,No,MacOS,Safari,Crypto,Japanese,Night,4,Small Business,charles.lopez871@gmail.com,,0
23220,Richard Gonzalez,richard.gonzalez555@icloud.com,Billing System,Security Concern,There seems to be a discrepancy in my billing statement for this month.,Subscription status corrected and confirmation email sent to customer.,Low,Open,Social Media,Australia,66,Female,Enterprise,24,2,5,23.95,101.6,2024-10-10,2024-10-17,No,No,Linux,Unknown,Bank Transfer,English,Night,9,Individual,richard.gonzalez555@icloud.com,,0
141695,Charles Martinez,charles.martinez125@gmail.com,E-commerce Store,Bug Report,My subscription was cancelled without my request and I need clarification.,We have reset the account credentials and advised the customer to retry login.,Urgent,In Progress,Chat,Europe,56,Other,Enterprise,9,1,1,57.78,46.33,2022-09-21,2022-10-03,Yes,Yes,Windows,Safari,Crypto,English,Night,10,Small Business,charles.martinez125@gmail.com,,0
170443,Sarah Martinez,sarah.martinez322@outlook.com,CRM Platform,Feature Request,The application crashes whenever I try to upload a file.,We have reset the account credentials and advised the customer to retry login.,Medium,Closed,Email,Asia,67,Male,Basic,34,3,1,46.29,168.75,2023-09-06,2023-09-12,No,Yes,iOS,Firefox,Debit Card,Chinese,Morning,1,Individual,sarah.martinez322@outlook.com,,0
138490,Mary Brown,mary.brown292@company.com,Analytics Dashboard,Performance Issue,I am experiencing very slow performance while using the dashboard.,The issue was escalated to engineering and resolved in the latest patch.,Urgent,Closed,Phone,North America,72,Male,Enterprise,27,11,3,9.37,141.46,2024-04-30,2024-05-04,Yes,No,Windows,Unknown,PayPal,Spanish,Afternoon,8,Corporate,mary.brown292@company.com,,0
45737,Thomas Rodriguez,thomas.rodriguez116@gmail.com,CRM Platform,Subscription Cancellation,I am experiencing very slow performance while using the dashboard.,Subscription status corrected and confirmation email sent to customer.,Urgent,Open,Chat,Asia,67,Other,Enterprise,53,20,5,17.21,104.12,2022-06-03,2022-06-09,Yes,Yes,iOS,Edge,PayPal,Spanish,Morning,7,Individual,thomas.rodriguez116@gmail.com,,0
187971,Charles Gonzalez,charles.gonzalez761@gmail.com,CRM Platform,Performance Issue,I found a bug in the latest update affecting report generation.,Provided step-by-step troubleshooting instructions and issue resolved.,Low,Resolved,Email,North America,32,Male,Free,43,17,3,24.72,111.55,2023-12-06,2023-12-19,Yes,No,Linux,Edge,Debit Card,French,Afternoon,8,Individual,charles.gonzalez761@gmail.com,,0
183033,Richard Anderson,richard.anderson582@outlook.com,Analytics Dashboard,Login Issue,The system is not syncing data across devices properly.,We have reset the account credentials and advised the customer to retry login.,Medium,Pending Customer,Social Media,North America,24,Other,Basic,17,4,1,71.12,137.19,2022-05-18,2022-05-25,Yes,Yes,MacOS,Unknown,Crypto,Spanish,Night,4,Small Business,richard.anderson582@outlook.com,,0
91887,Jennifer Gonzalez,jennifer.gonzalez275@hotmail.com,Payment Gateway,Security Concern,The system is not syncing data across devices properly.,The duplicate charge was reversed and refund processed within 3-5 business days.,Low,In Progress,Social Media,Europe,51,Other,Premium,32,18,4,10.51,139.95,2024-09-08,2024-09-09,No,No,Android,Chrome,PayPal,German,Evening,8,Corporate,jennifer.gonzalez275@hotmail.com,,0
6829,David Martinez,david.martinez447@outlook.com,Payment Gateway,Subscription Cancellation,The application crashes whenever I try to upload a file.,Explained billing breakdown and clarified applicable charges.,High,In Progress,Phone,South America,60,Other,Premium,55,18,2,3.47,155.21,2024-08-09,2024-08-20,Yes,No,MacOS,Edge,Crypto,Chinese,Afternoon,1,Individual,david.martinez447@outlook.com,,0
191991,Michael Gonzalez,michael.gonzalez758@yahoo.com,E-commerce Store,Payment Problem,Two-factor authentication codes are not being delivered to my phone.,The duplicate charge was reversed and refund processed within 3-5 business days.,Urgent,Open,Email,Africa,72,Male,Basic,1,5,1,24.37,100.17,2024-01-01,2024-01-03,No,No,Windows,Unknown,Bank Transfer,Japanese,Evening,7,Individual,michael.gonzalez758@yahoo.com,,0
111664,Charles Jackson,charles.jackson712@company.com,Subscription Service,Account Suspension,There seems to be a discrepancy in my billing statement for this month.,Explained billing breakdown and clarified applicable charges.,Low,Resolved,Phone,North America,45,Other,Premium,51,18,5,52.49,60.09,2024-06-07,2024-06-10,Yes,No,Windows,Chrome,Debit Card,English,Afternoon,6,Corporate,charles.jackson712@company.com,,0
39200,Susan Rodriguez,susan.rodriguez140@hotmail.com,E-commerce Store,Security Concern,I would like to request a refund for the recent charge.,The issue was escalated to engineering and resolved in the latest patch.,Urgent,Closed,Chat,North America,56,Male,Free,35,14,3,69.94,182.58,2023-03-22,2023-03-28,No,No,Windows,Edge,Credit Card,Japanese,Night,1,Small Business,susan.rodriguez140@hotmail.com,,0
81832,Charles Moore,charles.moore102@company.com,Payment Gateway,Refund Request,There seems to be a discrepancy in my billing statement for this month.,Subscription status corrected and confirmation email sent to customer.,Medium,Open,Web Form,South America,68,Male,Free,47,1,4,37.44,65.19,2022-07-21,2022-07-21,Yes,No,MacOS,Unknown,Crypto,Spanish,Afternoon,6,Small Business,charles.moore102@company.com,,0
183716,Sarah Thomas,sarah.thomas78@icloud.com,Cloud Storage,Feature Request,The application crashes whenever I try to upload a file.,Subscription status corrected and confirmation email sent to customer.,Medium,In Progress,Email,North America,28,Other,Free,28,7,3,28.2,59.98,2022-01-23,2022-02-05,No,Yes,Android,Chrome,PayPal,German,Morning,3,Individual,sarah.thomas78@icloud.com,,0
121924,Susan Gonzalez,susan.gonzalez943@gmail.com,CRM Platform,Account Suspension,Two-factor authentication codes are not being delivered to my phone.,Data synchronization restored after backend service restart.,Medium,Pending Customer,Social Media,North America,18,Female,Premium,54,6,1,13.9,61.47,2022-12-27,2023-01-09,No,No,Windows,Firefox,Bank Transfer,Spanish,Evening,6,Corporate,susan.gonzalez943@gmail.com,,0
104409,Karen Jones,karen.jones755@icloud.com,Subscription Service,Login Issue,The system is not syncing data across devices properly.,Explained billing breakdown and clarified applicable charges.,High,Open,Chat,South America,75,Female,Premium,24,1,4,27.78,150.94,2022-07-21,2022-07-26,Yes,No,MacOS,Safari,PayPal,French,Night,6,Individual,karen.jones755@icloud.com,,0
60972,Barbara Davis,barbara.davis450@outlook.com,Mobile App,Feature Request,My subscription was cancelled without my request and I need clarification.,The duplicate charge was reversed and refund processed within 3-5 business days.,Urgent,Closed,Email,Africa,23,Other,Basic,45,19,2,22.28,122.19,2024-06-07,2024-06-11,Yes,Yes,Android,Safari,Credit Card,Japanese,Evening,3,Individual,barbara.davis450@outlook.com,,0
130860,Karen Martinez,karen.martinez357@company.com,Subscription Service,Account Suspension,My subscription was cancelled without my request and I need clarification.,We have reset the account credentials and advised the customer to retry login.,Low,Resolved,Social Media,South America,38,Male,Free,48,14,3,6.24,52.9,2022-12-12,2022-12-18,Yes,No,iOS,Chrome,Credit Card,French,Evening,1,Small Business,karen.martinez357@company.com,,0
25008,Michael Hernandez,michael.hernandez259@gmail.com,Analytics Dashboard,Security Concern,I am unable to access my account after entering the correct credentials.,Bug logged internally and workaround shared with the customer.,High,In Progress,Web Form,Africa,33,Female,Basic,53,9,2,68.67,139.43,2023-01-07,2023-01-15,Yes,No,iOS,Firefox,Bank Transfer,German,Evening,9,Individual,michael.hernandez259@gmail.com,,0
126298,Sarah Miller,sarah.miller650@company.com,CRM Platform,Security Concern,I found a bug in the latest update affecting report generation.,The duplicate charge was reversed and refund processed within 3-5 business days.,Low,In Progress,Social Media,Australia,55,Female,Free,57,6,2,66.92,194.71,2024-02-13,2024-02-20,Yes,Yes,Linux,Firefox,Crypto,German,Evening,3,Individual,sarah.miller650@company.com,,0
106102,Michael Jackson,michael.jackson982@yahoo.com,Billing System,Performance Issue,There seems to be a discrepancy in my billing statement for this month.,Provided step-by-step troubleshooting instructions and issue resolved.,Low,Closed,Web Form,Australia,67,Female,Enterprise,6,18,1,59.69,105.98,2023-11-08,2023-11-18,Yes,Yes,Android,Safari,Credit Card,Spanish,Afternoon,7,Individual,michael.jackson982@yahoo.com,,0
60901,Charles Rodriguez,charles.rodriguez83@gmail.com,E-commerce Store,Account Suspension,I would like to request a refund for the recent charge.,Provided step-by-step troubleshooting instructions and issue resolved.,High,In Progress,Chat,Europe,65,Female,Free,43,3,4,1.89,117.6,2024-05-17,2024-05-29,Yes,No,iOS,Unknown,PayPal,French,Night,2,Individual,charles.rodriguez83@gmail.com,,0
23696,Joseph Moore,joseph.moore561@gmail.com,Cloud Storage,Performance Issue,There seems to be a discrepancy in my billing statement for this month.,Explained billing breakdown and clarified applicable charges.,Low,Resolved,Social Media,South America,40,Other,Enterprise,17,12,4,65.08,111.82,2022-10-03,2022-10-10,Yes,Yes,iOS,Unknown,Crypto,German,Morning,7,Individual,joseph.moore561@gmail.com,,0
9756,Elizabeth Wilson,elizabeth.wilson316@company.com,Cloud Storage,Feature Request,I am unable to access my account after entering the correct credentials.,The duplicate charge was reversed and refund processed within 3-5 business days.,Urgent,Pending Customer,Social Media,Africa,68,Other,Free,50,18,5,62.87,98.61,2024-05-27,2024-06-01,No,Yes,Android,Chrome,PayPal,Japanese,Night,8,Small Business,elizabeth.wilson316@company.com,,0
29662,David Lopez,david.lopez669@company.com,API Service,Feature Request,The application crashes whenever I try to upload a file.,Provided step-by-step troubleshooting instructions and issue resolved.,Medium,Resolved,Chat,North America,18,Male,Free,17,7,3,24.91,116.72,2024-03-29,2024-04-04,Yes,No,MacOS,Safari,PayPal,French,Night,10,Corporate,david.lopez669@company.com,,0
159327,Elizabeth Jones,elizabeth.jones210@outlook.com,Payment Gateway,Data Sync Issue,There seems to be a discrepancy in my billing statement for this month.,Security settings updated and customer notified of precautionary measures.,High,In Progress,Email,North America,46,Female,Free,20,11,1,57.02,202.11,2022-07-28,2022-08-11,Yes,No,Linux,Chrome,Bank Transfer,French,Night,4,Individual,elizabeth.jones210@outlook.com,,0
122760,John Davis,john.davis741@outlook.com,Analytics Dashboard,Login Issue,I found a bug in the latest update affecting report generation.,We have reset the account credentials and advised the customer to retry login.,Low,Pending Customer,Email,Africa,48,Male,Basic,35,9,2,40.65,46.69,2022-02-27,2022-03-03,No,Yes,Android,Edge,PayPal,Spanish,Evening,1,Individual,john.davis741@outlook.com,,0
114498,Patricia Hernandez,patricia.hernandez357@outlook.com,API Service,Account Suspension,I am unable to access my account after entering the correct credentials.,Bug logged internally and workaround shared with the customer.,Urgent,Resolved,Social Media,Europe,52,Male,Premium,52,6,3,43.3,232.21,2022-11-12,2022-11-23,No,Yes,Windows,Chrome,Debit Card,Japanese,Morning,8,Corporate,patricia.hernandez357@outlook.com,,0
67819,Robert Williams,robert.williams486@company.com,Web Portal,Data Sync Issue,I am experiencing very slow performance while using the dashboard.,Payment gateway timeout issue fixed and monitoring implemented.,Medium,Closed,Email,Africa,60,Female,Enterprise,36,12,3,16.0,57.35,2024-02-02,2024-02-14,No,Yes,Windows,Safari,Debit Card,German,Afternoon,6,Corporate,robert.williams486@company.com,,0
197883,Jessica Moore,jessica.moore643@gmail.com,Billing System,Payment Problem,The system is not syncing data across devices properly.,We have reset the account credentials and advised the customer to retry login.,Low,Pending Customer,Chat,Europe,25,Other,Free,13,16,3,35.25,157.69,2022-05-25,2022-05-28,Yes,Yes,Android,Chrome,PayPal,Chinese,Afternoon,7,Small Business,jessica.moore643@gmail.com,,0
152691,Thomas Martin,thomas.martin218@outlook.com,Cloud Storage,Feature Request,My subscription was cancelled without my request and I need clarification.,Explained billing breakdown and clarified applicable charges.,Medium,Open,Phone,North America,25,Female,Premium,46,5,5,44.26,155.61,2023-03-29,2023-04-05,Yes,No,Android,Unknown,Debit Card,Chinese,Afternoon,4,Small Business,thomas.martin218@outlook.com,,0
163489,Susan Smith,susan.smith418@yahoo.com,Billing System,Refund Request,I am experiencing very slow performance while using the dashboard.,Payment gateway timeout issue fixed and monitoring implemented.,Low,Closed,Chat,Australia,48,Female,Basic,41,2,5,39.47,232.92,2023-05-09,2023-05-19,No,Yes,Windows,Unknown,PayPal,German,Evening,4,Individual,susan.smith418@yahoo.com,,0
25861,Karen Jones,karen.jones37@hotmail.com,Payment Gateway,Payment Problem,There seems to be a discrepancy in my billing statement for this month.,Subscription status corrected and confirmation email sent to customer.,Urgent,Closed,Chat,South America,28,Female,Enterprise,13,8,5,45.9,121.81,2023-08-26,2023-09-09,Yes,No,Windows,Chrome,Debit Card,English,Morning,7,Small Business,karen.jones37@hotmail.com,,0
66452,Michael Johnson,michael.johnson213@icloud.com,CRM Platform,Bug Report,I am unable to access my account after entering the correct credentials.,We have reset the account credentials and advised the customer to retry login.,Medium,In Progress,Web Form,Australia,71,Other,Basic,11,4,5,28.86,148.88,2023-08-09,2023-08-12,No,Yes,Linux,Safari,Bank Transfer,Chinese,Evening,5,Corporate,michael.johnson213@icloud.com,,0
195306,William Anderson,william.anderson414@icloud.com,E-commerce Store,Security Concern,The system is not syncing data across devices properly.,Provided step-by-step troubleshooting instructions and issue resolved.,Low,Closed,Email,North America,43,Male,Premium,5,6,5,27.54,187.32,2024-11-02,2024-11-08,Yes,No,iOS,Firefox,PayPal,German,Afternoon,4,Corporate,william.anderson414@icloud.com,,0
75183,Robert Anderson,robert.anderson286@hotmail.com,Web Portal,Account Suspension,The application crashes whenever I try to upload a file.,Subscription status corrected and confirmation email sent to customer.,Medium,In Progress,Social Media,North America,41,Male,Basic,40,10,3,44.39,137.82,2022-02-12,2022-02-24,Yes,No,Android,Edge,PayPal,German,Morning,7,Individual,robert.anderson286@hotmail.com,,0
108327,Jessica Johnson,jessica.johnson235@yahoo.com,E-commerce Store,Subscription Cancellation,There seems to be a discrepancy in my billing statement for this month.,Provided step-by-step troubleshooting instructions and issue resolved.,Medium,Pending Customer,Chat,Asia,54,Other,Basic,10,16,3,50.17,7.2,2024-12-22,2025-01-04,No,Yes,Windows,Safari,Credit Card,Chinese,Evening,7,Corporate,jessica.johnson235@yahoo.com,,0
188152,Sarah Anderson,sarah.anderson163@hotmail.com,CRM Platform,Data Sync Issue,There seems to be a discrepancy in my billing statement for this month.,Subscription status corrected and confirmation email sent to customer.,Urgent,Open,Web Form,North America,46,Other,Basic,19,4,5,13.51,47.63,2024-01-09,2024-01-17,No,Yes,Android,Safari,Crypto,French,Morning,5,Small Business,sarah.anderson163@hotmail.com,,0
168845,Michael Martin,michael.martin157@gmail.com,E-commerce Store,Performance Issue,The payment was deducted from my bank account but the transaction shows failed.,Data synchronization restored after backend service restart.,Low,In Progress,Phone,North America,57,Other,Free,40,11,2,5.11,48.81,2022-12-15,2022-12-22,No,Yes,iOS,Safari,Bank Transfer,French,Evening,1,Corporate,michael.martin157@gmail.com,,0
189502,Michael Wilson,michael.wilson285@gmail.com,API Service,Payment Problem,There seems to be a discrepancy in my billing statement for this month.,Provided step-by-step troubleshooting instructions and issue resolved.,Low,Resolved,Phone,Asia,36,Female,Premium,55,11,4,48.7,121.74,2023-06-14,2023-06-23,No,No,MacOS,Chrome,Crypto,French,Night,1,Corporate,michael.wilson285@gmail.com,,0
156067,Susan Miller,susan.miller733@company.com,Cloud Storage,Subscription Cancellation,There seems to be a discrepancy in my billing statement for this month.,Payment gateway timeout issue fixed and monitoring implemented.,Urgent,Pending Customer,Social Media,South America,54,Male,Enterprise,41,6,3,29.46,227.85,2023-02-24,2023-03-06,Yes,No,Linux,Firefox,Bank Transfer,Spanish,Evening,4,Individual,susan.miller733@company.com,,0
182923,John Gonzalez,john.gonzalez398@company.com,Payment Gateway,Login Issue,I am unable to access my account after entering the correct credentials.,Bug logged internally and workaround shared with the customer.,High,Resolved,Web Form,South America,52,Female,Basic,11,17,5,24.06,108.69,2024-01-07,2024-01-18,Yes,No,Windows,Firefox,PayPal,German,Afternoon,9,Individual,john.gonzalez398@company.com,,0
175655,Sarah Jackson,sarah.jackson963@icloud.com,Web Portal,Bug Report,I am experiencing very slow performance while using the dashboard.,Payment gateway timeout issue fixed and monitoring implemented.,Low,Closed,Web Form,Africa,58,Male,Premium,41,11,3,63.44,230.73,2023-12-04,2023-12-05,No,Yes,MacOS,Unknown,Debit Card,Spanish,Evening,4,Small Business,sarah.jackson963@icloud.com,,0
163297,Karen Jackson,karen.jackson957@icloud.com,API Service,Bug Report,The system is not syncing data across devices properly.,Explained billing breakdown and clarified applicable charges.,Urgent,Resolved,Email,Europe,21,Male,Free,5,19,5,37.26,152.92,2022-01-05,2022-01-17,Yes,Yes,iOS,Edge,Bank Transfer,Japanese,Evening,10,Small Business,karen.jackson957@icloud.com,,0
126999,Sarah Martin,sarah.martin12@yahoo.com,Billing System,Performance Issue,I would like to request a refund for the recent charge.,Payment gateway timeout issue fixed and monitoring implemented.,High,Open,Phone,Europe,73,Other,Basic,15,10,5,22.91,50.38,2023-09-19,2023-09-27,Yes,No,MacOS,Safari,Crypto,Japanese,Afternoon,5,Corporate,sarah.martin12@yahoo.com,,0
67732,Charles Taylor,charles.taylor480@company.com,CRM Platform,Bug Report,There seems to be a discrepancy in my billing statement for this month.,Bug logged internally and workaround shared with the customer.,Low,Open,Email,North America,53,Female,Free,40,14,1,69.51,85.7,2023-11-07,2023-11-13,Yes,No,Android,Chrome,Crypto,English,Afternoon,4,Small Business,charles.taylor480@company.com,,0
73285,Thomas Davis,thomas.davis111@company.com,CRM Platform,Refund Request,I would like to request a refund for the recent charge.,The duplicate charge was reversed and refund processed within 3-5 business days.,Medium,Open,Web Form,Africa,33,Other,Free,18,4,5,52.3,49.37,2022-11-03,2022-11-04,No,No,Windows,Edge,Bank Transfer,French,Morning,6,Individual,thomas.davis111@company.com,,0
60052,Mary Williams,mary.williams518@yahoo.com,Mobile App,Feature Request,My subscription was cancelled without my request and I need clarification.,Explained billing breakdown and clarified applicable charges.,Medium,Resolved,Chat,North America,56,Other,Enterprise,10,11,1,27.97,50.94,2022-02-12,2022-02-25,Yes,No,Linux,Firefox,Debit Card,Spanish,Evening,5,Individual,mary.williams518@yahoo.com,,0
83741,Jessica Anderson,jessica.anderson228@outlook.com,CRM Platform,Login Issue,I am experiencing very slow performance while using the dashboard.,Data synchronization restored after backend service restart.,Medium,Pending Customer,Social Media,North America,43,Other,Premium,40,12,3,3.54,180.9,2024-06-18,2024-06-27,Yes,Yes,iOS,Safari,Credit Card,French,Morning,9,Corporate,jessica.anderson228@outlook.com,,0
154670,James Thomas,james.thomas695@gmail.com,Payment Gateway,Feature Request,There seems to be a discrepancy in my billing statement for this month.,The duplicate charge was reversed and refund processed within 3-5 business days.,High,Pending Customer,Phone,Europe,48,Other,Enterprise,5,15,2,50.72,5.76,2024-07-20,2024-07-20,No,No,Windows,Edge,PayPal,Spanish,Morning,1,Corporate,james.thomas695@gmail.com,,0
78096,Linda Hernandez,linda.hernandez135@icloud.com,Payment Gateway,Security Concern,The application crashes whenever I try to upload a file.,Bug logged internally and workaround shared with the customer.,Medium,Pending Customer,Email,South America,29,Male,Premium,27,6,5,31.63,27.16,2022-11-02,2022-11-02,No,Yes,Linux,Chrome,Bank Transfer,English,Evening,6,Small Business,linda.hernandez135@icloud.com,,0
160523,Michael Davis,michael.davis82@outlook.com,Subscription Service,Data Sync Issue,The system is not syncing data across devices properly.,Payment gateway timeout issue fixed and monitoring implemented.,Low,Resolved,Chat,North America,19,Male,Premium,35,15,1,69.63,71.94,2022-03-11,2022-03-15,Yes,No,Linux,Safari,Credit Card,French,Evening,10,Individual,michael.davis82@outlook.com,,0
190994,Thomas Miller,thomas.miller906@icloud.com,Billing System,Refund Request,I am unable to access my account after entering the correct credentials.,The duplicate charge was reversed and refund processed within 3-5 business days.,Low,Closed,Social Media,Europe,21,Female,Enterprise,46,12,4,19.45,197.25,2023-11-07,2023-11-12,No,Yes,Android,Firefox,Credit Card,English,Morning,1,Corporate,thomas.miller906@icloud.com,,0
150330,Robert Gonzalez,robert.gonzalez703@outlook.com,Web Portal,Performance Issue,I would like to request a refund for the recent charge.,The duplicate charge was reversed and refund processed within 3-5 business days.,Low,Open,Email,Asia,42,Male,Basic,19,17,1,8.18,108.92,2023-05-29,2023-06-05,Yes,Yes,Windows,Unknown,Crypto,French,Evening,9,Individual,robert.gonzalez703@outlook.com,,0
136487,Linda Taylor,linda.taylor645@icloud.com,Web Portal,Security Concern,The payment was deducted from my bank account but the transaction shows failed.,Data synchronization restored after backend service restart.,Low,In Progress,Social Media,Europe,53,Female,Premium,45,11,3,50.07,233.85,2022-10-21,2022-10-23,No,No,Android,Edge,Crypto,German,Morning,5,Individual,linda.taylor645@icloud.com,,0
92723,Barbara Wilson,barbara.wilson752@yahoo.com,API Service,Bug Report,I am experiencing very slow performance while using the dashboard.,Security settings updated and customer notified of precautionary measures.,Urgent,Resolved,Chat,Europe,55,Female,Enterprise,37,16,1,29.33,118.7,2024-03-28,2024-04-04,No,Yes,MacOS,Firefox,PayPal,German,Evening,10,Corporate,barbara.wilson752@yahoo.com,,0
167567,Joseph Wilson,joseph.wilson296@outlook.com,Analytics Dashboard,Subscription Cancellation,There seems to be a discrepancy in my billing statement for this month.,Data synchronization restored after backend service restart.,Medium,Pending Customer,Email,South America,20,Other,Free,25,15,2,68.12,69.54,2024-02-29,2024-03-07,No,Yes,MacOS,Firefox,Debit Card,German,Afternoon,4,Small Business,joseph.wilson296@outlook.com,2022-08-22,0
50543,Robert Moore,robert.moore669@icloud.com,CRM Platform,Refund Request,My subscription was cancelled without my request and I need clarification.,Subscription status corrected and confirmation email sent to customer.,Low,Resolved,Web Form,South America,62,Female,Basic,20,11,2,63.41,216.86,2023-07-31,2023-07-31,No,No,iOS,Chrome,PayPal,English,Evening,9,Corporate,robert.moore669@icloud.com,,0
8444,James Wilson,james.wilson771@company.com,CRM Platform,Bug Report,My subscription was cancelled without my request and I need clarification.,The duplicate charge was reversed and refund processed within 3-5 business days.,High,Open,Social Media,South America,50,Male,Premium,39,16,2,49.44,225.33,2022-01-21,2022-01-30,Yes,Yes,Linux,Unknown,Credit Card,French,Night,6,Small Business,james.wilson771@company.com,,0
111400,Elizabeth Thomas,elizabeth.thomas700@icloud.com,Analytics Dashboard,Account Suspension,I am unable to access my account after entering the correct credentials.,Data synchronization restored after backend service restart.,Medium,Open,Web Form,Europe,63,Female,Basic,11,8,4,36.93,91.04,2024-08-01,2024-08-09,Yes,No,Android,Firefox,Bank Transfer,Chinese,Morning,5,Corporate,elizabeth.thomas700@icloud.com,2024-02-01,0
199095,Susan Anderson,susan.anderson69@icloud.com,Cloud Storage,Refund Request,The payment was deducted from my bank account but the transaction shows failed.,Provided step-by-step troubleshooting instructions and issue resolved.,Low,Pending Customer,Chat,South America,53,Other,Free,20,1,2,68.49,28.22,2024-02-28,2024-03-02,Yes,Yes,Android,Firefox,Credit Card,French,Morning,2,Corporate,susan.anderson69@icloud.com,,0
127730,David Miller,david.miller431@gmail.com,Cloud Storage,Subscription Cancellation,The system is not syncing data across devices properly.,Security settings updated and customer notified of precautionary measures.,Medium,Resolved,Chat,Australia,56,Other,Basic,43,16,5,20.56,96.22,2024-12-17,2024-12-24,No,Yes,Linux,Safari,Debit Card,Japanese,Evening,7,Individual,david.miller431@gmail.com,2023-10-01,0
45933,Charles Garcia,charles.garcia92@company.com,Analytics Dashboard,Feature Request,The payment was deducted from my bank account but the transaction shows failed.,Bug logged internally and workaround shared with the customer.,High,Pending Customer,Email,South America,66,Female,Basic,19,4,2,7.56,83.59,2024-05-30,2024-06-07,Yes,Yes,MacOS,Edge,Crypto,German,Morning,4,Corporate,charles.garcia92@company.com,,0
82708,Joseph Smith,joseph.smith186@yahoo.com,Mobile App,Account Suspension,The payment was deducted from my bank account but the transaction shows failed.,The duplicate charge was reversed and refund processed within 3-5 business days.,High,Pending Customer,Chat,Asia,62,Female,Basic,45,7,4,35.66,93.38,2024-01-15,2024-01-25,Yes,No,Windows,Firefox,Crypto,German,Night,5,Small Business,joseph.smith186@yahoo.com,,0
51057,Jessica Wilson,jessica.wilson453@outlook.com,Payment Gateway,Account Suspension,I would like to request a refund for the recent charge.,Subscription status corrected and confirmation email sent to customer.,Urgent,Resolved,Web Form,Australia,63,Other,Enterprise,48,0,2,63.03,71.47,2023-06-29,2023-06-30,Yes,No,Linux,Unknown,PayPal,Chinese,Evening,1,Small Business,jessica.wilson453@outlook.com,,0
32939,William Moore,william.moore98@company.com,Cloud Storage,Refund Request,The system is not syncing data across devices properly.,Payment gateway timeout issue fixed and monitoring implemented.,High,Resolved,Chat,South America,31,Male,Enterprise,5,11,4,10.49,104.93,2024-09-26,2024-09-28,Yes,Yes,Linux,Safari,PayPal,German,Afternoon,4,Small Business,william.moore98@company.com,,0
130450,Jessica Martin,jessica.martin949@icloud.com,Subscription Service,Data Sync Issue,The application crashes whenever I try to upload a file.,Data synchronization restored after backend service restart.,High,Closed,Web Form,Europe,37,Male,Enterprise,31,8,3,17.27,70.8,2023-11-21,2023-12-04,Yes,Yes,Android,Chrome,Bank Transfer,Japanese,Afternoon,5,Corporate,jessica.martin949@icloud.com,,0
175260,Joseph Rodriguez,joseph.rodriguez418@yahoo.com,Subscription Service,Account Suspension,I am experiencing very slow performance while using the dashboard.,We have reset the account credentials and advised the customer to retry login.,Medium,In Progress,Phone,South America,30,Female,Enterprise,46,18,1,52.34,175.55,2024-07-14,2024-07-24,Yes,Yes,Windows,Unknown,Debit Card,English,Afternoon,8,Small Business,joseph.rodriguez418@yahoo.com,,0
126228,Robert Jackson,robert.jackson661@yahoo.com,API Service,Security Concern,The system is not syncing data across devices properly.,Subscription status corrected and confirmation email sent to customer.,High,Resolved,Phone,Australia,32,Male,Free,40,14,1,61.47,149.84,2022-09-12,2022-09-26,No,Yes,Windows,Safari,PayPal,German,Evening,9,Individual,robert.jackson661@yahoo.com,,0
30074,Charles Rodriguez,charles.rodriguez166@icloud.com,Analytics Dashboard,Subscription Cancellation,There seems to be a discrepancy in my billing statement for this month.,Data synchronization restored after backend service restart.,High,Pending Customer,Social Media,Europe,21,Male,Enterprise,57,13,5,27.48,178.48,2023-06-16,2023-06-27,Yes,No,MacOS,Edge,Crypto,Chinese,Morning,4,Small Business,charles.rodriguez166@icloud.com,,0
29647,Karen Garcia,karen.garcia820@hotmail.com,Billing System,Payment Problem,The payment was deducted from my bank account but the transaction shows failed.,The duplicate charge was reversed and refund processed within 3-5 business days.,Low,Pending Customer,Chat,North America,46,Male,Basic,25,2,4,68.22,209.07,2022-11-11,2022-11-12,Yes,No,Android,Edge,Bank Transfer,German,Evening,3,Small Business,karen.garcia820@hotmail.com,,0
63386,Richard Thomas,richard.thomas166@outlook.com,API Service,Security Concern,I found a bug in the latest update affecting report generation.,Payment gateway timeout issue fixed and monitoring implemented.,Urgent,In Progress,Chat,Australia,70,Male,Premium,36,4,4,3.52,25.24,2022-05-31,2022-06-05,No,Yes,Linux,Edge,Crypto,Chinese,Morning,5,Individual,richard.thomas166@outlook.com,,0
70711,Robert Moore,robert.moore253@gmail.com,E-commerce Store,Account Suspension,I am unable to access my account after entering the correct credentials.,The issue was escalated to engineering and resolved in the latest patch.,Urgent,Resolved,Web Form,Asia,55,Male,Free,2,5,1,39.8,80.15,2023-12-31,2024-01-12,No,Yes,iOS,Edge,Crypto,Spanish,Afternoon,6,Small Business,robert.moore253@gmail.com,,0
36031,William Hernandez,william.hernandez242@yahoo.com,Cloud Storage,Bug Report,I am experiencing very slow performance while using the dashboard.,Explained billing breakdown and clarified applicable charges.,Urgent,Closed,Phone,South America,23,Female,Free,2,7,5,21.89,68.95,2024-07-28,2024-08-02,No,No,Linux,Safari,Credit Card,German,Night,10,Corporate,william.hernandez242@yahoo.com,2022-02-16,0
4539,Barbara Martinez,barbara.martinez541@hotmail.com,Payment Gateway,Login Issue,Two-factor authentication codes are not being delivered to my phone.,The duplicate charge was reversed and refund processed within 3-5 business days.,High,In Progress,Chat,Asia,21,Female,Premium,14,12,1,66.09,224.02,2022-12-19,2022-12-30,No,No,iOS,Safari,Bank Transfer,Spanish,Night,2,Corporate,barbara.martinez541@hotmail.com,,0
66369,Elizabeth Moore,elizabeth.moore260@yahoo.com,Subscription Service,Account Suspension,I found a bug in the latest update affecting report generation.,We have reset the account credentials and advised the customer to retry login.,Low,In Progress,Email,Asia,60,Other,Premium,27,13,2,57.94,78.37,2024-03-30,2024-04-11,Yes,Yes,iOS,Unknown,Debit Card,Japanese,Afternoon,3,Individual,elizabeth.moore260@yahoo.com,,0
87648,Thomas Williams,thomas.williams587@gmail.com,Subscription Service,Account Suspension,My subscription was cancelled without my request and I need clarification.,The duplicate charge was reversed and refund processed within 3-5 business days.,High,Resolved,Chat,South America,54,Other,Enterprise,51,12,5,41.9,119.35,2024-08-05,2024-08-10,Yes,Yes,Android,Safari,Crypto,Chinese,Evening,9,Corporate,thomas.williams587@gmail.com,2022-10-26,0
92976,Robert Miller,robert.miller358@gmail.com,Analytics Dashboard,Login Issue,The application crashes whenever I try to upload a file.,Subscription status corrected and confirmation email sent to customer.,High,Pending Customer,Social Media,Asia,36,Male,Enterprise,45,0,2,24.73,164.37,2023-05-07,2023-05-08,No,No,MacOS,Safari,Crypto,French,Evening,5,Corporate,robert.miller358@gmail.com,,0
136291,Karen Miller,karen.miller828@company.com,E-commerce Store,Data Sync Issue,My subscription was cancelled without my request and I need clarification.,The duplicate charge was reversed and refund processed within 3-5 business days.,Urgent,Closed,Email,Asia,21,Other,Free,54,3,2,9.3,194.21,2022-09-27,2022-10-06,No,No,Linux,Edge,Debit Card,French,Morning,1,Individual,karen.miller828@company.com,,0
168710,Patricia Wilson,patricia.wilson292@gmail.com,Payment Gateway,Refund Request,I would like to request a refund for the recent charge.,The issue was escalated to engineering and resolved in the latest patch.,Low,Resolved,Chat,Europe,52,Male,Enterprise,56,3,3,50.93,104.7,2023-02-21,2023-02-24,Yes,Yes,Android,Safari,Credit Card,German,Morning,6,Small Business,patricia.wilson292@gmail.com,,0
54106,Mary Jackson,mary.jackson924@hotmail.com,Billing System,Bug Report,The system is not syncing data across devices properly.,We have reset the account credentials and advised the customer to retry login.,Medium,Pending Customer,Social Media,Australia,53,Female,Basic,53,4,1,15.3,96.96,2022-05-16,2022-05-18,Yes,Yes,iOS,Chrome,Bank Transfer,English,Morning,9,Small Business,mary.jackson924@hotmail.com,,0
29255,Elizabeth Lopez,elizabeth.lopez394@gmail.com,Subscription Service,Security Concern,I found a bug in the latest update affecting report generation.,We have reset the account credentials and advised the customer to retry login.,Medium,Open,Web Form,North America,40,Male,Free,40,1,2,57.73,183.88,2023-07-04,2023-07-14,Yes,No,Android,Unknown,Credit Card,German,Evening,1,Corporate,elizabeth.lopez394@gmail.com,,0
162545,John Davis,john.davis888@company.com,Analytics Dashboard,Security Concern,My subscription was cancelled without my request and I need clarification.,The issue was escalated to engineering and resolved in the latest patch.,Medium,Open,Chat,Asia,63,Female,Premium,33,9,5,52.66,31.24,2024-12-23,2025-01-02,Yes,Yes,Linux,Firefox,Credit Card,English,Afternoon,1,Corporate,john.davis888@company.com,,0
64739,Joseph Smith,joseph.smith261@icloud.com,Web Portal,Feature Request,The system is not syncing data across devices properly.,The duplicate charge was reversed and refund processed within 3-5 business days.,Low,In Progress,Social Media,Asia,30,Other,Basic,38,6,1,64.37,148.45,2024-10-04,2024-10-09,No,No,Linux,Edge,Crypto,Japanese,Night,4,Small Business,joseph.smith261@icloud.com,,0
136965,Sarah Martin,sarah.martin879@company.com,Subscription Service,Payment Problem,The application crashes whenever I try to upload a file.,Data synchronization restored after backend service restart.,Low,Resolved,Phone,Asia,25,Other,Basic,56,18,2,49.66,175.84,2022-02-28,2022-02-28,Yes,No,Windows,Safari,Bank Transfer,Spanish,Morning,1,Corporate,sarah.martin879@company.com,,0
197794,Jessica Hernandez,jessica.hernandez579@gmail.com,Web Portal,Performance Issue,Two-factor authentication codes are not being delivered to my phone.,Security settings updated and customer notified of precautionary measures.,Medium,Resolved,Social Media,South America,49,Other,Basic,26,17,3,36.67,189.86,2023-04-22,2023-04-26,No,No,MacOS,Safari,Credit Card,Chinese,Morning,7,Corporate,jessica.hernandez579@gmail.com,,0
37377,Patricia Martin,patricia.martin822@icloud.com,API Service,Payment Problem,Two-factor authentication codes are not being delivered to my phone.,Subscription status corrected and confirmation email sent to customer.,Medium,Resolved,Chat,Europe,38,Female,Basic,40,10,4,68.1,210.29,2022-08-30,2022-09-12,No,Yes,Android,Chrome,Crypto,German,Night,1,Individual,patricia.martin822@icloud.com,,0
16068,Joseph Martin,joseph.martin241@hotmail.com,Payment Gateway,Login Issue,The system is not syncing data across devices properly.,Data synchronization restored after backend service restart.,Low,Resolved,Social Media,Europe,18,Male,Premium,3,0,2,8.42,26.77,2023-08-07,2023-08-16,No,Yes,Linux,Unknown,Debit Card,Spanish,Evening,6,Small Business,joseph.martin241@hotmail.com,,0
18433,Charles Brown,charles.brown541@icloud.com,Analytics Dashboard,Account Suspension,I would like to request a refund for the recent charge.,We have reset the account credentials and advised the customer to retry login.,Low,Open,Phone,North America,54,Other,Premium,48,17,1,53.67,226.04,2023-02-11,2023-02-22,No,No,MacOS,Unknown,Bank Transfer,English,Afternoon,6,Corporate,charles.brown541@icloud.com,,0
114003,William Martin,william.martin750@hotmail.com,Billing System,Feature Request,I am unable to access my account after entering the correct credentials.,We have reset the account credentials and advised the customer to retry login.,High,In Progress,Social Media,Asia,34,Female,Enterprise,29,6,3,34.14,227.9,2024-06-21,2024-06-23,Yes,Yes,Windows,Safari,PayPal,English,Afternoon,4,Corporate,william.martin750@hotmail.com,,0
139121,John Wilson,john.wilson113@company.com,Payment Gateway,Security Concern,I found a bug in the latest update affecting report generation.,Subscription status corrected and confirmation email sent to customer.,Low,Pending Customer,Web Form,Asia,34,Male,Free,56,18,2,35.57,121.97,2023-02-10,2023-02-23,No,No,Linux,Firefox,Credit Card,French,Morning,1,Corporate,john.wilson113@company.com,,0
181141,Sarah Garcia,sarah.garcia971@gmail.com,Billing System,Security Concern,I found a bug in the latest update affecting report generation.,Provided step-by-step troubleshooting instructions and issue resolved.,Medium,Pending Customer,Chat,Africa,18,Male,Free,31,8,5,48.84,14.53,2023-11-11,2023-11-16,Yes,Yes,Linux,Edge,Credit Card,French,Afternoon,3,Corporate,sarah.garcia971@gmail.com,,0
108378,John Johnson,john.johnson337@gmail.com,Mobile App,Security Concern,Two-factor authentication codes are not being delivered to my phone.,Data synchronization restored after backend service restart.,High,In Progress,Chat,Asia,29,Female,Free,18,14,3,7.67,85.74,2022-05-03,2022-05-03,Yes,Yes,Linux,Safari,PayPal,German,Morning,1,Small Business,john.johnson337@gmail.com,,0
106061,Mary Miller,mary.miller200@icloud.com,Web Portal,Login Issue,Two-factor authentication codes are not being delivered to my phone.,Security settings updated and customer notified of precautionary measures.,High,Closed,Phone,Africa,23,Male,Premium,41,20,1,22.76,191.98,2023-02-20,2023-02-22,Yes,Yes,Linux,Edge,Bank Transfer,Chinese,Afternoon,2,Corporate,mary.miller200@icloud.com,2022-11-23,0
47888,Michael Jackson,michael.jackson628@yahoo.com,Web Portal,Subscription Cancellation,The payment was deducted from my bank account but the transaction shows failed.,Security settings updated and customer notified of precautionary measures.,Urgent,Pending Customer,Chat,Africa,71,Male,Basic,52,5,1,48.8,168.61,2023-09-22,2023-10-03,No,Yes,Android,Edge,Debit Card,German,Morning,9,Small Business,michael.jackson628@yahoo.com,,0
185055,Sarah Garcia,sarah.garcia54@gmail.com,API Service,Refund Request,I found a bug in the latest update affecting report generation.,Provided step-by-step troubleshooting instructions and issue resolved.,High,Closed,Social Media,South America,31,Female,Premium,14,0,3,10.47,25.35,2022-01-04,2022-01-18,No,Yes,Windows,Edge,PayPal,French,Morning,5,Corporate,sarah.garcia54@gmail.com,,0
128921,Barbara Garcia,barbara.garcia68@icloud.com,Mobile App,Bug Report,The system is not syncing data across devices properly.,Subscription status corrected and confirmation email sent to customer.,Medium,Pending Customer,Chat,Asia,34,Female,Premium,14,8,5,30.89,226.47,2024-07-24,2024-08-05,Yes,No,MacOS,Edge,Credit Card,French,Evening,7,Corporate,barbara.garcia68@icloud.com,,0
80655,Elizabeth Martinez,elizabeth.martinez839@outlook.com,Cloud Storage,Feature Request,I found a bug in the latest update affecting report generation.,Explained billing breakdown and clarified applicable charges.,Medium,Closed,Social Media,Asia,67,Female,Free,58,19,3,64.63,109.6,2024-08-23,2024-08-28,Yes,Yes,Android,Edge,Bank Transfer,French,Afternoon,1,Corporate,elizabeth.martinez839@outlook.com,,0
174493,Susan Anderson,susan.anderson414@company.com,API Service,Bug Report,I am unable to access my account after entering the correct credentials.,Bug logged internally and workaround shared with the customer.,Low,Closed,Email,Africa,69,Other,Free,52,5,3,48.26,231.18,2022-09-15,2022-09-27,No,Yes,Windows,Chrome,Credit Card,French,Afternoon,5,Individual,susan.anderson414@company.com,,0
123129,Robert Garcia,robert.garcia832@company.com,API Service,Login Issue,There seems to be a discrepancy in my billing statement for this month.,Explained billing breakdown and clarified applicable charges.,High,Closed,Web Form,Europe,69,Female,Enterprise,17,10,4,31.62,123.2,2023-11-20,2023-11-21,Yes,No,Windows,Firefox,Bank Transfer,French,Morning,6,Corporate,robert.garcia832@company.com,,0
19299,Mary Hernandez,mary.hernandez686@gmail.com,Payment Gateway,Payment Problem,There seems to be a discrepancy in my billing statement for this month.,Provided step-by-step troubleshooting instructions and issue resolved.,High,Pending Customer,Chat,Africa,68,Male,Basic,48,3,1,41.37,182.88,2024-12-21,2025-01-04,Yes,No,Windows,Safari,Credit Card,Spanish,Afternoon,1,Corporate,mary.hernandez686@gmail.com,,0
9430,Joseph Jackson,joseph.jackson665@company.com,CRM Platform,Login Issue,My subscription was cancelled without my request and I need clarification.,We have reset the account credentials and advised the customer to retry login.,Low,In Progress,Web Form,South America,29,Other,Premium,25,19,1,2.71,218.44,2024-02-12,2024-02-26,No,No,Android,Safari,Debit Card,Spanish,Morning,6,Corporate,joseph.jackson665@company.com,,0
159256,Mary Johnson,mary.johnson800@icloud.com,Billing System,Login Issue,The payment was deducted from my bank account but the transaction shows failed.,Explained billing breakdown and clarified applicable charges.,Medium,Closed,Social Media,Asia,58,Female,Enterprise,53,14,4,53.4,82.47,2024-08-07,2024-08-08,Yes,Yes,Linux,Edge,Crypto,Spanish,Morning,5,Corporate,mary.johnson800@icloud.com,,0
37343,Thomas Davis,thomas.davis677@gmail.com,Payment Gateway,Account Suspension,I am unable to access my account after entering the correct credentials.,Security settings updated and customer notified of precautionary measures.,Urgent,In Progress,Chat,Europe,50,Other,Premium,60,18,4,13.48,96.81,2024-05-04,2024-05-04,Yes,No,Android,Firefox,Debit Card,German,Morning,9,Small Business,thomas.davis677@gmail.com,,0
130713,Elizabeth Jackson,elizabeth.jackson567@outlook.com,Payment Gateway,Login Issue,There seems to be a discrepancy in my billing statement for this month.,The issue was escalated to engineering and resolved in the latest patch.,High,In Progress,Social Media,Africa,21,Female,Premium,19,12,1,65.93,213.5,2023-04-12,2023-04-22,Yes,Yes,iOS,Unknown,PayPal,Spanish,Morning,4,Corporate,elizabeth.jackson567@outlook.com,,0
118909,Robert Anderson,robert.anderson625@icloud.com,Cloud Storage,Feature Request,I found a bug in the latest update affecting report generation.,Payment gateway timeout issue fixed and monitoring implemented.,Medium,Pending Customer,Social Media,Australia,19,Other,Enterprise,1,20,3,23.74,12.31,2022-05-16,2022-05-24,Yes,Yes,iOS,Safari,PayPal,Chinese,Night,7,Individual,robert.anderson625@icloud.com,,0
186410,Richard Wilson,richard.wilson12@company.com,Mobile App,Performance Issue,There seems to be a discrepancy in my billing statement for this month.,Bug logged internally and workaround shared with the customer.,Low,Resolved,Chat,Africa,75,Other,Premium,20,1,5,16.93,70.53,2023-11-14,2023-11-21,No,Yes,Windows,Chrome,Bank Transfer,French,Morning,1,Individual,richard.wilson12@company.com,,0
128082,Linda Thomas,linda.thomas307@gmail.com,Web Portal,Login Issue,There seems to be a discrepancy in my billing statement for this month.,Explained billing breakdown and clarified applicable charges.,Urgent,Pending Customer,Web Form,Europe,18,Other,Free,52,11,5,62.4,112.05,2023-03-27,2023-04-04,No,Yes,Windows,Safari,Debit Card,English,Afternoon,7,Small Business,linda.thomas307@gmail.com,,0
2981,Joseph Hernandez,joseph.hernandez272@company.com,Billing System,Payment Problem,The system is not syncing data across devices properly.,We have reset the account credentials and advised the customer to retry login.,Low,Resolved,Web Form,Africa,74,Male,Free,46,3,2,36.86,72.6,2022-06-09,2022-06-10,No,Yes,Android,Firefox,Crypto,Japanese,Evening,1,Individual,joseph.hernandez272@company.com,,0
158821,Linda Rodriguez,linda.rodriguez15@yahoo.com,Mobile App,Data Sync Issue,I am unable to access my account after entering the correct credentials.,Security settings updated and customer notified of precautionary measures.,High,Closed,Chat,Asia,43,Male,Enterprise,48,15,2,64.87,42.51,2024-06-27,2024-07-08,Yes,Yes,Android,Safari,Bank Transfer,Spanish,Night,3,Individual,linda.rodriguez15@yahoo.com,,0
181871,Jessica Anderson,jessica.anderson559@outlook.com,CRM Platform,Account Suspension,There seems to be a discrepancy in my billing statement for this month.,Security settings updated and customer notified of precautionary measures.,High,Closed,Social Media,Europe,22,Female,Basic,34,8,1,27.56,158.26,2022-10-12,2022-10-25,Yes,No,Windows,Edge,Credit Card,English,Morning,3,Corporate,jessica.anderson559@outlook.com,,0
190633,Sarah Williams,sarah.williams369@gmail.com,E-commerce Store,Payment Problem,Two-factor authentication codes are not being delivered to my phone.,The issue was escalated to engineering and resolved in the latest patch.,Medium,Closed,Phone,Europe,19,Other,Enterprise,39,10,2,66.23,104.57,2022-08-13,2022-08-22,No,No,iOS,Firefox,PayPal,Japanese,Morning,3,Small Business,sarah.williams369@gmail.com,,0
73540,Charles Thomas,charles.thomas112@hotmail.com,CRM Platform,Payment Problem,The application crashes whenever I try to upload a file.,Provided step-by-step troubleshooting instructions and issue resolved.,Medium,Open,Social Media,Australia,31,Female,Basic,36,18,2,1.86,32.85,2023-09-04,2023-09-18,Yes,No,Windows,Chrome,Crypto,French,Afternoon,2,Corporate,charles.thomas112@hotmail.com,,0
104293,Karen Anderson,karen.anderson608@yahoo.com,Mobile App,Payment Problem,Two-factor authentication codes are not being delivered to my phone.,Explained billing breakdown and clarified applicable charges.,Low,Open,Social Media,Africa,52,Other,Premium,2,8,2,4.7,171.1,2024-04-26,2024-05-03,No,Yes,Android,Unknown,Debit Card,Japanese,Evening,5,Individual,karen.anderson608@yahoo.com,,0
191876,Jessica Gonzalez,jessica.gonzalez913@icloud.com,CRM Platform,Payment Problem,There seems to be a discrepancy in my billing statement for this month.,Security settings updated and customer notified of precautionary measures.,Urgent,Open,Phone,Asia,67,Other,Free,36,1,5,15.68,132.16,2023-01-28,2023-01-28,No,No,iOS,Firefox,Debit Card,Spanish,Morning,1,Corporate,jessica.gonzalez913@icloud.com,,0
196056,James Gonzalez,james.gonzalez790@company.com,E-commerce Store,Bug Report,My subscription was cancelled without my request and I need clarification.,Data synchronization restored after backend service restart.,Low,In Progress,Phone,Europe,36,Male,Premium,5,20,2,55.52,66.54,2022-05-04,2022-05-06,No,Yes,Android,Unknown,Bank Transfer,German,Night,1,Corporate,james.gonzalez790@company.com,,0
185189,Jennifer Moore,jennifer.moore82@outlook.com,Cloud Storage,Feature Request,I would like to request a refund for the recent charge.,Provided step-by-step troubleshooting instructions and issue resolved.,Medium,Pending Customer,Phone,North America,29,Female,Enterprise,49,2,5,53.34,89.52,2024-05-28,2024-05-29,No,No,MacOS,Unknown,PayPal,German,Night,3,Small Business,jennifer.moore82@outlook.com,,0
83788,Susan Martin,susan.martin373@yahoo.com,CRM Platform,Data Sync Issue,There seems to be a discrepancy in my billing statement for this month.,Security settings updated and customer notified of precautionary measures.,Medium,Closed,Social Media,Africa,33,Female,Free,37,13,2,55.46,101.5,2022-08-18,2022-08-23,No,Yes,MacOS,Chrome,Debit Card,Chinese,Evening,3,Individual,susan.martin373@yahoo.com,,0
9036,Elizabeth Martin,elizabeth.martin282@hotmail.com,Payment Gateway,Refund Request,My subscription was cancelled without my request and I need clarification.,Subscription status corrected and confirmation email sent to customer.,Medium,Resolved,Phone,Asia,23,Female,Free,7,10,2,49.25,36.77,2024-03-29,2024-04-03,Yes,No,Android,Chrome,Bank Transfer,German,Evening,9,Corporate,elizabeth.martin282@hotmail.com,,0
137064,Elizabeth Jackson,elizabeth.jackson561@gmail.com,Analytics Dashboard,Data Sync Issue,The system is not syncing data across devices properly.,Bug logged internally and workaround shared with the customer.,Low,Pending Customer,Phone,Asia,63,Other,Enterprise,28,16,2,24.16,78.94,2022-01-21,2022-01-30,Yes,No,Windows,Edge,Credit Card,German,Evening,3,Corporate,elizabeth.jackson561@gmail.com,,0
180249,Michael Martinez,michael.martinez937@company.com,E-commerce Store,Refund Request,My subscription was cancelled without my request and I need clarification.,Data synchronization restored after backend service restart.,High,Closed,Chat,South America,24,Other,Basic,23,5,2,28.03,48.17,2024-01-31,2024-01-31,Yes,No,Android,Safari,Credit Card,French,Night,3,Small Business,michael.martinez937@company.com,,0
194024,Jessica Jones,jessica.jones979@hotmail.com,Mobile App,Performance Issue,The application crashes whenever I try to upload a file.,Provided step-by-step troubleshooting instructions and issue resolved.,Urgent,Closed,Social Media,South America,62,Other,Enterprise,22,14,4,9.78,159.08,2023-12-09,2023-12-14,No,No,Windows,Safari,PayPal,French,Morning,1,Corporate,jessica.jones979@hotmail.com,,0
166938,Linda Johnson,linda.johnson992@hotmail.com,Mobile App,Bug Report,I am experiencing very slow performance while using the dashboard.,Provided step-by-step troubleshooting instructions and issue resolved.,Urgent,Closed,Web Form,South America,41,Female,Premium,7,17,2,14.99,80.33,2023-12-30,2024-01-06,No,No,MacOS,Safari,Crypto,Spanish,Afternoon,4,Individual,linda.johnson992@hotmail.com,,0
169742,Robert Thomas,robert.thomas685@gmail.com,Billing System,Feature Request,I found a bug in the latest update affecting report generation.,The duplicate charge was reversed and refund processed within 3-5 business days.,High,Open,Phone,Asia,57,Female,Enterprise,10,15,2,37.92,177.81,2024-10-29,2024-10-30,No,Yes,Windows,Safari,Bank Transfer,Chinese,Night,4,Individual,robert.thomas685@gmail.com,,0
189542,Patricia Wilson,patricia.wilson160@gmail.com,E-commerce Store,Bug Report,I found a bug in the latest update affecting report generation.,The duplicate charge was reversed and refund processed within 3-5 business days.,Low,Open,Social Media,Asia,42,Other,Premium,58,17,5,63.3,179.63,2022-06-15,2022-06-18,Yes,No,Android,Unknown,Bank Transfer,Spanish,Night,7,Individual,patricia.wilson160@gmail.com,,0
105102,Michael Martin,michael.martin268@outlook.com,E-commerce Store,Refund Request,The payment was deducted from my bank account but the transaction shows failed.,Provided step-by-step troubleshooting instructions and issue resolved.,High,Pending Customer,Phone,Australia,51,Male,Basic,24,2,2,65.65,171.18,2022-12-01,2022-12-06,Yes,No,iOS,Firefox,Crypto,Japanese,Morning,6,Corporate,michael.martin268@outlook.com,,0
150462,Thomas Martin,thomas.martin485@yahoo.com,Billing System,Data Sync Issue,The payment was deducted from my bank account but the transaction shows failed.,We have reset the account credentials and advised the customer to retry login.,Medium,Pending Customer,Web Form,Australia,27,Other,Free,17,6,4,30.36,24.66,2023-08-18,2023-08-21,Yes,No,MacOS,Firefox,Credit Card,Chinese,Morning,9,Individual,thomas.martin485@yahoo.com,,0
58722,John Garcia,john.garcia143@gmail.com,Web Portal,Refund Request,The payment was deducted from my bank account but the transaction shows failed.,Provided step-by-step troubleshooting instructions and issue resolved.,Urgent,Open,Web Form,Africa,58,Female,Premium,5,16,5,47.34,121.09,2022-01-18,2022-01-28,No,No,Linux,Firefox,Credit Card,French,Afternoon,6,Small Business,john.garcia143@gmail.com,,0
149754,Patricia Rodriguez,patricia.rodriguez460@company.com,Payment Gateway,Payment Problem,I would like to request a refund for the recent charge.,Subscription status corrected and confirmation email sent to customer.,Medium,Closed,Social Media,Asia,23,Male,Basic,15,17,3,8.31,190.63,2022-04-15,2022-04-19,No,No,MacOS,Safari,Bank Transfer,French,Afternoon,1,Individual,patricia.rodriguez460@company.com,,0
99873,Joseph Wilson,joseph.wilson594@icloud.com,Cloud Storage,Feature Request,I am experiencing very slow performance while using the dashboard.,The issue was escalated to engineering and resolved in the latest patch.,High,Resolved,Chat,South America,28,Female,Free,39,7,5,7.07,101.31,2024-10-12,2024-10-19,No,Yes,Android,Safari,PayPal,German,Evening,7,Small Business,joseph.wilson594@icloud.com,,0
51186,Barbara Jones,barbara.jones650@gmail.com,Mobile App,Bug Report,The system is not syncing data across devices properly.,Subscription status corrected and confirmation email sent to customer.,High,Closed,Phone,Asia,62,Female,Basic,36,11,1,23.33,105.96,2023-05-26,2023-06-07,No,No,Linux,Unknown,Credit Card,Spanish,Afternoon,10,Small Business,barbara.jones650@gmail.com,,0
148321,Karen Rodriguez,karen.rodriguez133@company.com,CRM Platform,Security Concern,I am experiencing very slow performance while using the dashboard.,The duplicate charge was reversed and refund processed within 3-5 business days.,Low,Closed,Email,Australia,58,Male,Basic,5,18,2,18.79,122.06,2024-03-13,2024-03-14,No,Yes,MacOS,Unknown,Bank Transfer,Spanish,Afternoon,9,Corporate,karen.rodriguez133@company.com,,0
51064,Joseph Johnson,joseph.johnson767@outlook.com,CRM Platform,Refund Request,The system is not syncing data across devices properly.,The issue was escalated to engineering and resolved in the latest patch.,Medium,Pending Customer,Phone,Australia,53,Male,Basic,55,17,2,46.78,108.24,2022-08-11,2022-08-19,Yes,Yes,Android,Edge,Bank Transfer,English,Evening,10,Corporate,joseph.johnson767@outlook.com,,0
103002,David Johnson,david.johnson887@company.com,Web Portal,Payment Problem,The payment was deducted from my bank account but the transaction shows failed.,Security settings updated and customer notified of precautionary measures.,Medium,Pending Customer,Chat,North America,20,Female,Free,21,9,3,22.49,232.4,2024-08-26,2024-08-28,No,No,Android,Unknown,PayPal,English,Afternoon,1,Small Business,david.johnson887@company.com,,0
74316,Michael Jackson,michael.jackson721@gmail.com,Payment Gateway,Refund Request,I am unable to access my account after entering the correct credentials.,The duplicate charge was reversed and refund processed within 3-5 business days.,Low,In Progress,Phone,Australia,61,Other,Free,17,9,4,67.05,150.15,2023-01-25,2023-01-26,Yes,No,MacOS,Edge,Credit Card,German,Evening,6,Small Business,michael.jackson721@gmail.com,,0
164251,David Garcia,david.garcia49@gmail.com,E-commerce Store,Security Concern,My subscription was cancelled without my request and I need clarification.,We have reset the account credentials and advised the customer to retry login.,Urgent,Pending Customer,Chat,North America,58,Female,Premium,53,2,3,38.82,14.3,2023-07-12,2023-07-26,No,No,MacOS,Chrome,Debit Card,Chinese,Morning,8,Corporate,david.garcia49@gmail.com,,0
159791,Charles Wilson,charles.wilson85@icloud.com,Analytics Dashboard,Payment Problem,The application crashes whenever I try to upload a file.,We have reset the account credentials and advised the customer to retry login.,Low,Open,Web Form,Asia,28,Other,Basic,58,4,2,29.41,192.11,2023-05-23,2023-06-05,No,Yes,Android,Safari,PayPal,German,Morning,10,Corporate,charles.wilson85@icloud.com,,0
93776,Sarah Garcia,sarah.garcia72@hotmail.com,Cloud Storage,Payment Problem,There seems to be a discrepancy in my billing statement for this month.,Security settings updated and customer notified of precautionary measures.,Low,Resolved,Phone,Australia,27,Female,Basic,34,19,4,57.09,57.2,2022-09-04,2022-09-12,Yes,Yes,Linux,Unknown,Credit Card,Japanese,Night,4,Individual,sarah.garcia72@hotmail.com,,0
78187,Joseph Gonzalez,joseph.gonzalez323@company.com,Web Portal,Performance Issue,I am unable to access my account after entering the correct credentials.,Provided step-by-step troubleshooting instructions and issue resolved.,Urgent,In Progress,Chat,Asia,59,Female,Premium,45,6,2,1.33,65.39,2024-11-22,2024-12-02,No,No,Linux,Safari,Debit Card,Japanese,Evening,4,Individual,joseph.gonzalez323@company.com,,0
86969,Richard Taylor,richard.taylor380@gmail.com,API Service,Login Issue,The payment was deducted from my bank account but the transaction shows failed.,Explained billing breakdown and clarified applicable charges.,Urgent,Pending Customer,Social Media,South America,43,Female,Premium,27,14,4,70.31,161.58,2023-12-25,2024-01-05,No,No,iOS,Firefox,Credit Card,English,Afternoon,3,Individual,richard.taylor380@gmail.com,,0
155184,William Williams,william.williams265@outlook.com,Billing System,Refund Request,I would like to request a refund for the recent charge.,Subscription status corrected and confirmation email sent to customer.,Medium,Open,Chat,South America,38,Other,Free,37,9,5,8.77,170.55,2023-06-26,2023-06-30,No,Yes,Android,Firefox,Credit Card,Chinese,Night,7,Small Business,william.williams265@outlook.com,,0
16921,Linda Thomas,linda.thomas289@hotmail.com,Billing System,Bug Report,I am unable to access my account after entering the correct credentials.,Explained billing breakdown and clarified applicable charges.,High,Resolved,Web Form,Africa,29,Male,Enterprise,37,15,3,54.97,108.75,2023-07-03,2023-07-16,No,No,Android,Unknown,Crypto,English,Evening,1,Small Business,linda.thomas289@hotmail.com,2022-02-08,0
8077,William Garcia,william.garcia954@hotmail.com,CRM Platform,Performance Issue,There seems to be a discrepancy in my billing statement for this month.,Payment gateway timeout issue fixed and monitoring implemented.,High,Pending Customer,Email,South America,18,Female,Free,42,6,5,60.09,26.9,2024-07-20,2024-07-23,No,Yes,MacOS,Chrome,Bank Transfer,German,Morning,4,Small Business,william.garcia954@hotmail.com,,0
119615,James Lopez,james.lopez411@yahoo.com,E-commerce Store,Bug Report,I found a bug in the latest update affecting report generation.,Bug logged internally and workaround shared with the customer.,Low,Closed,Email,Australia,72,Other,Premium,34,1,3,64.5,212.74,2022-04-28,2022-05-09,No,No,Android,Firefox,Crypto,Japanese,Evening,8,Individual,james.lopez411@yahoo.com,,0
150207,Mary Martin,mary.martin479@hotmail.com,CRM Platform,Data Sync Issue,I would like to request a refund for the recent charge.,Data synchronization restored after backend service restart.,High,Pending Customer,Phone,North America,20,Female,Premium,55,20,1,5.05,234.78,2023-03-31,2023-04-12,Yes,Yes,Windows,Firefox,Crypto,English,Night,4,Corporate,mary.martin479@hotmail.com,,0
94019,Barbara Garcia,barbara.garcia669@outlook.com,Payment Gateway,Account Suspension,I would like to request a refund for the recent charge.,Explained billing breakdown and clarified applicable charges.,Medium,Pending Customer,Email,Australia,23,Female,Enterprise,43,19,3,23.1,228.98,2022-06-07,2022-06-17,Yes,No,iOS,Chrome,Crypto,Spanish,Night,3,Small Business,barbara.garcia669@outlook.com,,0
11945,John Taylor,john.taylor943@gmail.com,E-commerce Store,Feature Request,Two-factor authentication codes are not being delivered to my phone.,Bug logged internally and workaround shared with the customer.,Medium,Closed,Social Media,Asia,59,Other,Enterprise,37,2,2,46.93,89.49,2023-06-14,2023-06-19,Yes,Yes,Android,Firefox,Debit Card,English,Afternoon,5,Corporate,john.taylor943@gmail.com,,0
32815,Robert Taylor,robert.taylor218@hotmail.com,Billing System,Refund Request,I found a bug in the latest update affecting report generation.,Payment gateway timeout issue fixed and monitoring implemented.,Low,Open,Social Media,Africa,31,Other,Enterprise,37,6,2,36.95,152.86,2022-02-28,2022-03-13,No,Yes,Android,Firefox,PayPal,Chinese,Evening,9,Small Business,robert.taylor218@hotmail.com,,0
187682,William Anderson,william.anderson454@yahoo.com,Subscription Service,Refund Request,The payment was deducted from my bank account but the transaction shows failed.,Explained billing breakdown and clarified applicable charges.,High,Pending Customer,Phone,Africa,70,Female,Basic,27,13,3,49.76,22.99,2023-01-05,2023-01-05,No,No,Linux,Unknown,Debit Card,English,Evening,1,Small Business,william.anderson454@yahoo.com,2022-04-01,0
147814,William Moore,william.moore976@gmail.com,Web Portal,Feature Request,I found a bug in the latest update affecting report generation.,Explained billing breakdown and clarified applicable charges.,Medium,Resolved,Web Form,North America,63,Male,Basic,39,1,2,60.5,13.73,2023-02-20,2023-03-04,No,Yes,MacOS,Firefox,Credit Card,English,Afternoon,6,Corporate,william.moore976@gmail.com,,0
35524,Jennifer Thomas,jennifer.thomas616@company.com,Payment Gateway,Bug Report,There seems to be a discrepancy in my billing statement for this month.,Bug logged internally and workaround shared with the customer.,Urgent,Open,Chat,South America,46,Other,Free,56,20,5,29.69,89.38,2023-02-08,2023-02-10,No,No,Linux,Safari,Bank Transfer,Chinese,Night,6,Individual,jennifer.thomas616@company.com,,0
31985,Joseph Jackson,joseph.jackson623@yahoo.com,E-commerce Store,Bug Report,I am experiencing very slow performance while using the dashboard.,Subscription status corrected and confirmation email sent to customer.,Low,Open,Phone,Africa,46,Male,Basic,20,4,2,71.91,103.25,2023-01-19,2023-01-20,No,Yes,Windows,Chrome,Credit Card,Chinese,Afternoon,5,Corporate,joseph.jackson623@yahoo.com,,0
162709,Elizabeth Brown,elizabeth.brown264@hotmail.com,Cloud Storage,Feature Request,The application crashes whenever I try to upload a file.,Bug logged internally and workaround shared with the customer.,Urgent,Open,Chat,Australia,59,Female,Premium,37,20,5,68.92,40.69,2022-03-14,2022-03-28,Yes,Yes,MacOS,Unknown,Bank Transfer,Spanish,Morning,4,Small Business,elizabeth.brown264@hotmail.com,,0
12081,James Hernandez,james.hernandez34@outlook.com,Subscription Service,Login Issue,I am experiencing very slow performance while using the dashboard.,Subscription status corrected and confirmation email sent to customer.,Medium,Pending Customer,Email,Asia,59,Male,Enterprise,58,15,5,9.59,192.72,2022-07-03,2022-07-06,No,Yes,iOS,Chrome,Bank Transfer,Japanese,Morning,1,Corporate,james.hernandez34@outlook.com,,0
111641,David Williams,david.williams22@yahoo.com,Payment Gateway,Refund Request,Two-factor authentication codes are not being delivered to my phone.,Explained billing breakdown and clarified applicable charges.,Urgent,Pending Customer,Chat,Europe,46,Male,Basic,37,18,1,59.24,61.59,2024-11-26,2024-12-08,No,No,Android,Firefox,Crypto,Japanese,Evening,2,Small Business,david.williams22@yahoo.com,,0
144364,Sarah Garcia,sarah.garcia897@icloud.com,Billing System,Security Concern,Two-factor authentication codes are not being delivered to my phone.,Data synchronization restored after backend service restart.,Medium,Closed,Phone,Africa,28,Other,Enterprise,40,17,4,15.98,180.17,2022-02-28,2022-03-11,No,No,MacOS,Chrome,Bank Transfer,English,Evening,7,Corporate,sarah.garcia897@icloud.com,,0
92451,Michael Martinez,michael.martinez698@hotmail.com,Subscription Service,Performance Issue,I would like to request a refund for the recent charge.,Provided step-by-step troubleshooting instructions and issue resolved.,Urgent,In Progress,Social Media,Australia,69,Male,Premium,58,9,4,48.29,52.26,2022-11-21,2022-11-29,Yes,No,Linux,Firefox,Debit Card,English,Night,10,Corporate,michael.martinez698@hotmail.com,,0
168578,Jessica Gonzalez,jessica.gonzalez834@hotmail.com,Payment Gateway,Performance Issue,The payment was deducted from my bank account but the transaction shows failed.,Bug logged internally and workaround shared with the customer.,High,In Progress,Phone,South America,48,Other,Premium,23,19,5,34.31,49.53,2023-09-10,2023-09-24,No,No,MacOS,Chrome,Credit Card,Chinese,Afternoon,8,Corporate,jessica.gonzalez834@hotmail.com,2022-07-29,0
97610,Charles Davis,charles.davis911@icloud.com,CRM Platform,Feature Request,I am experiencing very slow performance while using the dashboard.,Security settings updated and customer notified of precautionary measures.,Medium,Pending Customer,Chat,Australia,57,Male,Enterprise,35,2,3,43.66,70.07,2024-01-28,2024-02-04,No,No,MacOS,Edge,Credit Card,German,Afternoon,4,Corporate,charles.davis911@icloud.com,,0
94224,Jessica Brown,jessica.brown576@yahoo.com,Cloud Storage,Security Concern,The application crashes whenever I try to upload a file.,Provided step-by-step troubleshooting instructions and issue resolved.,Medium,Resolved,Web Form,North America,46,Male,Free,17,4,1,33.42,204.02,2022-07-02,2022-07-11,No,Yes,Linux,Edge,Crypto,German,Afternoon,3,Corporate,jessica.brown576@yahoo.com,,0
166767,Mary Davis,mary.davis14@yahoo.com,Web Portal,Performance Issue,The system is not syncing data across devices properly.,Bug logged internally and workaround shared with the customer.,Low,Resolved,Email,Africa,59,Male,Basic,41,11,3,36.34,30.0,2022-03-20,2022-04-01,Yes,No,Android,Chrome,Bank Transfer,Japanese,Morning,3,Corporate,mary.davis14@yahoo.com,,0
128275,Michael Garcia,michael.garcia161@icloud.com,Web Portal,Payment Problem,There seems to be a discrepancy in my billing statement for this month.,The issue was escalated to engineering and resolved in the latest patch.,High,Resolved,Chat,Africa,72,Other,Free,57,0,2,68.66,16.71,2024-07-12,2024-07-12,Yes,No,Windows,Chrome,Credit Card,French,Morning,4,Individual,michael.garcia161@icloud.com,,0
122504,Patricia Martin,patricia.martin619@icloud.com,Analytics Dashboard,Data Sync Issue,There seems to be a discrepancy in my billing statement for this month.,Subscription status corrected and confirmation email sent to customer.,Urgent,In Progress,Chat,Asia,24,Female,Enterprise,59,15,3,2.87,69.57,2024-12-04,2024-12-14,Yes,Yes,iOS,Edge,Crypto,English,Afternoon,1,Corporate,patricia.martin619@icloud.com,,0
143017,Jennifer Davis,jennifer.davis630@yahoo.com,Web Portal,Payment Problem,I found a bug in the latest update affecting report generation.,Payment gateway timeout issue fixed and monitoring implemented.,Urgent,Open,Phone,Australia,52,Other,Basic,55,13,2,55.43,70.05,2022-02-15,2022-02-27,Yes,No,Windows,Firefox,PayPal,English,Morning,7,Individual,jennifer.davis630@yahoo.com,,0
182520,Mary Davis,mary.davis303@outlook.com,Subscription Service,Security Concern,The application crashes whenever I try to upload a file.,Subscription status corrected and confirmation email sent to customer.,Low,Open,Chat,Europe,74,Male,Free,22,1,5,49.8,18.75,2022-11-16,2022-11-24,Yes,Yes,Linux,Edge,Debit Card,Japanese,Morning,3,Small Business,mary.davis303@outlook.com,,0
172049,Karen Jones,karen.jones555@gmail.com,Billing System,Payment Problem,I am unable to access my account after entering the correct credentials.,Provided step-by-step troubleshooting instructions and issue resolved.,Medium,Open,Chat,South America,74,Female,Free,15,2,3,33.91,66.95,2022-03-16,2022-03-19,No,Yes,iOS,Edge,Crypto,Japanese,Night,8,Corporate,karen.jones555@gmail.com,,0
189533,Thomas Lopez,thomas.lopez988@gmail.com,API Service,Security Concern,I found a bug in the latest update affecting report generation.,Security settings updated and customer notified of precautionary measures.,Medium,Open,Web Form,Australia,57,Female,Premium,47,18,5,25.09,17.91,2023-01-03,2023-01-05,Yes,Yes,Linux,Chrome,Crypto,Chinese,Morning,6,Small Business,thomas.lopez988@gmail.com,,0
157321,Karen Davis,karen.davis866@yahoo.com,Billing System,Feature Request,I am experiencing very slow performance while using the dashboard.,Bug logged internally and workaround shared with the customer.,Urgent,Open,Social Media,North America,60,Other,Premium,30,20,5,47.04,120.39,2023-09-19,2023-09-22,Yes,No,MacOS,Firefox,Credit Card,English,Afternoon,8,Small Business,karen.davis866@yahoo.com,,0
97397,Robert Moore,robert.moore566@gmail.com,Subscription Service,Security Concern,I am unable to access my account after entering the correct credentials.,We have reset the account credentials and advised the customer to retry login.,Medium,In Progress,Social Media,Asia,65,Female,Enterprise,20,7,2,63.86,16.25,2022-07-20,2022-07-27,No,Yes,Windows,Chrome,Credit Card,Japanese,Morning,5,Small Business,robert.moore566@gmail.com,,0
169780,Thomas Jackson,thomas.jackson476@icloud.com,Cloud Storage,Feature Request,Two-factor authentication codes are not being delivered to my phone.,Data synchronization restored after backend service restart.,High,Open,Phone,North America,35,Other,Free,49,12,3,0.74,96.33,2024-12-24,2024-12-30,Yes,Yes,Linux,Chrome,Credit Card,Spanish,Morning,2,Corporate,thomas.jackson476@icloud.com,,0
86382,Joseph Brown,joseph.brown339@outlook.com,Mobile App,Bug Report,The payment was deducted from my bank account but the transaction shows failed.,The issue was escalated to engineering and resolved in the latest patch.,Urgent,Resolved,Social Media,Asia,38,Other,Premium,6,5,3,66.38,116.51,2022-07-05,2022-07-18,Yes,Yes,Linux,Edge,Credit Card,Spanish,Afternoon,10,Individual,joseph.brown339@outlook.com,,0
157687,David Johnson,david.johnson85@company.com,Payment Gateway,Login Issue,I am experiencing very slow performance while using the dashboard.,Bug logged internally and workaround shared with the customer.,High,Open,Chat,Europe,74,Female,Free,21,1,4,23.18,190.77,2024-12-26,2025-01-07,Yes,No,MacOS,Firefox,Bank Transfer,English,Morning,2,Corporate,david.johnson85@company.com,,0
129227,John Lopez,john.lopez410@yahoo.com,Cloud Storage,Subscription Cancellation,I would like to request a refund for the recent charge.,Explained billing breakdown and clarified applicable charges.,Medium,Pending Customer,Web Form,Africa,73,Other,Free,34,18,1,43.75,146.09,2023-11-29,2023-12-04,Yes,Yes,Windows,Edge,Debit Card,Japanese,Evening,5,Small Business,john.lopez410@yahoo.com,,0
185643,Mary Brown,mary.brown536@hotmail.com,API Service,Payment Problem,The application crashes whenever I try to upload a file.,The issue was escalated to engineering and resolved in the latest patch.,Urgent,In Progress,Web Form,Australia,57,Other,Enterprise,44,0,4,59.65,235.75,2022-06-04,2022-06-09,No,No,MacOS,Safari,Credit Card,English,Night,4,Small Business,mary.brown536@hotmail.com,,0
21320,Linda Hernandez,linda.hernandez855@outlook.com,CRM Platform,Performance Issue,I would like to request a refund for the recent charge.,Bug logged internally and workaround shared with the customer.,High,Pending Customer,Web Form,Europe,46,Male,Premium,31,20,3,59.47,58.61,2023-02-24,2023-03-06,No,Yes,iOS,Firefox,Debit Card,Japanese,Evening,6,Small Business,linda.hernandez855@outlook.com,,0
39482,James Garcia,james.garcia286@icloud.com,Analytics Dashboard,Subscription Cancellation,My subscription was cancelled without my request and I need clarification.,Payment gateway timeout issue fixed and monitoring implemented.,Low,Open,Email,Australia,54,Female,Free,17,12,4,67.46,216.57,2024-06-28,2024-07-02,Yes,No,Windows,Safari,Credit Card,French,Night,7,Individual,james.garcia286@icloud.com,,0
171782,William Garcia,william.garcia522@hotmail.com,API Service,Login Issue,The system is not syncing data across devices properly.,Subscription status corrected and confirmation email sent to customer.,Medium,In Progress,Social Media,Australia,29,Female,Basic,6,0,4,68.72,99.55,2022-06-26,2022-06-26,Yes,Yes,Linux,Chrome,Credit Card,French,Night,3,Small Business,william.garcia522@hotmail.com,,0
83403,Barbara Thomas,barbara.thomas213@icloud.com,E-commerce Store,Payment Problem,I found a bug in the latest update affecting report generation.,Explained billing breakdown and clarified applicable charges.,Medium,Resolved,Phone,Australia,30,Other,Enterprise,60,5,2,30.58,229.35,2023-01-03,2023-01-03,No,No,MacOS,Chrome,Crypto,German,Morning,4,Corporate,barbara.thomas213@icloud.com,,0
132565,William Gonzalez,william.gonzalez533@icloud.com,Subscription Service,Refund Request,I would like to request a refund for the recent charge.,Bug logged internally and workaround shared with the customer.,Urgent,Resolved,Email,South America,21,Female,Basic,5,15,4,67.79,162.07,2023-04-28,2023-05-08,Yes,No,Android,Firefox,Credit Card,Chinese,Afternoon,8,Corporate,william.gonzalez533@icloud.com,,0
105942,Mary Miller,mary.miller111@icloud.com,Payment Gateway,Performance Issue,The application crashes whenever I try to upload a file.,Security settings updated and customer notified of precautionary measures.,Low,Resolved,Web Form,Asia,53,Male,Free,48,20,1,63.09,84.28,2023-02-22,2023-03-04,Yes,Yes,Windows,Chrome,Debit Card,French,Evening,3,Small Business,mary.miller111@icloud.com,,0
40671,James Wilson,james.wilson541@gmail.com,Payment Gateway,Security Concern,I found a bug in the latest update affecting report generation.,Bug logged internally and workaround shared with the customer.,Low,Closed,Chat,Europe,73,Female,Enterprise,33,9,1,50.32,159.01,2022-12-23,2023-01-03,Yes,No,Linux,Chrome,Debit Card,Chinese,Evening,5,Individual,james.wilson541@gmail.com,,0
121918,William Jackson,william.jackson966@outlook.com,Payment Gateway,Performance Issue,The application crashes whenever I try to upload a file.,Data synchronization restored after backend service restart.,Urgent,Pending Customer,Chat,Europe,40,Male,Premium,40,16,3,25.25,43.53,2022-06-21,2022-06-27,Yes,Yes,Android,Edge,Crypto,French,Morning,5,Small Business,william.jackson966@outlook.com,,0
166533,Thomas Smith,thomas.smith302@gmail.com,Billing System,Login Issue,The system is not syncing data across devices properly.,The issue was escalated to engineering and resolved in the latest patch.,Low,Open,Phone,Africa,49,Other,Premium,40,17,1,26.6,88.58,2022-05-13,2022-05-24,Yes,No,Windows,Chrome,Bank Transfer,French,Evening,1,Individual,thomas.smith302@gmail.com,,0
151729,John Jones,john.jones433@outlook.com,Billing System,Subscription Cancellation,I found a bug in the latest update affecting report generation.,Data synchronization restored after backend service restart.,Urgent,Pending Customer,Web Form,Asia,66,Male,Basic,4,1,4,50.22,177.12,2023-10-15,2023-10-28,Yes,Yes,Android,Chrome,PayPal,Spanish,Morning,10,Small Business,john.jones433@outlook.com,,0
148865,Elizabeth Taylor,elizabeth.taylor716@yahoo.com,Cloud Storage,Account Suspension,There seems to be a discrepancy in my billing statement for this month.,The duplicate charge was reversed and refund processed within 3-5 business days.,Low,Closed,Email,Europe,56,Other,Premium,12,9,2,61.17,126.08,2023-08-13,2023-08-16,No,Yes,Linux,Chrome,Credit Card,Spanish,Evening,9,Corporate,elizabeth.taylor716@yahoo.com,2022-05-30,0
178405,Barbara Williams,barbara.williams310@hotmail.com,Analytics Dashboard,Refund Request,I found a bug in the latest update affecting report generation.,Data synchronization restored after backend service restart.,High,In Progress,Web Form,Asia,67,Other,Basic,4,8,4,51.65,226.44,2024-04-12,2024-04-24,No,Yes,Linux,Chrome,Bank Transfer,French,Night,6,Small Business,barbara.williams310@hotmail.com,,0
128942,Linda Johnson,linda.johnson867@gmail.com,Subscription Service,Feature Request,I found a bug in the latest update affecting report generation.,Explained billing breakdown and clarified applicable charges.,High,Pending Customer,Chat,Asia,24,Male,Basic,56,4,2,22.64,30.0,2022-01-12,2022-01-14,No,No,Android,Unknown,Bank Transfer,Chinese,Morning,1,Individual,linda.johnson867@gmail.com,,0
51035,Mary Moore,mary.moore5@company.com,CRM Platform,Feature Request,I would like to request a refund for the recent charge.,Data synchronization restored after backend service restart.,Medium,Resolved,Web Form,Europe,73,Male,Free,50,20,5,12.07,65.2,2022-09-25,2022-09-27,No,No,iOS,Firefox,PayPal,French,Night,3,Individual,mary.moore5@company.com,,0
114215,Joseph Johnson,joseph.johnson188@gmail.com,Billing System,Payment Problem,I am unable to access my account after entering the correct credentials.,Provided step-by-step troubleshooting instructions and issue resolved.,Low,In Progress,Web Form,Europe,75,Male,Basic,53,6,3,42.62,23.9,2023-09-05,2023-09-14,Yes,No,MacOS,Safari,Bank Transfer,French,Night,10,Small Business,joseph.johnson188@gmail.com,,0
24061,Patricia Smith,patricia.smith50@yahoo.com,Subscription Service,Feature Request,The application crashes whenever I try to upload a file.,Subscription status corrected and confirmation email sent to customer.,High,Closed,Phone,Asia,52,Female,Basic,5,15,2,42.47,79.65,2022-05-03,2022-05-11,Yes,Yes,Android,Chrome,Debit Card,English,Evening,9,Corporate,patricia.smith50@yahoo.com,,0
64088,William Smith,william.smith771@icloud.com,CRM Platform,Refund Request,My subscription was cancelled without my request and I need clarification.,Subscription status corrected and confirmation email sent to customer.,High,Pending Customer,Phone,Europe,55,Female,Basic,41,11,1,40.2,30.15,2024-11-15,2024-11-15,No,No,Linux,Safari,Crypto,Chinese,Morning,4,Small Business,william.smith771@icloud.com,,0
73974,Susan Brown,susan.brown461@icloud.com,Subscription Service,Account Suspension,I found a bug in the latest update affecting report generation.,Security settings updated and customer notified of precautionary measures.,Medium,Open,Web Form,Europe,63,Female,Premium,14,19,4,39.64,51.46,2023-04-18,2023-04-26,Yes,No,iOS,Unknown,Crypto,Chinese,Afternoon,5,Individual,susan.brown461@icloud.com,,0
195049,Susan Johnson,susan.johnson692@yahoo.com,CRM Platform,Performance Issue,The application crashes whenever I try to upload a file.,Provided step-by-step troubleshooting instructions and issue resolved.,High,Resolved,Email,Asia,68,Female,Basic,5,11,5,17.69,205.8,2022-05-06,2022-05-12,Yes,Yes,MacOS,Chrome,PayPal,Chinese,Morning,7,Small Business,susan.johnson692@yahoo.com,,0
65211,Jessica Martinez,jessica.martinez519@outlook.com,Billing System,Payment Problem,There seems to be a discrepancy in my billing statement for this month.,Security settings updated and customer notified of precautionary measures.,Low,Resolved,Web Form,Europe,35,Female,Premium,18,13,3,71.5,231.53,2023-07-13,2023-07-22,No,No,iOS,Chrome,Credit Card,Chinese,Morning,6,Small Business,jessica.martinez519@outlook.com,,0
187197,Thomas Martin,thomas.martin950@outlook.com,E-commerce Store,Subscription Cancellation,The payment was deducted from my bank account but the transaction shows failed.,Security settings updated and customer notified of precautionary measures.,Medium,Resolved,Phone,Europe,22,Other,Basic,30,10,5,70.08,48.65,2024-08-18,2024-08-30,Yes,Yes,Linux,Chrome,Credit Card,Chinese,Afternoon,6,Corporate,thomas.martin950@outlook.com,,0
199865,Thomas Thomas,thomas.thomas83@gmail.com,Web Portal,Performance Issue,I found a bug in the latest update affecting report generation.,The issue was escalated to engineering and resolved in the latest patch.,High,Resolved,Social Media,Australia,45,Other,Premium,41,3,4,41.48,139.91,2022-05-09,2022-05-22,Yes,Yes,Linux,Safari,PayPal,French,Afternoon,5,Corporate,thomas.thomas83@gmail.com,,0
96217,Elizabeth Brown,elizabeth.brown730@hotmail.com,Web Portal,Account Suspension,The system is not syncing data across devices properly.,Provided step-by-step troubleshooting instructions and issue resolved.,Low,Pending Customer,Web Form,Europe,47,Other,Free,26,1,5,10.76,227.42,2023-03-19,2023-03-24,No,No,Linux,Edge,Debit Card,German,Morning,3,Corporate,elizabeth.brown730@hotmail.com,,0
10961,Susan Hernandez,susan.hernandez474@yahoo.com,API Service,Payment Problem,The application crashes whenever I try to upload a file.,The duplicate charge was reversed and refund processed within 3-5 business days.,Urgent,Pending Customer,Chat,South America,27,Male,Basic,53,7,5,22.85,91.4,2022-07-19,2022-07-22,No,No,Linux,Safari,Crypto,Japanese,Evening,5,Individual,susan.hernandez474@yahoo.com,,0
155916,Robert Anderson,robert.anderson782@hotmail.com,Web Portal,Account Suspension,The system is not syncing data across devices properly.,Security settings updated and customer notified of precautionary measures.,Urgent,In Progress,Chat,Africa,24,Other,Enterprise,38,10,3,68.65,207.07,2023-06-12,2023-06-12,Yes,No,MacOS,Edge,PayPal,German,Morning,8,Corporate,robert.anderson782@hotmail.com,,0
51445,Barbara Wilson,barbara.wilson173@yahoo.com,Web Portal,Performance Issue,The system is not syncing data across devices properly.,We have reset the account credentials and advised the customer to retry login.,Urgent,Open,Phone,Europe,30,Other,Basic,7,9,2,51.31,39.91,2023-03-10,2023-03-12,Yes,No,MacOS,Firefox,PayPal,German,Morning,3,Corporate,barbara.wilson173@yahoo.com,,0
79693,John Thomas,john.thomas719@hotmail.com,Mobile App,Performance Issue,There seems to be a discrepancy in my billing statement for this month.,Bug logged internally and workaround shared with the customer.,Low,Open,Web Form,Europe,26,Male,Free,12,20,5,8.01,25.94,2024-12-10,2024-12-24,No,Yes,iOS,Safari,Debit Card,English,Morning,10,Small Business,john.thomas719@hotmail.com,,0
99786,Elizabeth Williams,elizabeth.williams476@icloud.com,Cloud Storage,Data Sync Issue,I would like to request a refund for the recent charge.,We have reset the account credentials and advised the customer to retry login.,Low,In Progress,Phone,North America,49,Female,Free,32,5,5,3.62,50.96,2023-02-08,2023-02-10,Yes,No,Windows,Unknown,Debit Card,French,Night,2,Small Business,elizabeth.williams476@icloud.com,,0
79124,William Rodriguez,william.rodriguez759@hotmail.com,CRM Platform,Performance Issue,The payment was deducted from my bank account but the transaction shows failed.,Provided step-by-step troubleshooting instructions and issue resolved.,High,In Progress,Web Form,North America,48,Other,Free,1,9,2,17.42,53.93,2022-09-21,2022-10-04,Yes,No,Windows,Firefox,Crypto,French,Morning,1,Corporate,william.rodriguez759@hotmail.com,,0
14616,Jessica Miller,jessica.miller476@hotmail.com,Subscription Service,Feature Request,Two-factor authentication codes are not being delivered to my phone.,Provided step-by-step troubleshooting instructions and issue resolved.,Medium,In Progress,Social Media,Australia,40,Female,Enterprise,23,1,1,66.2,98.45,2024-11-20,2024-11-28,Yes,No,Android,Edge,Debit Card,Japanese,Morning,3,Individual,jessica.miller476@hotmail.com,,0
183987,Jessica Jackson,jessica.jackson209@hotmail.com,API Service,Refund Request,I am experiencing very slow performance while using the dashboard.,We have reset the account credentials and advised the customer to retry login.,Urgent,Resolved,Web Form,Asia,49,Other,Premium,43,13,5,16.59,170.19,2024-08-15,2024-08-25,No,Yes,Linux,Chrome,Crypto,Spanish,Night,10,Individual,jessica.jackson209@hotmail.com,,0
71096,Jennifer Gonzalez,jennifer.gonzalez419@hotmail.com,Analytics Dashboard,Feature Request,I would like to request a refund for the recent charge.,We have reset the account credentials and advised the customer to retry login.,Medium,Closed,Phone,Australia,28,Other,Basic,5,14,5,19.36,64.84,2024-04-02,2024-04-02,No,Yes,Windows,Edge,Credit Card,German,Morning,6,Corporate,jennifer.gonzalez419@hotmail.com,,0
164763,Thomas Jones,thomas.jones149@hotmail.com,API Service,Data Sync Issue,I am unable to access my account after entering the correct credentials.,Security settings updated and customer notified of precautionary measures.,High,In Progress,Phone,North America,20,Other,Enterprise,4,7,2,56.51,161.38,2022-02-27,2022-03-07,Yes,Yes,Windows,Chrome,Credit Card,Spanish,Morning,6,Individual,thomas.jones149@hotmail.com,,0
88481,Elizabeth Brown,elizabeth.brown255@yahoo.com,API Service,Login Issue,I found a bug in the latest update affecting report generation.,Subscription status corrected and confirmation email sent to customer.,Low,Open,Email,Europe,37,Other,Basic,9,12,5,67.4,72.37,2022-09-25,2022-10-05,Yes,Yes,iOS,Chrome,Debit Card,Spanish,Afternoon,3,Corporate,elizabeth.brown255@yahoo.com,,0
197699,Robert Jackson,robert.jackson554@yahoo.com,Billing System,Refund Request,I found a bug in the latest update affecting report generation.,Bug logged internally and workaround shared with the customer.,High,Open,Phone,South America,47,Male,Enterprise,37,17,5,67.05,169.6,2022-01-07,2022-01-13,No,Yes,MacOS,Firefox,Bank Transfer,Spanish,Evening,3,Small Business,robert.jackson554@yahoo.com,,0
43221,Richard Williams,richard.williams885@icloud.com,Mobile App,Feature Request,Two-factor authentication codes are not being delivered to my phone.,The issue was escalated to engineering and resolved in the latest patch.,Medium,Open,Phone,Africa,55,Male,Enterprise,22,2,3,41.49,30.2,2024-01-13,2024-01-20,Yes,No,MacOS,Edge,Crypto,Spanish,Afternoon,6,Individual,richard.williams885@icloud.com,,0
59113,Karen Davis,karen.davis184@hotmail.com,Mobile App,Account Suspension,I am unable to access my account after entering the correct credentials.,Subscription status corrected and confirmation email sent to customer.,Medium,Resolved,Phone,Australia,69,Female,Free,55,19,5,47.41,186.55,2023-07-09,2023-07-14,Yes,No,Linux,Unknown,PayPal,Spanish,Evening,9,Small Business,karen.davis184@hotmail.com,,0
35077,David Miller,david.miller14@company.com,E-commerce Store,Bug Report,The payment was deducted from my bank account but the transaction shows failed.,Payment gateway timeout issue fixed and monitoring implemented.,Low,Resolved,Chat,Europe,49,Male,Enterprise,43,10,4,59.41,94.04,2023-03-04,2023-03-18,No,No,iOS,Firefox,Credit Card,Japanese,Afternoon,10,Small Business,david.miller14@company.com,,0
20159,Elizabeth Wilson,elizabeth.wilson187@yahoo.com,Cloud Storage,Performance Issue,The payment was deducted from my bank account but the transaction shows failed.,Subscription status corrected and confirmation email sent to customer.,Medium,Pending Customer,Social Media,South America,36,Other,Free,56,13,3,62.05,75.49,2023-07-14,2023-07-14,Yes,No,Windows,Chrome,Crypto,German,Night,7,Corporate,elizabeth.wilson187@yahoo.com,,0
28733,Mary Jackson,mary.jackson476@hotmail.com,Cloud Storage,Feature Request,I would like to request a refund for the recent charge.,The duplicate charge was reversed and refund processed within 3-5 business days.,Medium,In Progress,Chat,Europe,35,Male,Enterprise,44,17,5,31.95,230.93,2024-12-22,2025-01-01,No,No,iOS,Chrome,Debit Card,German,Evening,5,Corporate,mary.jackson476@hotmail.com,,0
98347,William Wilson,william.wilson867@company.com,API Service,Login Issue,The system is not syncing data across devices properly.,We have reset the account credentials and advised the customer to retry login.,Urgent,In Progress,Web Form,Europe,27,Male,Free,38,3,3,12.05,132.62,2022-05-16,2022-05-21,Yes,Yes,Android,Unknown,Credit Card,German,Morning,6,Individual,william.wilson867@company.com,,0
153523,James Miller,james.miller388@gmail.com,Web Portal,Account Suspension,The system is not syncing data across devices properly.,The issue was escalated to engineering and resolved in the latest patch.,Medium,Resolved,Chat,Africa,48,Female,Free,18,13,4,52.98,209.94,2023-11-20,2023-11-21,No,Yes,Linux,Unknown,Bank Transfer,Japanese,Night,2,Corporate,james.miller388@gmail.com,,0
97114,Mary Moore,mary.moore640@yahoo.com,Cloud Storage,Payment Problem,I am experiencing very slow performance while using the dashboard.,The issue was escalated to engineering and resolved in the latest patch.,Low,Resolved,Phone,Europe,66,Male,Free,60,11,4,11.7,173.63,2023-10-31,2023-11-14,No,No,iOS,Safari,Credit Card,Chinese,Afternoon,6,Small Business,mary.moore640@yahoo.com,,0
59128,John Rodriguez,john.rodriguez222@company.com,Mobile App,Performance Issue,The payment was deducted from my bank account but the transaction shows failed.,The duplicate charge was reversed and refund processed within 3-5 business days.,Urgent,Pending Customer,Chat,Australia,35,Other,Free,57,3,5,6.0,169.93,2022-12-01,2022-12-07,No,Yes,iOS,Firefox,Bank Transfer,English,Evening,4,Corporate,john.rodriguez222@company.com,,0
84434,Karen Lopez,karen.lopez964@gmail.com,Billing System,Feature Request,I found a bug in the latest update affecting report generation.,Security settings updated and customer notified of precautionary measures.,Low,Resolved,Chat,Europe,50,Male,Enterprise,42,3,4,64.69,21.73,2023-08-14,2023-08-14,No,No,iOS,Edge,Debit Card,English,Evening,4,Corporate,karen.lopez964@gmail.com,,0
31521,Sarah Rodriguez,sarah.rodriguez117@company.com,Cloud Storage,Security Concern,I am unable to access my account after entering the correct credentials.,Explained billing breakdown and clarified applicable charges.,Urgent,Open,Web Form,Africa,70,Other,Basic,3,3,2,30.71,71.96,2023-03-28,2023-04-04,No,Yes,Windows,Chrome,Debit Card,German,Afternoon,6,Individual,sarah.rodriguez117@company.com,,0
112486,Charles Moore,charles.moore698@yahoo.com,Web Portal,Feature Request,Two-factor authentication codes are not being delivered to my phone.,Security settings updated and customer notified of precautionary measures.,High,Closed,Web Form,North America,67,Female,Premium,59,8,3,53.85,70.01,2023-02-22,2023-03-07,Yes,Yes,Android,Firefox,Credit Card,Spanish,Afternoon,5,Corporate,charles.moore698@yahoo.com,,0
197610,Charles Garcia,charles.garcia234@hotmail.com,Mobile App,Subscription Cancellation,The payment was deducted from my bank account but the transaction shows failed.,Payment gateway timeout issue fixed and monitoring implemented.,Low,Pending Customer,Web Form,Asia,33,Female,Free,17,14,2,3.13,204.12,2022-07-21,2022-08-01,No,No,Windows,Safari,Crypto,Chinese,Afternoon,2,Individual,charles.garcia234@hotmail.com,,0
81353,Karen Smith,karen.smith629@yahoo.com,E-commerce Store,Data Sync Issue,The application crashes whenever I try to upload a file.,Bug logged internally and workaround shared with the customer.,High,In Progress,Social Media,North America,42,Other,Basic,48,9,2,55.87,104.06,2023-05-25,2023-06-03,No,Yes,Windows,Chrome,PayPal,Spanish,Afternoon,4,Small Business,karen.smith629@yahoo.com,,0
86609,James Martinez,james.martinez131@outlook.com,Subscription Service,Account Suspension,I would like to request a refund for the recent charge.,Payment gateway timeout issue fixed and monitoring implemented.,High,Closed,Web Form,Asia,41,Male,Enterprise,42,14,3,27.87,101.42,2024-06-21,2024-07-04,No,Yes,MacOS,Safari,Bank Transfer,Spanish,Evening,9,Individual,james.martinez131@outlook.com,,0
16316,William Thomas,william.thomas933@icloud.com,E-commerce Store,Security Concern,The application crashes whenever I try to upload a file.,Security settings updated and customer notified of precautionary measures.,Urgent,In Progress,Chat,Australia,54,Female,Premium,36,20,1,21.72,49.18,2024-02-29,2024-03-14,Yes,Yes,Linux,Safari,Bank Transfer,Chinese,Night,8,Individual,william.thomas933@icloud.com,,0
22769,Thomas Smith,thomas.smith298@outlook.com,Billing System,Security Concern,The system is not syncing data across devices properly.,Provided step-by-step troubleshooting instructions and issue resolved.,Low,Resolved,Social Media,Europe,31,Female,Enterprise,39,15,4,43.45,214.25,2022-02-13,2022-02-17,No,No,iOS,Firefox,PayPal,French,Night,6,Small Business,thomas.smith298@outlook.com,,0
22767,Thomas Jones,thomas.jones879@company.com,Billing System,Login Issue,The application crashes whenever I try to upload a file.,Payment gateway timeout issue fixed and monitoring implemented.,High,Closed,Chat,South America,52,Other,Enterprise,14,8,2,64.95,188.98,2024-10-19,2024-10-23,Yes,No,Windows,Chrome,PayPal,Japanese,Night,5,Corporate,thomas.jones879@company.com,,0
22100,Michael Johnson,michael.johnson402@company.com,E-commerce Store,Refund Request,The application crashes whenever I try to upload a file.,Explained billing breakdown and clarified applicable charges.,Medium,Resolved,Email,Australia,18,Female,Premium,13,15,5,50.82,69.67,2023-09-26,2023-10-07,No,Yes,Linux,Safari,Debit Card,Chinese,Evening,9,Individual,michael.johnson402@company.com,,0
188087,Charles Jones,charles.jones392@hotmail.com,Mobile App,Login Issue,I am unable to access my account after entering the correct credentials.,Subscription status corrected and confirmation email sent to customer.,Low,Pending Customer,Email,Europe,67,Male,Premium,41,19,4,66.98,15.97,2022-11-09,2022-11-09,Yes,Yes,Windows,Edge,Bank Transfer,Japanese,Evening,3,Individual,charles.jones392@hotmail.com,,0
82049,Richard Davis,richard.davis639@icloud.com,Cloud Storage,Feature Request,I found a bug in the latest update affecting report generation.,Subscription status corrected and confirmation email sent to customer.,Urgent,In Progress,Web Form,North America,19,Female,Enterprise,23,0,1,22.51,84.62,2023-03-25,2023-03-28,Yes,No,MacOS,Edge,Credit Card,Chinese,Morning,3,Individual,richard.davis639@icloud.com,,0
84635,Thomas Brown,thomas.brown680@gmail.com,Billing System,Account Suspension,The system is not syncing data across devices properly.,Payment gateway timeout issue fixed and monitoring implemented.,Urgent,In Progress,Chat,Africa,62,Male,Enterprise,41,15,1,32.79,192.06,2024-12-17,2024-12-21,No,Yes,Windows,Edge,Debit Card,Spanish,Night,7,Small Business,thomas.brown680@gmail.com,,0
126953,John Miller,john.miller695@gmail.com,CRM Platform,Data Sync Issue,I am experiencing very slow performance while using the dashboard.,We have reset the account credentials and advised the customer to retry login.,Medium,Pending Customer,Email,North America,61,Female,Basic,36,10,2,55.07,192.17,2023-04-07,2023-04-21,No,No,Windows,Chrome,PayPal,German,Afternoon,5,Small Business,john.miller695@gmail.com,,0
88527,Jennifer Smith,jennifer.smith942@hotmail.com,E-commerce Store,Data Sync Issue,I am experiencing very slow performance while using the dashboard.,Subscription status corrected and confirmation email sent to customer.,Medium,Open,Social Media,Africa,71,Male,Free,9,18,4,39.58,77.02,2023-10-03,2023-10-16,Yes,No,Linux,Firefox,Bank Transfer,Chinese,Morning,2,Individual,jennifer.smith942@hotmail.com,,0
115054,Jessica Davis,jessica.davis41@icloud.com,CRM Platform,Security Concern,My subscription was cancelled without my request and I need clarification.,We have reset the account credentials and advised the customer to retry login.,Urgent,Resolved,Phone,South America,38,Male,Free,40,2,2,35.14,29.32,2022-12-18,2022-12-24,No,Yes,Linux,Chrome,Crypto,German,Morning,1,Corporate,jessica.davis41@icloud.com,,0
49662,David Moore,david.moore613@company.com,Billing System,Security Concern,I would like to request a refund for the recent charge.,Subscription status corrected and confirmation email sent to customer.,Low,Open,Social Media,Australia,35,Female,Enterprise,28,7,3,4.16,217.42,2024-05-27,2024-05-29,Yes,Yes,MacOS,Unknown,Bank Transfer,German,Afternoon,10,Individual,david.moore613@company.com,,0
77452,John Johnson,john.johnson529@yahoo.com,API Service,Subscription Cancellation,The payment was deducted from my bank account but the transaction shows failed.,Provided step-by-step troubleshooting instructions and issue resolved.,High,Pending Customer,Web Form,Asia,29,Male,Premium,22,4,5,45.78,194.59,2024-01-03,2024-01-13,Yes,No,Windows,Edge,PayPal,Spanish,Afternoon,7,Individual,john.johnson529@yahoo.com,,0
24448,Jessica Rodriguez,jessica.rodriguez322@hotmail.com,Analytics Dashboard,Feature Request,I am unable to access my account after entering the correct credentials.,We have reset the account credentials and advised the customer to retry login.,Urgent,In Progress,Social Media,Europe,19,Other,Basic,45,19,5,11.79,56.2,2024-06-19,2024-06-29,Yes,Yes,Linux,Edge,Credit Card,German,Morning,9,Individual,jessica.rodriguez322@hotmail.com,,0
70464,Joseph Williams,joseph.williams822@company.com,API Service,Refund Request,I am experiencing very slow performance while using the dashboard.,Security settings updated and customer notified of precautionary measures.,High,Resolved,Email,Asia,44,Female,Premium,58,20,2,38.35,220.95,2023-11-05,2023-11-11,No,No,Windows,Safari,Crypto,Japanese,Evening,7,Corporate,joseph.williams822@company.com,,0
106171,Robert Rodriguez,robert.rodriguez983@outlook.com,CRM Platform,Performance Issue,I would like to request a refund for the recent charge.,Provided step-by-step troubleshooting instructions and issue resolved.,Urgent,Closed,Social Media,Africa,39,Other,Premium,58,3,2,65.09,91.5,2023-07-15,2023-07-27,No,No,Linux,Chrome,Bank Transfer,Japanese,Morning,9,Small Business,robert.rodriguez983@outlook.com,,0
64761,John Wilson,john.wilson659@icloud.com,CRM Platform,Subscription Cancellation,I am unable to access my account after entering the correct credentials.,Data synchronization restored after backend service restart.,High,Open,Chat,North America,66,Female,Enterprise,44,1,5,46.26,10.67,2022-11-30,2022-12-03,Yes,Yes,Android,Edge,Bank Transfer,French,Morning,9,Corporate,john.wilson659@icloud.com,,0
16611,Michael Jackson,michael.jackson138@hotmail.com,API Service,Payment Problem,I would like to request a refund for the recent charge.,Provided step-by-step troubleshooting instructions and issue resolved.,Urgent,Pending Customer,Web Form,North America,34,Male,Basic,3,14,5,48.81,190.25,2023-07-23,2023-07-28,Yes,No,Android,Unknown,Bank Transfer,German,Night,3,Individual,michael.jackson138@hotmail.com,,0
192041,David Moore,david.moore455@company.com,Subscription Service,Performance Issue,The payment was deducted from my bank account but the transaction shows failed.,Subscription status corrected and confirmation email sent to customer.,Medium,Open,Email,Africa,34,Male,Basic,46,18,2,19.18,208.46,2023-07-14,2023-07-24,Yes,Yes,Android,Edge,Credit Card,German,Afternoon,2,Corporate,david.moore455@company.com,,0
50519,Barbara Anderson,barbara.anderson200@company.com,API Service,Feature Request,The application crashes whenever I try to upload a file.,Subscription status corrected and confirmation email sent to customer.,Low,Resolved,Social Media,Asia,56,Female,Premium,41,4,2,56.83,201.68,2024-06-05,2024-06-05,No,Yes,Android,Chrome,Credit Card,Spanish,Evening,2,Small Business,barbara.anderson200@company.com,,0
51125,Mary Moore,mary.moore687@outlook.com,Subscription Service,Bug Report,The application crashes whenever I try to upload a file.,Provided step-by-step troubleshooting instructions and issue resolved.,High,Open,Chat,South America,68,Other,Free,53,14,1,49.33,74.83,2022-03-29,2022-04-08,No,No,iOS,Safari,Credit Card,French,Morning,7,Small Business,mary.moore687@outlook.com,,0
182022,Jessica Williams,jessica.williams955@hotmail.com,Analytics Dashboard,Payment Problem,I am unable to access my account after entering the correct credentials.,Subscription status corrected and confirmation email sent to customer.,Low,Pending Customer,Chat,South America,63,Other,Enterprise,55,19,5,58.75,178.35,2023-08-02,2023-08-03,Yes,No,iOS,Edge,Debit Card,Spanish,Morning,6,Small Business,jessica.williams955@hotmail.com,,0
192263,Karen Anderson,karen.anderson241@icloud.com,CRM Platform,Security Concern,There seems to be a discrepancy in my billing statement for this month.,Security settings updated and customer notified of precautionary measures.,Low,In Progress,Web Form,Australia,39,Female,Basic,54,10,2,14.13,196.7,2023-04-26,2023-05-07,Yes,Yes,Android,Edge,Crypto,English,Night,6,Individual,karen.anderson241@icloud.com,,0
170083,James Martin,james.martin872@icloud.com,Analytics Dashboard,Bug Report,The application crashes whenever I try to upload a file.,Security settings updated and customer notified of precautionary measures.,Medium,Resolved,Web Form,North America,57,Male,Premium,19,3,2,45.16,82.67,2022-03-05,2022-03-10,Yes,No,Android,Safari,PayPal,Japanese,Afternoon,4,Small Business,james.martin872@icloud.com,,0
189420,Sarah Brown,sarah.brown746@outlook.com,CRM Platform,Payment Problem,My subscription was cancelled without my request and I need clarification.,Data synchronization restored after backend service restart.,Medium,Closed,Email,South America,24,Other,Premium,34,15,2,21.9,64.56,2024-09-16,2024-09-28,No,No,Windows,Firefox,PayPal,English,Morning,2,Small Business,sarah.brown746@outlook.com,,0
69269,Joseph Taylor,joseph.taylor197@hotmail.com,Web Portal,Feature Request,My subscription was cancelled without my request and I need clarification.,Data synchronization restored after backend service restart.,Urgent,Open,Phone,Asia,61,Female,Free,28,10,2,29.96,239.73,2024-12-06,2024-12-12,No,No,Windows,Safari,PayPal,German,Afternoon,10,Corporate,joseph.taylor197@hotmail.com,,0
104829,Joseph Wilson,joseph.wilson465@hotmail.com,Mobile App,Data Sync Issue,I found a bug in the latest update affecting report generation.,The issue was escalated to engineering and resolved in the latest patch.,Low,Open,Phone,Australia,36,Male,Premium,38,8,5,15.89,50.95,2023-11-29,2023-12-08,Yes,Yes,MacOS,Chrome,Crypto,Spanish,Afternoon,2,Corporate,joseph.wilson465@hotmail.com,,0
158165,Charles Moore,charles.moore194@icloud.com,CRM Platform,Account Suspension,I am unable to access my account after entering the correct credentials.,Data synchronization restored after backend service restart.,Medium,Pending Customer,Web Form,Africa,22,Female,Premium,56,1,2,48.85,25.17,2022-08-08,2022-08-14,Yes,Yes,iOS,Unknown,PayPal,German,Night,3,Small Business,charles.moore194@icloud.com,,0
55709,Patricia Davis,patricia.davis215@hotmail.com,Mobile App,Refund Request,Two-factor authentication codes are not being delivered to my phone.,Bug logged internally and workaround shared with the customer.,Medium,Closed,Phone,North America,58,Other,Basic,17,0,5,13.72,29.59,2022-03-05,2022-03-18,Yes,No,iOS,Safari,Credit Card,Chinese,Night,2,Corporate,patricia.davis215@hotmail.com,,0
148503,Karen Smith,karen.smith537@company.com,Analytics Dashboard,Bug Report,There seems to be a discrepancy in my billing statement for this month.,Payment gateway timeout issue fixed and monitoring implemented.,Urgent,Open,Chat,Africa,53,Male,Premium,57,17,5,34.78,94.3,2024-03-21,2024-04-02,Yes,Yes,Linux,Firefox,PayPal,German,Night,5,Individual,karen.smith537@company.com,,0
72412,Robert Lopez,robert.lopez674@outlook.com,Billing System,Payment Problem,The application crashes whenever I try to upload a file.,Bug logged internally and workaround shared with the customer.,Low,Resolved,Phone,Asia,67,Male,Premium,55,2,4,36.63,65.41,2024-03-06,2024-03-06,No,Yes,Windows,Edge,Crypto,English,Evening,5,Corporate,robert.lopez674@outlook.com,,0
179246,Joseph Anderson,joseph.anderson664@gmail.com,Payment Gateway,Account Suspension,I am experiencing very slow performance while using the dashboard.,Explained billing breakdown and clarified applicable charges.,Medium,Resolved,Social Media,Australia,63,Male,Premium,30,8,5,38.37,105.82,2022-04-04,2022-04-06,Yes,Yes,Android,Safari,Credit Card,English,Morning,6,Corporate,joseph.anderson664@gmail.com,,0
39440,Susan Johnson,susan.johnson602@company.com,Web Portal,Bug Report,There seems to be a discrepancy in my billing statement for this month.,The issue was escalated to engineering and resolved in the latest patch.,High,In Progress,Phone,Asia,27,Male,Premium,17,20,5,44.96,99.92,2023-10-05,2023-10-17,Yes,Yes,Windows,Firefox,PayPal,French,Morning,2,Individual,susan.johnson602@company.com,,0
73940,Linda Gonzalez,linda.gonzalez335@gmail.com,API Service,Subscription Cancellation,I am unable to access my account after entering the correct credentials.,The issue was escalated to engineering and resolved in the latest patch.,Medium,Resolved,Email,Africa,49,Female,Free,42,10,2,50.42,13.7,2022-09-14,2022-09-16,Yes,Yes,Android,Chrome,Credit Card,Japanese,Night,2,Individual,linda.gonzalez335@gmail.com,,0
17815,William Miller,william.miller734@hotmail.com,Cloud Storage,Feature Request,The application crashes whenever I try to upload a file.,Explained billing breakdown and clarified applicable charges.,Medium,Open,Chat,Asia,27,Male,Free,35,6,4,17.61,226.41,2024-08-19,2024-09-01,Yes,No,MacOS,Safari,Bank Transfer,Spanish,Night,3,Individual,william.miller734@hotmail.com,,0
12399,Barbara Hernandez,barbara.hernandez519@icloud.com,Web Portal,Account Suspension,Two-factor authentication codes are not being delivered to my phone.,Explained billing breakdown and clarified applicable charges.,Urgent,Open,Web Form,Australia,40,Other,Free,22,18,3,33.32,8.11,2023-12-09,2023-12-12,No,No,MacOS,Safari,PayPal,Spanish,Afternoon,9,Small Business,barbara.hernandez519@icloud.com,,0
123658,Jessica Anderson,jessica.anderson667@icloud.com,Payment Gateway,Payment Problem,There seems to be a discrepancy in my billing statement for this month.,Explained billing breakdown and clarified applicable charges.,Low,Open,Social Media,Australia,41,Male,Enterprise,13,14,1,16.3,68.93,2022-12-25,2022-12-28,Yes,No,Android,Chrome,Crypto,Chinese,Night,2,Corporate,jessica.anderson667@icloud.com,,0
156279,Karen Lopez,karen.lopez278@company.com,CRM Platform,Data Sync Issue,I found a bug in the latest update affecting report generation.,Security settings updated and customer notified of precautionary measures.,Low,Pending Customer,Phone,Africa,48,Male,Basic,52,1,1,20.99,82.62,2023-09-30,2023-10-05,No,Yes,iOS,Edge,Bank Transfer,English,Afternoon,5,Individual,karen.lopez278@company.com,,0
75087,David Anderson,david.anderson925@company.com,Cloud Storage,Data Sync Issue,I am experiencing very slow performance while using the dashboard.,The issue was escalated to engineering and resolved in the latest patch.,Urgent,Closed,Web Form,South America,49,Female,Basic,36,7,4,31.58,52.0,2024-09-26,2024-10-07,Yes,No,iOS,Edge,Credit Card,English,Evening,1,Small Business,david.anderson925@company.com,,0
26352,David Hernandez,david.hernandez205@icloud.com,Billing System,Subscription Cancellation,I am unable to access my account after entering the correct credentials.,We have reset the account credentials and advised the customer to retry login.,Medium,In Progress,Social Media,Africa,30,Male,Premium,42,7,3,27.96,216.29,2023-04-11,2023-04-15,No,No,Android,Safari,Bank Transfer,German,Morning,1,Individual,david.hernandez205@icloud.com,,0
153486,Michael Miller,michael.miller894@gmail.com,Payment Gateway,Account Suspension,There seems to be a discrepancy in my billing statement for this month.,Bug logged internally and workaround shared with the customer.,Medium,Resolved,Web Form,Asia,72,Other,Enterprise,42,4,2,53.74,81.15,2022-05-17,2022-05-25,No,Yes,Android,Firefox,Debit Card,English,Night,2,Small Business,michael.miller894@gmail.com,,0
127530,Jennifer Johnson,jennifer.johnson341@icloud.com,Payment Gateway,Feature Request,I am unable to access my account after entering the correct credentials.,Bug logged internally and workaround shared with the customer.,Low,Pending Customer,Social Media,Europe,22,Male,Basic,17,17,1,28.56,149.95,2022-09-18,2022-09-19,No,Yes,Linux,Edge,Crypto,Japanese,Evening,2,Small Business,jennifer.johnson341@icloud.com,,0
15743,Thomas Garcia,thomas.garcia217@gmail.com,Mobile App,Performance Issue,The payment was deducted from my bank account but the transaction shows failed.,Data synchronization restored after backend service restart.,High,Resolved,Phone,Europe,21,Male,Enterprise,23,18,4,40.45,64.66,2022-12-27,2022-12-29,No,No,Linux,Chrome,Credit Card,Japanese,Night,1,Individual,thomas.garcia217@gmail.com,,0
75670,James Jackson,james.jackson902@icloud.com,Billing System,Performance Issue,The payment was deducted from my bank account but the transaction shows failed.,We have reset the account credentials and advised the customer to retry login.,High,Closed,Chat,North America,70,Female,Free,36,8,3,27.33,199.78,2024-02-08,2024-02-19,Yes,Yes,iOS,Firefox,Debit Card,French,Night,6,Individual,james.jackson902@icloud.com,,0
29749,Michael Johnson,michael.johnson392@outlook.com,API Service,Refund Request,I found a bug in the latest update affecting report generation.,Subscription status corrected and confirmation email sent to customer.,Urgent,Closed,Social Media,North America,53,Male,Enterprise,23,4,1,66.77,115.63,2023-04-09,2023-04-23,Yes,Yes,iOS,Unknown,PayPal,Chinese,Morning,9,Corporate,michael.johnson392@outlook.com,,0
187793,Thomas Johnson,thomas.johnson333@company.com,Subscription Service,Refund Request,The application crashes whenever I try to upload a file.,Explained billing breakdown and clarified applicable charges.,Urgent,Resolved,Web Form,South America,27,Male,Enterprise,53,10,4,63.38,164.13,2023-01-10,2023-01-14,Yes,No,iOS,Firefox,Debit Card,German,Morning,3,Corporate,thomas.johnson333@company.com,,0
18671,Susan Thomas,susan.thomas623@gmail.com,Subscription Service,Bug Report,The application crashes whenever I try to upload a file.,Subscription status corrected and confirmation email sent to customer.,Low,In Progress,Chat,North America,71,Female,Premium,29,8,4,18.84,209.35,2022-02-16,2022-02-18,No,No,Windows,Unknown,Crypto,German,Evening,8,Individual,susan.thomas623@gmail.com,,0
89999,Jessica Thomas,jessica.thomas28@gmail.com,Billing System,Account Suspension,The system is not syncing data across devices properly.,Bug logged internally and workaround shared with the customer.,Low,Pending Customer,Web Form,Europe,27,Other,Enterprise,58,7,3,5.87,111.6,2023-12-22,2023-12-28,Yes,Yes,Windows,Chrome,Debit Card,French,Night,2,Individual,jessica.thomas28@gmail.com,,0
127086,Elizabeth Anderson,elizabeth.anderson983@hotmail.com,Web Portal,Payment Problem,The system is not syncing data across devices properly.,Data synchronization restored after backend service restart.,High,Closed,Chat,Asia,72,Other,Premium,39,2,1,7.16,195.2,2022-04-17,2022-04-28,Yes,Yes,Linux,Chrome,Bank Transfer,French,Afternoon,2,Corporate,elizabeth.anderson983@hotmail.com,,0
174108,Michael Taylor,michael.taylor661@hotmail.com,Payment Gateway,Performance Issue,I am unable to access my account after entering the correct credentials.,Provided step-by-step troubleshooting instructions and issue resolved.,High,Resolved,Email,Australia,68,Male,Enterprise,46,4,2,70.66,158.51,2022-06-01,2022-06-12,Yes,Yes,Windows,Safari,Crypto,English,Morning,2,Corporate,michael.taylor661@hotmail.com,,0
41746,Patricia Jackson,patricia.jackson276@icloud.com,Cloud Storage,Bug Report,I would like to request a refund for the recent charge.,Explained billing breakdown and clarified applicable charges.,Medium,Open,Social Media,Europe,70,Female,Enterprise,26,18,3,46.81,218.32,2022-01-06,2022-01-06,Yes,No,MacOS,Safari,PayPal,French,Evening,9,Corporate,patricia.jackson276@icloud.com,,0
79906,John Jones,john.jones299@hotmail.com,Payment Gateway,Bug Report,The application crashes whenever I try to upload a file.,The issue was escalated to engineering and resolved in the latest patch.,High,Pending Customer,Social Media,Africa,46,Other,Enterprise,53,18,5,16.23,164.23,2023-05-14,2023-05-14,No,Yes,Windows,Chrome,PayPal,English,Night,2,Small Business,john.jones299@hotmail.com,,0
77426,Thomas Thomas,thomas.thomas675@company.com,Payment Gateway,Bug Report,The payment was deducted from my bank account but the transaction shows failed.,Data synchronization restored after backend service restart.,Low,Resolved,Social Media,Europe,36,Other,Enterprise,6,18,4,52.23,100.5,2023-09-13,2023-09-13,Yes,Yes,MacOS,Edge,Crypto,Spanish,Morning,2,Small Business,thomas.thomas675@company.com,,0
60267,Linda Thomas,linda.thomas847@gmail.com,Web Portal,Feature Request,The system is not syncing data across devices properly.,We have reset the account credentials and advised the customer to retry login.,Low,In Progress,Email,South America,70,Female,Premium,25,9,1,31.92,43.76,2024-12-02,2024-12-08,Yes,Yes,iOS,Safari,Debit Card,Japanese,Evening,10,Individual,linda.thomas847@gmail.com,,0
71626,James Davis,james.davis488@outlook.com,Analytics Dashboard,Payment Problem,Two-factor authentication codes are not being delivered to my phone.,Provided step-by-step troubleshooting instructions and issue resolved.,Urgent,Resolved,Chat,Europe,44,Other,Premium,40,13,4,14.4,107.07,2023-07-02,2023-07-16,No,Yes,MacOS,Safari,Credit Card,French,Morning,4,Small Business,james.davis488@outlook.com,,0
66535,Linda Gonzalez,linda.gonzalez418@outlook.com,Mobile App,Payment Problem,I found a bug in the latest update affecting report generation.,Data synchronization restored after backend service restart.,High,In Progress,Web Form,Asia,22,Female,Free,56,5,5,43.25,207.04,2024-08-02,2024-08-04,No,Yes,Windows,Firefox,Debit Card,French,Morning,5,Small Business,linda.gonzalez418@outlook.com,,0
45889,Richard Jackson,richard.jackson758@hotmail.com,API Service,Performance Issue,The system is not syncing data across devices properly.,Subscription status corrected and confirmation email sent to customer.,Medium,Resolved,Web Form,Asia,28,Female,Enterprise,2,11,2,8.6,140.08,2022-08-24,2022-09-04,Yes,Yes,iOS,Firefox,Crypto,Spanish,Night,9,Individual,richard.jackson758@hotmail.com,,0
72148,Patricia Rodriguez,patricia.rodriguez685@gmail.com,Cloud Storage,Performance Issue,Two-factor authentication codes are not being delivered to my phone.,Security settings updated and customer notified of precautionary measures.,Urgent,Resolved,Web Form,Australia,53,Other,Enterprise,58,8,1,54.17,94.07,2024-11-26,2024-12-01,No,Yes,Linux,Safari,Debit Card,Chinese,Evening,1,Individual,patricia.rodriguez685@gmail.com,,0
11058,Sarah Brown,sarah.brown210@icloud.com,Web Portal,Refund Request,Two-factor authentication codes are not being delivered to my phone.,The issue was escalated to engineering and resolved in the latest patch.,High,In Progress,Chat,Africa,25,Male,Free,45,1,3,34.65,25.59,2024-10-01,2024-10-03,Yes,Yes,Linux,Safari,Crypto,Spanish,Night,5,Small Business,sarah.brown210@icloud.com,,0
143497,Michael Wilson,michael.wilson41@hotmail.com,API Service,Login Issue,I found a bug in the latest update affecting report generation.,We have reset the account credentials and advised the customer to retry login.,Urgent,Resolved,Social Media,Europe,66,Female,Enterprise,24,11,5,10.08,30.71,2023-09-05,2023-09-07,No,Yes,Linux,Safari,PayPal,German,Afternoon,5,Small Business,michael.wilson41@hotmail.com,,0
130809,Sarah Hernandez,sarah.hernandez801@gmail.com,Billing System,Account Suspension,My subscription was cancelled without my request and I need clarification.,Subscription status corrected and confirmation email sent to customer.,Medium,In Progress,Chat,Africa,50,Other,Enterprise,34,20,1,49.19,104.39,2023-04-13,2023-04-23,Yes,No,MacOS,Unknown,Crypto,French,Night,6,Corporate,sarah.hernandez801@gmail.com,,0
12774,Susan Martinez,susan.martinez265@yahoo.com,Analytics Dashboard,Login Issue,The payment was deducted from my bank account but the transaction shows failed.,The duplicate charge was reversed and refund processed within 3-5 business days.,Low,In Progress,Phone,Australia,32,Other,Free,44,2,5,66.55,145.88,2023-05-29,2023-06-01,No,Yes,Linux,Safari,Credit Card,Chinese,Evening,5,Individual,susan.martinez265@yahoo.com,,0
145242,Richard Thomas,richard.thomas971@yahoo.com,CRM Platform,Performance Issue,The system is not syncing data across devices properly.,The duplicate charge was reversed and refund processed within 3-5 business days.,Medium,Closed,Web Form,Australia,35,Male,Basic,14,17,4,52.23,30.15,2022-09-23,2022-10-06,No,Yes,MacOS,Safari,Debit Card,English,Evening,5,Small Business,richard.thomas971@yahoo.com,,0
55298,Joseph Anderson,joseph.anderson748@icloud.com,API Service,Subscription Cancellation,My subscription was cancelled without my request and I need clarification.,Bug logged internally and workaround shared with the customer.,High,In Progress,Chat,Europe,29,Male,Premium,20,15,1,6.83,65.95,2022-06-07,2022-06-07,Yes,Yes,MacOS,Firefox,PayPal,Chinese,Evening,7,Individual,joseph.anderson748@icloud.com,,0
170801,Jessica Miller,jessica.miller953@icloud.com,Subscription Service,Feature Request,The system is not syncing data across devices properly.,Data synchronization restored after backend service restart.,Low,In Progress,Chat,Europe,34,Female,Premium,47,13,3,5.54,193.03,2024-06-18,2024-06-21,No,No,MacOS,Chrome,PayPal,Spanish,Night,5,Individual,jessica.miller953@icloud.com,,0
126745,Sarah Johnson,sarah.johnson195@outlook.com,Cloud Storage,Subscription Cancellation,I am experiencing very slow performance while using the dashboard.,Bug logged internally and workaround shared with the customer.,Low,Open,Social Media,North America,65,Female,Premium,19,16,1,66.99,178.29,2024-05-21,2024-05-22,Yes,No,Android,Safari,PayPal,Japanese,Morning,2,Corporate,sarah.johnson195@outlook.com,,0
98794,Sarah Gonzalez,sarah.gonzalez163@outlook.com,Billing System,Login Issue,I am unable to access my account after entering the correct credentials.,Security settings updated and customer notified of precautionary measures.,Urgent,Open,Email,North America,26,Female,Premium,22,12,1,10.8,135.01,2023-06-11,2023-06-23,No,No,Linux,Chrome,Debit Card,English,Evening,1,Corporate,sarah.gonzalez163@outlook.com,,0
143389,Jennifer Taylor,jennifer.taylor535@icloud.com,Cloud Storage,Performance Issue,I am experiencing very slow performance while using the dashboard.,Payment gateway timeout issue fixed and monitoring implemented.,Urgent,In Progress,Phone,South America,51,Female,Enterprise,25,10,4,32.26,73.52,2023-01-05,2023-01-13,No,Yes,Android,Unknown,Debit Card,English,Night,4,Individual,jennifer.taylor535@icloud.com,,0
25009,David Brown,david.brown808@gmail.com,Billing System,Subscription Cancellation,There seems to be a discrepancy in my billing statement for this month.,Bug logged internally and workaround shared with the customer.,Medium,Pending Customer,Web Form,North America,33,Female,Free,11,6,2,17.56,66.08,2024-06-26,2024-07-03,Yes,No,MacOS,Firefox,Crypto,French,Afternoon,8,Individual,david.brown808@gmail.com,,0
186888,Mary Jones,mary.jones78@outlook.com,Subscription Service,Bug Report,I am experiencing very slow performance while using the dashboard.,Subscription status corrected and confirmation email sent to customer.,Medium,In Progress,Phone,North America,24,Male,Free,32,20,3,1.01,212.14,2023-01-27,2023-02-05,No,No,iOS,Edge,Bank Transfer,English,Night,8,Corporate,mary.jones78@outlook.com,,0
77044,David Jackson,david.jackson108@gmail.com,Analytics Dashboard,Subscription Cancellation,The payment was deducted from my bank account but the transaction shows failed.,Data synchronization restored after backend service restart.,Urgent,In Progress,Phone,Africa,47,Female,Basic,23,3,4,52.06,31.0,2022-07-29,2022-08-12,Yes,No,Linux,Chrome,Bank Transfer,Chinese,Afternoon,7,Individual,david.jackson108@gmail.com,,0
54697,Joseph Anderson,joseph.anderson502@icloud.com,Payment Gateway,Security Concern,I am unable to access my account after entering the correct credentials.,Explained billing breakdown and clarified applicable charges.,Medium,Pending Customer,Phone,South America,23,Male,Premium,10,14,1,35.12,1.06,2023-08-12,2023-08-14,No,Yes,iOS,Safari,Crypto,Japanese,Evening,4,Corporate,joseph.anderson502@icloud.com,,0
71776,Karen Johnson,karen.johnson693@hotmail.com,E-commerce Store,Subscription Cancellation,I am experiencing very slow performance while using the dashboard.,Bug logged internally and workaround shared with the customer.,Medium,In Progress,Social Media,North America,33,Male,Basic,53,19,4,70.15,191.31,2023-10-26,2023-10-27,Yes,Yes,Windows,Firefox,Bank Transfer,English,Night,9,Small Business,karen.johnson693@hotmail.com,,0
158126,James Martinez,james.martinez705@hotmail.com,Subscription Service,Login Issue,I am experiencing very slow performance while using the dashboard.,Explained billing breakdown and clarified applicable charges.,Low,Resolved,Email,Asia,45,Male,Free,44,4,4,11.5,236.82,2024-04-05,2024-04-10,No,No,iOS,Chrome,PayPal,Chinese,Afternoon,9,Small Business,james.martinez705@hotmail.com,2024-03-27,1
109852,Thomas Taylor,thomas.taylor497@icloud.com,Analytics Dashboard,Feature Request,Two-factor authentication codes are not being delivered to my phone.,Provided step-by-step troubleshooting instructions and issue resolved.,Medium,Pending Customer,Phone,South America,26,Male,Premium,10,3,4,19.07,201.64,2024-12-06,2024-12-11,Yes,No,iOS,Edge,Bank Transfer,French,Afternoon,7,Corporate,thomas.taylor497@icloud.com,,0
187403,David Smith,david.smith512@icloud.com,Mobile App,Login Issue,The system is not syncing data across devices properly.,The issue was escalated to engineering and resolved in the latest patch.,High,Closed,Chat,Australia,44,Other,Premium,24,9,2,4.74,156.32,2022-09-19,2022-09-25,No,Yes,iOS,Firefox,Crypto,Chinese,Evening,6,Corporate,david.smith512@icloud.com,,0
32869,Thomas Taylor,thomas.taylor873@gmail.com,Analytics Dashboard,Refund Request,The system is not syncing data across devices properly.,Security settings updated and customer notified of precautionary measures.,Medium,Pending Customer,Phone,Europe,29,Female,Enterprise,5,10,1,46.09,151.36,2024-07-20,2024-08-03,No,No,iOS,Edge,Crypto,Japanese,Morning,8,Individual,thomas.taylor873@gmail.com,,0
78851,Barbara Taylor,barbara.taylor729@yahoo.com,Payment Gateway,Refund Request,I am experiencing very slow performance while using the dashboard.,Payment gateway timeout issue fixed and monitoring implemented.,High,Open,Social Media,Europe,30,Other,Free,17,9,5,45.84,155.23,2022-03-06,2022-03-06,No,Yes,Android,Edge,Bank Transfer,Japanese,Afternoon,5,Individual,barbara.taylor729@yahoo.com,,0
103648,Thomas Martinez,thomas.martinez263@hotmail.com,Cloud Storage,Feature Request,Two-factor authentication codes are not being delivered to my phone.,We have reset the account credentials and advised the customer to retry login.,Urgent,Open,Email,Asia,29,Female,Free,38,8,2,68.86,11.89,2022-06-15,2022-06-20,No,No,Linux,Unknown,Bank Transfer,Spanish,Morning,9,Small Business,thomas.martinez263@hotmail.com,,0
51837,Sarah Miller,sarah.miller337@yahoo.com,API Service,Performance Issue,I am experiencing very slow performance while using the dashboard.,The issue was escalated to engineering and resolved in the latest patch.,Low,In Progress,Email,Africa,21,Male,Premium,44,3,5,49.58,104.86,2024-11-02,2024-11-08,No,Yes,iOS,Unknown,Bank Transfer,Chinese,Night,8,Corporate,sarah.miller337@yahoo.com,,0
44703,Linda Jackson,linda.jackson134@gmail.com,E-commerce Store,Account Suspension,The payment was deducted from my bank account but the transaction shows failed.,Provided step-by-step troubleshooting instructions and issue resolved.,Low,Open,Social Media,Asia,64,Female,Free,13,3,2,55.72,216.13,2022-01-12,2022-01-20,Yes,Yes,Linux,Edge,Crypto,Spanish,Evening,7,Individual,linda.jackson134@gmail.com,,0
92291,Richard Anderson,richard.anderson144@yahoo.com,Mobile App,Subscription Cancellation,My subscription was cancelled without my request and I need clarification.,Security settings updated and customer notified of precautionary measures.,Low,Closed,Email,Asia,67,Male,Free,26,8,4,51.21,214.18,2024-02-16,2024-02-26,No,No,Android,Edge,Bank Transfer,Chinese,Night,9,Small Business,richard.anderson144@yahoo.com,,0
82103,Joseph Rodriguez,joseph.rodriguez866@icloud.com,E-commerce Store,Refund Request,There seems to be a discrepancy in my billing statement for this month.,The issue was escalated to engineering and resolved in the latest patch.,Urgent,Closed,Web Form,Australia,66,Female,Enterprise,41,2,4,62.47,202.72,2023-04-15,2023-04-28,Yes,Yes,MacOS,Unknown,Crypto,French,Afternoon,5,Corporate,joseph.rodriguez866@icloud.com,,0
98010,Susan Brown,susan.brown354@outlook.com,Web Portal,Subscription Cancellation,The system is not syncing data across devices properly.,Data synchronization restored after backend service restart.,Medium,Open,Chat,Europe,40,Male,Enterprise,36,20,4,2.42,206.49,2023-12-17,2023-12-22,Yes,Yes,Windows,Unknown,PayPal,French,Afternoon,10,Individual,susan.brown354@outlook.com,,0
94155,Linda Moore,linda.moore734@icloud.com,Payment Gateway,Bug Report,I found a bug in the latest update affecting report generation.,Subscription status corrected and confirmation email sent to customer.,Urgent,In Progress,Email,Asia,35,Male,Enterprise,56,17,1,41.18,99.43,2024-01-11,2024-01-22,Yes,Yes,Linux,Firefox,Debit Card,Chinese,Morning,7,Small Business,linda.moore734@icloud.com,,0
31618,Susan Smith,susan.smith588@gmail.com,Billing System,Data Sync Issue,Two-factor authentication codes are not being delivered to my phone.,Bug logged internally and workaround shared with the customer.,Urgent,Pending Customer,Chat,Asia,25,Female,Basic,34,6,5,41.11,53.43,2023-10-16,2023-10-24,No,No,Linux,Unknown,Crypto,Japanese,Afternoon,7,Individual,susan.smith588@gmail.com,,0
149387,Susan Taylor,susan.taylor933@icloud.com,API Service,Login Issue,My subscription was cancelled without my request and I need clarification.,Data synchronization restored after backend service restart.,Medium,Pending Customer,Social Media,Africa,62,Male,Free,7,11,2,15.96,33.96,2022-10-20,2022-10-30,Yes,No,iOS,Firefox,Crypto,Spanish,Night,6,Small Business,susan.taylor933@icloud.com,,0
15532,Charles Jones,charles.jones324@hotmail.com,Web Portal,Performance Issue,I found a bug in the latest update affecting report generation.,Bug logged internally and workaround shared with the customer.,Urgent,Pending Customer,Phone,Europe,35,Female,Enterprise,47,7,1,40.41,164.78,2023-03-14,2023-03-15,Yes,No,Android,Unknown,PayPal,English,Night,6,Individual,charles.jones324@hotmail.com,,0
179335,David Anderson,david.anderson533@outlook.com,E-commerce Store,Performance Issue,My subscription was cancelled without my request and I need clarification.,The issue was escalated to engineering and resolved in the latest patch.,Medium,Closed,Phone,North America,44,Female,Basic,44,13,2,13.19,39.22,2022-07-16,2022-07-26,Yes,No,Linux,Firefox,Credit Card,German,Night,2,Small Business,david.anderson533@outlook.com,,0
51061,Patricia Davis,patricia.davis237@gmail.com,Web Portal,Login Issue,There seems to be a discrepancy in my billing statement for this month.,Security settings updated and customer notified of precautionary measures.,Medium,Resolved,Web Form,Africa,24,Other,Enterprise,59,6,3,69.91,29.26,2022-07-02,2022-07-11,Yes,No,Android,Safari,PayPal,Chinese,Night,10,Corporate,patricia.davis237@gmail.com,,0
4168,John Wilson,john.wilson101@yahoo.com,Subscription Service,Account Suspension,I would like to request a refund for the recent charge.,Security settings updated and customer notified of precautionary measures.,Medium,Resolved,Chat,South America,73,Male,Basic,3,10,4,41.94,176.08,2024-12-15,2024-12-17,No,No,Android,Edge,Bank Transfer,Japanese,Night,3,Corporate,john.wilson101@yahoo.com,,0
149624,Thomas Martin,thomas.martin697@outlook.com,Cloud Storage,Refund Request,There seems to be a discrepancy in my billing statement for this month.,Payment gateway timeout issue fixed and monitoring implemented.,High,Pending Customer,Chat,Africa,24,Male,Enterprise,12,6,2,42.97,22.28,2022-05-22,2022-05-27,Yes,Yes,MacOS,Safari,Credit Card,German,Morning,8,Small Business,thomas.martin697@outlook.com,,0
59439,Jessica Jackson,jessica.jackson456@gmail.com,Mobile App,Login Issue,I found a bug in the latest update affecting report generation.,We have reset the account credentials and advised the customer to retry login.,Urgent,Closed,Email,South America,25,Female,Basic,3,13,2,13.14,74.0,2022-02-04,2022-02-12,Yes,No,MacOS,Unknown,Debit Card,English,Evening,2,Individual,jessica.jackson456@gmail.com,,0
47760,Jennifer Lopez,jennifer.lopez901@hotmail.com,E-commerce Store,Refund Request,My subscription was cancelled without my request and I need clarification.,Provided step-by-step troubleshooting instructions and issue resolved.,High,Pending Customer,Social Media,South America,69,Male,Free,29,6,3,66.8,52.21,2024-05-13,2024-05-14,Yes,No,Linux,Safari,Debit Card,Japanese,Evening,8,Small Business,jennifer.lopez901@hotmail.com,,0
176538,William Moore,william.moore861@hotmail.com,API Service,Subscription Cancellation,The application crashes whenever I try to upload a file.,We have reset the account credentials and advised the customer to retry login.,Urgent,Open,Email,Africa,68,Other,Premium,16,7,3,49.43,97.27,2023-12-21,2023-12-22,No,No,Android,Edge,Debit Card,Spanish,Night,5,Small Business,william.moore861@hotmail.com,,0
136971,Mary Martinez,mary.martinez521@hotmail.com,Subscription Service,Subscription Cancellation,I would like to request a refund for the recent charge.,Payment gateway timeout issue fixed and monitoring implemented.,High,Closed,Web Form,Australia,69,Male,Basic,35,3,1,38.95,137.44,2022-01-01,2022-01-03,No,Yes,iOS,Safari,Bank Transfer,Spanish,Evening,9,Corporate,mary.martinez521@hotmail.com,,0
64940,James Moore,james.moore148@yahoo.com,Analytics Dashboard,Subscription Cancellation,I found a bug in the latest update affecting report generation.,The duplicate charge was reversed and refund processed within 3-5 business days.,Medium,Open,Social Media,Australia,48,Male,Basic,31,17,4,35.73,51.23,2024-11-05,2024-11-11,Yes,Yes,Linux,Chrome,Bank Transfer,English,Night,1,Individual,james.moore148@yahoo.com,,0
193287,Richard Thomas,richard.thomas487@yahoo.com,CRM Platform,Login Issue,I found a bug in the latest update affecting report generation.,Provided step-by-step troubleshooting instructions and issue resolved.,Low,Closed,Chat,Asia,50,Male,Premium,58,18,4,59.91,231.98,2024-01-09,2024-01-12,Yes,Yes,iOS,Chrome,Debit Card,English,Morning,10,Individual,richard.thomas487@yahoo.com,,0
176287,Linda Williams,linda.williams79@outlook.com,Subscription Service,Data Sync Issue,There seems to be a discrepancy in my billing statement for this month.,Security settings updated and customer notified of precautionary measures.,Urgent,In Progress,Phone,Europe,68,Male,Enterprise,14,20,5,21.14,153.95,2023-08-31,2023-09-10,Yes,No,Android,Firefox,Crypto,Spanish,Evening,2,Corporate,linda.williams79@outlook.com,,0
34676,David Gonzalez,david.gonzalez438@yahoo.com,E-commerce Store,Refund Request,There seems to be a discrepancy in my billing statement for this month.,Provided step-by-step troubleshooting instructions and issue resolved.,High,Resolved,Phone,Australia,42,Other,Free,60,4,4,34.96,147.78,2022-04-17,2022-04-23,No,No,MacOS,Edge,PayPal,English,Morning,7,Corporate,david.gonzalez438@yahoo.com,,0
99895,Mary Hernandez,mary.hernandez729@hotmail.com,E-commerce Store,Refund Request,I found a bug in the latest update affecting report generation.,Payment gateway timeout issue fixed and monitoring implemented.,High,In Progress,Chat,North America,41,Male,Basic,16,16,3,24.52,32.25,2023-08-02,2023-08-13,No,No,Android,Unknown,Bank Transfer,German,Afternoon,1,Small Business,mary.hernandez729@hotmail.com,,0
121218,William Hernandez,william.hernandez415@company.com,Subscription Service,Performance Issue,The payment was deducted from my bank account but the transaction shows failed.,Data synchronization restored after backend service restart.,Urgent,In Progress,Chat,Australia,48,Female,Enterprise,60,12,5,31.75,9.29,2024-01-04,2024-01-17,No,No,iOS,Firefox,Bank Transfer,English,Night,2,Small Business,william.hernandez415@company.com,,0
13336,Jennifer Lopez,jennifer.lopez95@hotmail.com,Mobile App,Data Sync Issue,There seems to be a discrepancy in my billing statement for this month.,Bug logged internally and workaround shared with the customer.,Urgent,Open,Chat,Africa,72,Male,Free,21,16,5,41.78,7.83,2023-01-27,2023-02-04,No,No,MacOS,Chrome,Bank Transfer,Spanish,Night,6,Small Business,jennifer.lopez95@hotmail.com,,0
84293,Mary Martin,mary.martin759@yahoo.com,Cloud Storage,Data Sync Issue,Two-factor authentication codes are not being delivered to my phone.,We have reset the account credentials and advised the customer to retry login.,Low,Resolved,Social Media,Africa,72,Male,Free,9,9,5,26.06,192.93,2022-07-15,2022-07-23,No,No,Android,Edge,Credit Card,English,Evening,4,Small Business,mary.martin759@yahoo.com,,0
163653,Karen Martin,karen.martin396@yahoo.com,E-commerce Store,Account Suspension,I found a bug in the latest update affecting report generation.,Provided step-by-step troubleshooting instructions and issue resolved.,Medium,Closed,Phone,Australia,75,Male,Enterprise,25,14,1,62.97,138.82,2024-11-18,2024-11-22,Yes,Yes,Windows,Firefox,Crypto,Japanese,Afternoon,7,Individual,karen.martin396@yahoo.com,,0
59492,Michael Martinez,michael.martinez294@hotmail.com,Mobile App,Refund Request,The application crashes whenever I try to upload a file.,Bug logged internally and workaround shared with the customer.,High,In Progress,Phone,South America,54,Male,Enterprise,36,16,4,22.94,158.77,2022-07-24,2022-08-07,No,Yes,Linux,Chrome,Crypto,English,Night,7,Corporate,michael.martinez294@hotmail.com,,0
99936,Jessica Martinez,jessica.martinez268@outlook.com,Analytics Dashboard,Data Sync Issue,The system is not syncing data across devices properly.,Subscription status corrected and confirmation email sent to customer.,Low,In Progress,Web Form,North America,63,Male,Basic,35,19,3,40.07,13.98,2022-01-15,2022-01-21,Yes,No,MacOS,Safari,Bank Transfer,French,Night,6,Individual,jessica.martinez268@outlook.com,,0
65297,Sarah Miller,sarah.miller547@icloud.com,Web Portal,Subscription Cancellation,I am unable to access my account after entering the correct credentials.,The issue was escalated to engineering and resolved in the latest patch.,Medium,Open,Email,Europe,37,Other,Enterprise,40,5,2,62.96,133.52,2023-04-18,2023-04-24,No,Yes,Linux,Firefox,Debit Card,Spanish,Evening,6,Small Business,sarah.miller547@icloud.com,,0
162794,Karen Hernandez,karen.hernandez185@outlook.com,CRM Platform,Payment Problem,I am unable to access my account after entering the correct credentials.,We have reset the account credentials and advised the customer to retry login.,High,Resolved,Phone,Europe,22,Male,Enterprise,34,15,4,16.36,174.09,2022-02-21,2022-03-06,Yes,Yes,Windows,Chrome,Crypto,French,Night,4,Individual,karen.hernandez185@outlook.com,,0
150770,Charles Williams,charles.williams201@company.com,API Service,Login Issue,The payment was deducted from my bank account but the transaction shows failed.,Subscription status corrected and confirmation email sent to customer.,High,Open,Phone,North America,75,Female,Premium,5,6,3,49.65,169.57,2024-02-09,2024-02-17,No,Yes,iOS,Firefox,Credit Card,French,Evening,3,Individual,charles.williams201@company.com,,0
192110,Jessica Williams,jessica.williams344@gmail.com,Web Portal,Payment Problem,Two-factor authentication codes are not being delivered to my phone.,The duplicate charge was reversed and refund processed within 3-5 business days.,Low,Pending Customer,Email,Australia,30,Female,Free,54,10,1,4.8,220.93,2024-10-13,2024-10-26,No,No,Android,Edge,Crypto,German,Night,4,Corporate,jessica.williams344@gmail.com,,0
85898,Richard Jones,richard.jones133@company.com,Analytics Dashboard,Subscription Cancellation,The payment was deducted from my bank account but the transaction shows failed.,Provided step-by-step troubleshooting instructions and issue resolved.,Low,In Progress,Phone,North America,26,Other,Free,34,3,1,53.81,16.33,2022-09-23,2022-10-01,Yes,Yes,iOS,Edge,Debit Card,English,Morning,5,Individual,richard.jones133@company.com,,0
57946,James Brown,james.brown543@hotmail.com,Analytics Dashboard,Account Suspension,There seems to be a discrepancy in my billing statement for this month.,Security settings updated and customer notified of precautionary measures.,Urgent,In Progress,Chat,Asia,21,Male,Premium,43,2,5,31.51,148.04,2022-08-20,2022-09-01,No,No,Linux,Firefox,Credit Card,German,Evening,8,Small Business,james.brown543@hotmail.com,,0
36891,Elizabeth Garcia,elizabeth.garcia332@company.com,Cloud Storage,Login Issue,I am unable to access my account after entering the correct credentials.,Bug logged internally and workaround shared with the customer.,High,Closed,Social Media,Australia,75,Male,Basic,60,3,3,37.49,102.72,2023-11-19,2023-11-26,No,Yes,Windows,Edge,Debit Card,German,Afternoon,3,Individual,elizabeth.garcia332@company.com,,0
171531,Susan Garcia,susan.garcia557@icloud.com,Web Portal,Data Sync Issue,The payment was deducted from my bank account but the transaction shows failed.,Explained billing breakdown and clarified applicable charges.,Low,Closed,Email,Europe,61,Male,Basic,18,14,4,55.07,237.64,2024-07-05,2024-07-09,Yes,No,Linux,Unknown,PayPal,Spanish,Afternoon,7,Corporate,susan.garcia557@icloud.com,,0
423,Elizabeth Garcia,elizabeth.garcia122@outlook.com,Analytics Dashboard,Subscription Cancellation,The application crashes whenever I try to upload a file.,The issue was escalated to engineering and resolved in the latest patch.,High,Closed,Email,Europe,60,Female,Basic,7,6,5,60.47,181.41,2023-07-15,2023-07-22,Yes,Yes,Linux,Unknown,Debit Card,English,Night,1,Small Business,elizabeth.garcia122@outlook.com,,0
29130,Charles Wilson,charles.wilson732@hotmail.com,Cloud Storage,Subscription Cancellation,The application crashes whenever I try to upload a file.,The duplicate charge was reversed and refund processed within 3-5 business days.,Urgent,Pending Customer,Social Media,Europe,44,Male,Free,5,10,4,60.21,218.29,2023-07-19,2023-07-30,No,No,Linux,Chrome,Credit Card,Chinese,Night,10,Corporate,charles.wilson732@hotmail.com,,0
10876,Robert Gonzalez,robert.gonzalez407@outlook.com,Cloud Storage,Bug Report,The payment was deducted from my bank account but the transaction shows failed.,Explained billing breakdown and clarified applicable charges.,Urgent,Open,Email,Asia,62,Female,Free,17,2,2,52.37,170.61,2024-10-30,2024-11-10,Yes,No,Windows,Safari,Debit Card,French,Evening,2,Small Business,robert.gonzalez407@outlook.com,,0
60612,Karen Miller,karen.miller574@icloud.com,Billing System,Performance Issue,I found a bug in the latest update affecting report generation.,Subscription status corrected and confirmation email sent to customer.,Medium,Pending Customer,Web Form,Europe,75,Other,Free,57,20,1,46.04,21.56,2022-08-24,2022-09-02,Yes,Yes,MacOS,Unknown,Bank Transfer,Japanese,Morning,9,Corporate,karen.miller574@icloud.com,,0
100831,Susan Miller,susan.miller397@outlook.com,Analytics Dashboard,Performance Issue,I am experiencing very slow performance while using the dashboard.,Explained billing breakdown and clarified applicable charges.,Urgent,In Progress,Web Form,Australia,36,Other,Enterprise,22,10,4,38.55,183.94,2024-01-26,2024-02-06,Yes,No,iOS,Edge,PayPal,English,Morning,5,Individual,susan.miller397@outlook.com,,0
51432,Linda Smith,linda.smith651@gmail.com,API Service,Login Issue,Two-factor authentication codes are not being delivered to my phone.,Data synchronization restored after backend service restart.,High,Resolved,Web Form,South America,46,Male,Basic,29,12,2,52.33,70.3,2023-11-10,2023-11-12,No,Yes,Windows,Unknown,PayPal,French,Afternoon,6,Corporate,linda.smith651@gmail.com,,0
173374,William Williams,william.williams275@gmail.com,Payment Gateway,Account Suspension,There seems to be a discrepancy in my billing statement for this month.,The duplicate charge was reversed and refund processed within 3-5 business days.,High,Open,Social Media,North America,40,Other,Basic,4,9,2,50.27,79.38,2023-01-22,2023-01-24,Yes,Yes,MacOS,Chrome,Debit Card,German,Evening,9,Small Business,william.williams275@gmail.com,,0
38236,Thomas Gonzalez,thomas.gonzalez247@outlook.com,Analytics Dashboard,Payment Problem,There seems to be a discrepancy in my billing statement for this month.,The issue was escalated to engineering and resolved in the latest patch.,Low,Closed,Email,Asia,68,Male,Basic,25,13,3,52.04,231.47,2022-06-11,2022-06-22,Yes,Yes,Linux,Firefox,Debit Card,English,Evening,5,Small Business,thomas.gonzalez247@outlook.com,,0
192972,Joseph Davis,joseph.davis651@yahoo.com,Analytics Dashboard,Subscription Cancellation,I would like to request a refund for the recent charge.,Subscription status corrected and confirmation email sent to customer.,Low,Open,Web Form,South America,73,Other,Free,25,4,4,5.76,207.82,2023-10-24,2023-11-01,No,No,Windows,Edge,PayPal,German,Evening,10,Individual,joseph.davis651@yahoo.com,,0
53665,Robert Brown,robert.brown874@hotmail.com,API Service,Login Issue,The system is not syncing data across devices properly.,Provided step-by-step troubleshooting instructions and issue resolved.,Low,Pending Customer,Chat,Africa,57,Male,Enterprise,25,18,1,6.14,72.19,2024-01-07,2024-01-09,Yes,Yes,MacOS,Firefox,Debit Card,German,Afternoon,6,Individual,robert.brown874@hotmail.com,,0
69893,Barbara Davis,barbara.davis269@outlook.com,Mobile App,Bug Report,The system is not syncing data across devices properly.,Provided step-by-step troubleshooting instructions and issue resolved.,Low,In Progress,Chat,Asia,23,Male,Free,43,15,1,2.28,125.68,2024-10-10,2024-10-22,Yes,No,MacOS,Edge,PayPal,French,Afternoon,8,Individual,barbara.davis269@outlook.com,,0
149237,Sarah Lopez,sarah.lopez137@gmail.com,Analytics Dashboard,Feature Request,I am unable to access my account after entering the correct credentials.,Subscription status corrected and confirmation email sent to customer.,Medium,In Progress,Chat,Africa,59,Other,Enterprise,7,1,4,7.43,189.84,2023-08-12,2023-08-25,Yes,Yes,Windows,Edge,Credit Card,Spanish,Afternoon,9,Small Business,sarah.lopez137@gmail.com,,0
14444,Sarah Brown,sarah.brown655@icloud.com,Subscription Service,Feature Request,The application crashes whenever I try to upload a file.,Data synchronization restored after backend service restart.,Low,Open,Social Media,Australia,55,Male,Basic,37,0,4,65.5,24.53,2023-01-20,2023-01-27,No,Yes,MacOS,Safari,PayPal,Spanish,Evening,10,Corporate,sarah.brown655@icloud.com,,0
56814,Patricia Jackson,patricia.jackson183@yahoo.com,Mobile App,Refund Request,There seems to be a discrepancy in my billing statement for this month.,Subscription status corrected and confirmation email sent to customer.,Low,Closed,Social Media,South America,56,Female,Basic,42,13,1,65.92,60.51,2023-07-14,2023-07-19,No,Yes,Android,Edge,Crypto,Spanish,Evening,7,Small Business,patricia.jackson183@yahoo.com,,0
120146,John Moore,john.moore983@company.com,Subscription Service,Payment Problem,The application crashes whenever I try to upload a file.,Payment gateway timeout issue fixed and monitoring implemented.,Low,Pending Customer,Email,South America,59,Other,Free,55,16,3,13.66,190.15,2022-04-29,2022-05-08,Yes,No,Windows,Unknown,Crypto,Chinese,Afternoon,10,Individual,john.moore983@company.com,,0
146413,William Martinez,william.martinez613@yahoo.com,Analytics Dashboard,Login Issue,I found a bug in the latest update affecting report generation.,The duplicate charge was reversed and refund processed within 3-5 business days.,Low,Pending Customer,Web Form,North America,73,Other,Free,19,4,1,58.66,10.39,2022-04-22,2022-05-03,Yes,Yes,iOS,Firefox,Credit Card,Japanese,Night,1,Corporate,william.martinez613@yahoo.com,,0
160477,Barbara Garcia,barbara.garcia797@company.com,Billing System,Data Sync Issue,Two-factor authentication codes are not being delivered to my phone.,Payment gateway timeout issue fixed and monitoring implemented.,High,In Progress,Chat,Europe,44,Other,Basic,38,8,4,21.87,141.43,2024-08-31,2024-09-11,Yes,No,iOS,Edge,PayPal,English,Morning,6,Small Business,barbara.garcia797@company.com,,0
195538,Elizabeth Davis,elizabeth.davis91@gmail.com,E-commerce Store,Data Sync Issue,I would like to request a refund for the recent charge.,Provided step-by-step troubleshooting instructions and issue resolved.,High,In Progress,Web Form,Africa,32,Other,Free,10,20,4,69.71,135.35,2022-03-02,2022-03-06,Yes,Yes,MacOS,Edge,Crypto,English,Night,2,Small Business,elizabeth.davis91@gmail.com,,0
24888,Thomas Jones,thomas.jones559@yahoo.com,API Service,Feature Request,I would like to request a refund for the recent charge.,The issue was escalated to engineering and resolved in the latest patch.,High,Closed,Web Form,Asia,74,Female,Free,48,20,2,62.91,18.33,2023-06-21,2023-07-02,No,Yes,Windows,Edge,PayPal,Japanese,Evening,2,Individual,thomas.jones559@yahoo.com,,0
118621,Joseph Miller,joseph.miller67@outlook.com,Mobile App,Performance Issue,The application crashes whenever I try to upload a file.,Bug logged internally and workaround shared with the customer.,Urgent,Closed,Social Media,Africa,65,Female,Basic,1,2,5,67.75,26.61,2022-05-05,2022-05-11,Yes,Yes,iOS,Unknown,Debit Card,French,Morning,8,Individual,joseph.miller67@outlook.com,,0
87160,Jennifer Miller,jennifer.miller507@company.com,Subscription Service,Feature Request,Two-factor authentication codes are not being delivered to my phone.,The duplicate charge was reversed and refund processed within 3-5 business days.,Low,Open,Phone,Asia,18,Other,Premium,54,2,4,36.69,226.26,2022-08-09,2022-08-11,Yes,Yes,iOS,Chrome,Debit Card,English,Evening,3,Small Business,jennifer.miller507@company.com,,0
145647,Joseph Garcia,joseph.garcia180@company.com,E-commerce Store,Performance Issue,Two-factor authentication codes are not being delivered to my phone.,Data synchronization restored after backend service restart.,Urgent,Pending Customer,Phone,South America,64,Other,Premium,54,20,4,47.61,139.18,2024-04-21,2024-05-03,No,Yes,Android,Firefox,Crypto,Japanese,Evening,3,Corporate,joseph.garcia180@company.com,2023-12-27,0
158297,Barbara Smith,barbara.smith843@yahoo.com,Subscription Service,Payment Problem,I would like to request a refund for the recent charge.,Subscription status corrected and confirmation email sent to customer.,Low,In Progress,Social Media,South America,74,Other,Premium,57,2,1,60.3,15.99,2023-04-17,2023-04-18,Yes,Yes,Windows,Unknown,Bank Transfer,Spanish,Evening,8,Corporate,barbara.smith843@yahoo.com,,0
105485,David Smith,david.smith926@company.com,Billing System,Subscription Cancellation,I found a bug in the latest update affecting report generation.,The issue was escalated to engineering and resolved in the latest patch.,High,In Progress,Phone,Africa,68,Other,Enterprise,49,20,5,52.69,230.93,2022-05-06,2022-05-06,No,No,Android,Safari,PayPal,Chinese,Night,3,Individual,david.smith926@company.com,,0
101031,William Hernandez,william.hernandez887@icloud.com,Subscription Service,Refund Request,I would like to request a refund for the recent charge.,The duplicate charge was reversed and refund processed within 3-5 business days.,High,In Progress,Phone,Africa,69,Female,Premium,4,10,2,68.38,139.82,2024-05-26,2024-06-03,Yes,No,MacOS,Unknown,Credit Card,Chinese,Night,10,Small Business,william.hernandez887@icloud.com,,0
172145,Jessica Williams,jessica.williams976@company.com,CRM Platform,Performance Issue,I found a bug in the latest update affecting report generation.,Provided step-by-step troubleshooting instructions and issue resolved.,Urgent,Resolved,Web Form,Europe,30,Male,Free,33,20,4,22.34,210.46,2022-01-30,2022-02-08,No,Yes,Android,Unknown,PayPal,German,Night,8,Individual,jessica.williams976@company.com,,0
125317,Barbara Moore,barbara.moore499@hotmail.com,Analytics Dashboard,Refund Request,The application crashes whenever I try to upload a file.,Explained billing breakdown and clarified applicable charges.,Urgent,Closed,Chat,North America,66,Other,Premium,33,20,4,7.28,189.16,2022-03-20,2022-03-25,Yes,Yes,Android,Firefox,Debit Card,English,Night,3,Corporate,barbara.moore499@hotmail.com,,0
4583,Susan Miller,susan.miller859@gmail.com,Billing System,Payment Problem,There seems to be a discrepancy in my billing statement for this month.,Subscription status corrected and confirmation email sent to customer.,Medium,Open,Email,North America,57,Other,Enterprise,16,14,5,8.66,160.9,2024-04-25,2024-04-28,No,Yes,Android,Unknown,Debit Card,German,Afternoon,3,Corporate,susan.miller859@gmail.com,,0
199391,William Taylor,william.taylor115@gmail.com,Mobile App,Feature Request,There seems to be a discrepancy in my billing statement for this month.,Data synchronization restored after backend service restart.,Low,In Progress,Email,Australia,32,Female,Enterprise,13,3,2,1.98,79.9,2024-11-17,2024-11-17,No,Yes,MacOS,Firefox,Credit Card,Chinese,Night,4,Small Business,william.taylor115@gmail.com,,0
82718,Barbara Wilson,barbara.wilson530@yahoo.com,E-commerce Store,Payment Problem,The system is not syncing data across devices properly.,Payment gateway timeout issue fixed and monitoring implemented.,Low,Open,Email,Asia,52,Male,Premium,51,14,3,26.85,117.97,2023-07-04,2023-07-12,Yes,Yes,Android,Firefox,Crypto,French,Morning,9,Corporate,barbara.wilson530@yahoo.com,,0
103142,James Jones,james.jones654@icloud.com,Analytics Dashboard,Account Suspension,I am unable to access my account after entering the correct credentials.,Provided step-by-step troubleshooting instructions and issue resolved.,Low,In Progress,Email,Asia,57,Female,Free,16,19,3,65.08,80.52,2024-06-21,2024-06-30,Yes,Yes,Android,Safari,PayPal,Spanish,Morning,1,Corporate,james.jones654@icloud.com,,0
149396,Elizabeth Taylor,elizabeth.taylor178@icloud.com,E-commerce Store,Login Issue,My subscription was cancelled without my request and I need clarification.,Subscription status corrected and confirmation email sent to customer.,Urgent,Open,Email,Australia,65,Male,Premium,25,10,4,20.63,64.1,2022-04-22,2022-05-03,No,No,Android,Chrome,Crypto,Japanese,Night,6,Corporate,elizabeth.taylor178@icloud.com,,0
84376,Susan Anderson,susan.anderson490@yahoo.com,Mobile App,Performance Issue,I am unable to access my account after entering the correct credentials.,Explained billing breakdown and clarified applicable charges.,High,Closed,Social Media,Australia,31,Male,Free,30,4,4,39.94,122.32,2023-11-10,2023-11-24,Yes,Yes,iOS,Safari,Debit Card,Spanish,Night,4,Corporate,susan.anderson490@yahoo.com,,0
66144,Karen Wilson,karen.wilson5@outlook.com,Payment Gateway,Feature Request,I am experiencing very slow performance while using the dashboard.,Data synchronization restored after backend service restart.,Medium,Pending Customer,Web Form,North America,51,Other,Free,20,1,5,23.06,84.17,2022-12-07,2022-12-09,No,No,MacOS,Chrome,Crypto,French,Morning,2,Corporate,karen.wilson5@outlook.com,,0
180957,Thomas Gonzalez,thomas.gonzalez78@company.com,Subscription Service,Security Concern,Two-factor authentication codes are not being delivered to my phone.,Data synchronization restored after backend service restart.,Low,Open,Social Media,Europe,39,Other,Basic,18,7,1,47.69,74.64,2022-10-04,2022-10-04,Yes,Yes,Linux,Unknown,Debit Card,English,Night,5,Individual,thomas.gonzalez78@company.com,,0
151626,Linda Anderson,linda.anderson719@icloud.com,Web Portal,Performance Issue,The payment was deducted from my bank account but the transaction shows failed.,We have reset the account credentials and advised the customer to retry login.,Low,Pending Customer,Email,South America,67,Other,Enterprise,18,8,3,23.93,239.6,2024-01-06,2024-01-08,Yes,No,iOS,Firefox,Debit Card,English,Evening,8,Corporate,linda.anderson719@icloud.com,,0
105569,Thomas Johnson,thomas.johnson137@gmail.com,E-commerce Store,Refund Request,My subscription was cancelled without my request and I need clarification.,The issue was escalated to engineering and resolved in the latest patch.,Medium,In Progress,Social Media,Africa,45,Female,Free,12,4,5,5.76,237.29,2022-12-28,2023-01-03,Yes,No,MacOS,Safari,Debit Card,German,Evening,9,Small Business,thomas.johnson137@gmail.com,,0
76577,Sarah Moore,sarah.moore841@outlook.com,Web Portal,Performance Issue,I would like to request a refund for the recent charge.,The issue was escalated to engineering and resolved in the latest patch.,Medium,Pending Customer,Email,Africa,62,Female,Enterprise,23,10,1,26.46,180.03,2024-07-17,2024-07-22,Yes,Yes,MacOS,Edge,Debit Card,Japanese,Afternoon,8,Corporate,sarah.moore841@outlook.com,,0
186278,Susan Davis,susan.davis793@yahoo.com,Cloud Storage,Security Concern,The payment was deducted from my bank account but the transaction shows failed.,Explained billing breakdown and clarified applicable charges.,Urgent,Resolved,Phone,Australia,75,Female,Basic,15,4,3,39.05,2.15,2024-10-04,2024-10-09,Yes,No,iOS,Chrome,Credit Card,Japanese,Morning,1,Individual,susan.davis793@yahoo.com,,0
116806,Jessica Garcia,jessica.garcia33@icloud.com,Subscription Service,Account Suspension,I would like to request a refund for the recent charge.,Bug logged internally and workaround shared with the customer.,Urgent,Resolved,Chat,North America,52,Female,Free,10,1,2,25.06,187.54,2023-07-04,2023-07-04,Yes,No,Linux,Firefox,Crypto,German,Morning,5,Individual,jessica.garcia33@icloud.com,,0
61786,Barbara Jackson,barbara.jackson607@yahoo.com,Analytics Dashboard,Login Issue,The system is not syncing data across devices properly.,Security settings updated and customer notified of precautionary measures.,Low,In Progress,Phone,North America,25,Other,Free,37,5,1,55.96,134.74,2022-12-18,2022-12-31,Yes,No,iOS,Firefox,Credit Card,English,Afternoon,1,Small Business,barbara.jackson607@yahoo.com,,0
48942,Patricia Jackson,patricia.jackson910@gmail.com,E-commerce Store,Payment Problem,I am experiencing very slow performance while using the dashboard.,Provided step-by-step troubleshooting instructions and issue resolved.,High,Pending Customer,Social Media,Africa,44,Female,Basic,57,16,3,9.77,8.78,2023-06-11,2023-06-12,Yes,Yes,MacOS,Safari,PayPal,English,Night,9,Individual,patricia.jackson910@gmail.com,,0
136848,Michael Lopez,michael.lopez256@yahoo.com,Payment Gateway,Refund Request,My subscription was cancelled without my request and I need clarification.,Bug logged internally and workaround shared with the customer.,Medium,Resolved,Web Form,Australia,62,Female,Free,58,8,4,58.82,68.57,2023-07-03,2023-07-13,Yes,Yes,Windows,Edge,PayPal,French,Afternoon,4,Individual,michael.lopez256@yahoo.com,,0
133860,Barbara Anderson,barbara.anderson978@icloud.com,Cloud Storage,Subscription Cancellation,I am unable to access my account after entering the correct credentials.,The duplicate charge was reversed and refund processed within 3-5 business days.,Medium,Resolved,Chat,South America,66,Female,Free,10,4,1,61.68,234.09,2023-09-20,2023-09-26,Yes,Yes,iOS,Safari,Debit Card,German,Evening,6,Small Business,barbara.anderson978@icloud.com,,0
96632,Jessica Rodriguez,jessica.rodriguez448@gmail.com,Mobile App,Performance Issue,The payment was deducted from my bank account but the transaction shows failed.,Bug logged internally and workaround shared with the customer.,Low,Resolved,Phone,South America,57,Other,Premium,4,3,4,8.9,197.39,2022-10-15,2022-10-15,No,No,MacOS,Firefox,PayPal,Spanish,Morning,3,Corporate,jessica.rodriguez448@gmail.com,,0
20256,Joseph Martinez,joseph.martinez158@outlook.com,Cloud Storage,Login Issue,I found a bug in the latest update affecting report generation.,Payment gateway timeout issue fixed and monitoring implemented.,Urgent,Open,Web Form,North America,63,Female,Enterprise,45,14,2,56.15,212.16,2024-09-26,2024-09-29,Yes,No,Linux,Chrome,Debit Card,Spanish,Night,1,Small Business,joseph.martinez158@outlook.com,2024-06-17,0
65563,James Thomas,james.thomas576@company.com,API Service,Payment Problem,The system is not syncing data across devices properly.,Subscription status corrected and confirmation email sent to customer.,Low,In Progress,Chat,Asia,45,Female,Enterprise,14,17,5,24.88,130.56,2023-05-06,2023-05-14,Yes,Yes,iOS,Chrome,Credit Card,French,Evening,9,Corporate,james.thomas576@company.com,,0
185131,Joseph Jackson,joseph.jackson578@company.com,CRM Platform,Performance Issue,The system is not syncing data across devices properly.,Data synchronization restored after backend service restart.,Low,Resolved,Web Form,North America,35,Other,Premium,46,18,5,10.3,31.6,2023-10-28,2023-11-08,Yes,Yes,Android,Safari,Bank Transfer,Chinese,Night,8,Individual,joseph.jackson578@company.com,,0
100192,Linda Johnson,linda.johnson291@company.com,Web Portal,Refund Request,The application crashes whenever I try to upload a file.,The duplicate charge was reversed and refund processed within 3-5 business days.,Low,Pending Customer,Email,Europe,70,Female,Premium,39,4,4,7.99,45.45,2023-07-11,2023-07-17,Yes,Yes,iOS,Safari,PayPal,German,Evening,3,Small Business,linda.johnson291@company.com,,0
4460,Jennifer Moore,jennifer.moore12@hotmail.com,Subscription Service,Payment Problem,The system is not syncing data across devices properly.,Bug logged internally and workaround shared with the customer.,Urgent,Resolved,Chat,South America,74,Female,Basic,23,9,5,42.03,5.18,2024-05-23,2024-05-27,Yes,Yes,Windows,Safari,Crypto,English,Afternoon,5,Individual,jennifer.moore12@hotmail.com,,0
153680,Michael Johnson,michael.johnson145@yahoo.com,Billing System,Security Concern,Two-factor authentication codes are not being delivered to my phone.,Data synchronization restored after backend service restart.,Medium,In Progress,Chat,Africa,74,Male,Free,7,18,3,23.88,52.1,2022-03-28,2022-04-06,No,No,Linux,Edge,Bank Transfer,Spanish,Evening,9,Small Business,michael.johnson145@yahoo.com,,0
179785,Sarah Jones,sarah.jones332@yahoo.com,Analytics Dashboard,Login Issue,My subscription was cancelled without my request and I need clarification.,We have reset the account credentials and advised the customer to retry login.,Low,Pending Customer,Chat,Europe,40,Other,Basic,3,9,1,66.87,15.3,2024-08-05,2024-08-12,Yes,Yes,Windows,Chrome,Debit Card,Spanish,Night,6,Individual,sarah.jones332@yahoo.com,,0
195117,Joseph Williams,joseph.williams424@gmail.com,Mobile App,Performance Issue,I am experiencing very slow performance while using the dashboard.,Subscription status corrected and confirmation email sent to customer.,Medium,Open,Phone,Europe,52,Other,Basic,36,13,1,17.72,111.54,2022-10-01,2022-10-07,No,No,Linux,Safari,Debit Card,French,Night,7,Small Business,joseph.williams424@gmail.com,,0
48683,Susan Brown,susan.brown7@company.com,Subscription Service,Bug Report,I would like to request a refund for the recent charge.,We have reset the account credentials and advised the customer to retry login.,Medium,Pending Customer,Phone,Africa,47,Male,Premium,27,4,3,51.92,134.16,2024-07-21,2024-07-30,No,Yes,iOS,Safari,PayPal,English,Evening,5,Small Business,susan.brown7@company.com,,0
196657,Patricia Anderson,patricia.anderson385@outlook.com,Subscription Service,Refund Request,I found a bug in the latest update affecting report generation.,We have reset the account credentials and advised the customer to retry login.,High,Open,Chat,Europe,38,Female,Basic,16,6,1,37.75,105.3,2023-07-19,2023-07-24,No,No,iOS,Edge,PayPal,Spanish,Evening,7,Corporate,patricia.anderson385@outlook.com,,0
95748,Charles Anderson,charles.anderson814@icloud.com,Cloud Storage,Subscription Cancellation,I am experiencing very slow performance while using the dashboard.,We have reset the account credentials and advised the customer to retry login.,Low,Resolved,Chat,Europe,64,Male,Enterprise,48,7,4,55.63,208.6,2023-09-30,2023-10-04,No,Yes,MacOS,Edge,Bank Transfer,German,Morning,2,Individual,charles.anderson814@icloud.com,,0
155302,James Martin,james.martin179@icloud.com,E-commerce Store,Performance Issue,The payment was deducted from my bank account but the transaction shows failed.,Explained billing breakdown and clarified applicable charges.,Low,In Progress,Web Form,Africa,37,Other,Enterprise,17,13,3,25.37,193.04,2022-06-03,2022-06-17,Yes,Yes,Android,Unknown,Bank Transfer,Japanese,Night,3,Individual,james.martin179@icloud.com,,0
132829,Patricia Rodriguez,patricia.rodriguez952@hotmail.com,Analytics Dashboard,Feature Request,I am experiencing very slow performance while using the dashboard.,Provided step-by-step troubleshooting instructions and issue resolved.,Low,In Progress,Web Form,Africa,73,Other,Basic,38,16,4,9.22,36.39,2022-02-07,2022-02-18,No,No,Android,Unknown,Crypto,Japanese,Morning,7,Small Business,patricia.rodriguez952@hotmail.com,,0
34780,Jennifer Garcia,jennifer.garcia713@yahoo.com,CRM Platform,Subscription Cancellation,I found a bug in the latest update affecting report generation.,Subscription status corrected and confirmation email sent to customer.,Urgent,Open,Phone,Africa,32,Male,Basic,60,3,4,32.55,88.11,2024-12-17,2024-12-24,Yes,Yes,MacOS,Unknown,Debit Card,Chinese,Evening,6,Corporate,jennifer.garcia713@yahoo.com,,0
78330,John Jones,john.jones406@outlook.com,Web Portal,Payment Problem,I am experiencing very slow performance while using the dashboard.,Provided step-by-step troubleshooting instructions and issue resolved.,Urgent,Resolved,Email,Africa,29,Other,Basic,15,13,3,67.8,151.95,2022-12-13,2022-12-27,No,Yes,iOS,Firefox,Debit Card,English,Morning,1,Corporate,john.jones406@outlook.com,,0
78758,Linda Martin,linda.martin226@yahoo.com,Cloud Storage,Feature Request,My subscription was cancelled without my request and I need clarification.,Provided step-by-step troubleshooting instructions and issue resolved.,Medium,Open,Web Form,Europe,64,Other,Free,48,7,5,62.79,168.73,2022-09-04,2022-09-09,Yes,No,MacOS,Unknown,Credit Card,Spanish,Night,1,Small Business,linda.martin226@yahoo.com,,0
21680,Susan Martinez,susan.martinez588@yahoo.com,CRM Platform,Performance Issue,There seems to be a discrepancy in my billing statement for this month.,Subscription status corrected and confirmation email sent to customer.,Urgent,Open,Email,North America,43,Female,Premium,5,8,4,46.13,16.05,2022-10-06,2022-10-07,No,No,MacOS,Unknown,Credit Card,French,Night,6,Corporate,susan.martinez588@yahoo.com,,0
24374,Richard Martin,richard.martin840@outlook.com,Payment Gateway,Payment Problem,I would like to request a refund for the recent charge.,Subscription status corrected and confirmation email sent to customer.,Urgent,In Progress,Web Form,Europe,18,Female,Free,54,18,1,57.78,127.18,2023-10-08,2023-10-13,Yes,No,iOS,Unknown,Debit Card,German,Evening,10,Small Business,richard.martin840@outlook.com,2022-04-24,0
63961,Elizabeth Martin,elizabeth.martin665@hotmail.com,CRM Platform,Security Concern,I found a bug in the latest update affecting report generation.,The issue was escalated to engineering and resolved in the latest patch.,Medium,In Progress,Chat,Africa,18,Other,Enterprise,26,3,3,52.75,88.56,2024-08-15,2024-08-26,No,No,Windows,Firefox,Debit Card,Japanese,Afternoon,10,Individual,elizabeth.martin665@hotmail.com,,0
178002,Barbara Gonzalez,barbara.gonzalez945@hotmail.com,Payment Gateway,Subscription Cancellation,I would like to request a refund for the recent charge.,The issue was escalated to engineering and resolved in the latest patch.,Low,Closed,Phone,Africa,41,Other,Premium,14,16,3,30.25,8.58,2023-02-19,2023-03-04,No,No,Linux,Chrome,Credit Card,French,Evening,4,Individual,barbara.gonzalez945@hotmail.com,,0
98233,Charles Moore,charles.moore564@gmail.com,Analytics Dashboard,Account Suspension,I am experiencing very slow performance while using the dashboard.,Subscription status corrected and confirmation email sent to customer.,Medium,Closed,Web Form,South America,37,Other,Basic,36,15,1,55.56,88.71,2022-11-24,2022-12-03,Yes,Yes,Android,Safari,Credit Card,Japanese,Afternoon,3,Corporate,charles.moore564@gmail.com,,0
151082,Robert Lopez,robert.lopez783@gmail.com,Billing System,Refund Request,I am unable to access my account after entering the correct credentials.,Explained billing breakdown and clarified applicable charges.,Medium,Resolved,Chat,Asia,50,Male,Free,8,13,1,20.66,13.37,2022-04-29,2022-05-03,No,No,iOS,Unknown,Credit Card,Chinese,Morning,3,Corporate,robert.lopez783@gmail.com,,0
151676,Charles Jackson,charles.jackson728@company.com,Analytics Dashboard,Bug Report,The system is not syncing data across devices properly.,Security settings updated and customer notified of precautionary measures.,High,Resolved,Email,Asia,75,Female,Free,48,5,5,39.6,108.65,2024-07-10,2024-07-11,Yes,No,MacOS,Edge,Debit Card,English,Afternoon,5,Corporate,charles.jackson728@company.com,2022-02-01,0
49277,Charles Jones,charles.jones436@company.com,Web Portal,Performance Issue,The system is not syncing data across devices properly.,Explained billing breakdown and clarified applicable charges.,Urgent,In Progress,Chat,Asia,71,Other,Enterprise,8,15,2,25.85,173.43,2023-06-14,2023-06-25,Yes,Yes,MacOS,Chrome,Bank Transfer,Spanish,Afternoon,5,Individual,charles.jones436@company.com,,0
93782,John Rodriguez,john.rodriguez914@gmail.com,API Service,Security Concern,I found a bug in the latest update affecting report generation.,Payment gateway timeout issue fixed and monitoring implemented.,High,Resolved,Social Media,South America,58,Male,Enterprise,11,1,4,9.64,26.26,2024-01-07,2024-01-10,No,No,iOS,Safari,Crypto,English,Afternoon,1,Corporate,john.rodriguez914@gmail.com,2022-01-09,0
90809,Karen Miller,karen.miller648@icloud.com,E-commerce Store,Feature Request,The payment was deducted from my bank account but the transaction shows failed.,The issue was escalated to engineering and resolved in the latest patch.,High,Pending Customer,Social Media,South America,29,Other,Basic,55,15,3,54.81,84.29,2024-03-09,2024-03-13,Yes,Yes,MacOS,Edge,Credit Card,German,Afternoon,3,Corporate,karen.miller648@icloud.com,,0
198937,Patricia Moore,patricia.moore149@yahoo.com,Cloud Storage,Feature Request,The system is not syncing data across devices properly.,The issue was escalated to engineering and resolved in the latest patch.,High,Closed,Social Media,North America,46,Male,Premium,33,12,5,68.27,85.84,2022-06-25,2022-06-27,Yes,No,Android,Chrome,PayPal,Spanish,Evening,9,Individual,patricia.moore149@yahoo.com,,0
194366,Thomas Davis,thomas.davis780@company.com,CRM Platform,Bug Report,I found a bug in the latest update affecting report generation.,Security settings updated and customer notified of precautionary measures.,Low,Pending Customer,Email,Europe,43,Male,Enterprise,49,0,4,61.81,133.16,2022-08-18,2022-08-18,No,No,MacOS,Unknown,Bank Transfer,Japanese,Afternoon,7,Individual,thomas.davis780@company.com,,0
191031,David Moore,david.moore776@icloud.com,Analytics Dashboard,Account Suspension,The application crashes whenever I try to upload a file.,We have reset the account credentials and advised the customer to retry login.,Urgent,In Progress,Chat,Africa,67,Male,Free,5,15,2,63.75,53.72,2023-04-13,2023-04-16,Yes,No,Linux,Unknown,Bank Transfer,English,Morning,3,Individual,david.moore776@icloud.com,,0
24534,David Lopez,david.lopez198@hotmail.com,CRM Platform,Refund Request,The system is not syncing data across devices properly.,Security settings updated and customer notified of precautionary measures.,Urgent,Resolved,Phone,Europe,59,Male,Enterprise,27,2,5,20.43,18.78,2022-10-13,2022-10-19,No,Yes,iOS,Unknown,Credit Card,Spanish,Night,1,Small Business,david.lopez198@hotmail.com,,0
182493,Thomas Jones,thomas.jones708@gmail.com,Payment Gateway,Security Concern,My subscription was cancelled without my request and I need clarification.,Subscription status corrected and confirmation email sent to customer.,Low,Closed,Web Form,Asia,31,Female,Enterprise,22,11,3,68.9,169.0,2024-04-17,2024-04-24,No,Yes,MacOS,Safari,Bank Transfer,Japanese,Morning,9,Corporate,thomas.jones708@gmail.com,,0
185517,Michael Jones,michael.jones94@icloud.com,Payment Gateway,Account Suspension,I found a bug in the latest update affecting report generation.,Security settings updated and customer notified of precautionary measures.,Urgent,Open,Email,Europe,65,Female,Premium,23,0,4,65.23,238.14,2023-11-19,2023-11-29,Yes,Yes,Android,Unknown,Credit Card,Spanish,Afternoon,4,Small Business,michael.jones94@icloud.com,,0
153922,Thomas Garcia,thomas.garcia661@yahoo.com,E-commerce Store,Refund Request,My subscription was cancelled without my request and I need clarification.,The duplicate charge was reversed and refund processed within 3-5 business days.,Urgent,Open,Chat,Africa,62,Female,Basic,56,14,1,41.39,64.05,2022-02-14,2022-02-24,No,No,Linux,Chrome,PayPal,French,Night,5,Small Business,thomas.garcia661@yahoo.com,,0
49062,Barbara Brown,barbara.brown957@icloud.com,Subscription Service,Performance Issue,I am experiencing very slow performance while using the dashboard.,The issue was escalated to engineering and resolved in the latest patch.,Low,Open,Email,Africa,40,Female,Enterprise,34,6,3,56.94,113.24,2023-01-26,2023-02-02,No,No,Linux,Safari,PayPal,Spanish,Night,4,Small Business,barbara.brown957@icloud.com,,0
11010,Charles Martin,charles.martin220@gmail.com,Mobile App,Login Issue,I am unable to access my account after entering the correct credentials.,We have reset the account credentials and advised the customer to retry login.,Urgent,Resolved,Social Media,North America,28,Other,Premium,6,6,5,58.56,135.17,2023-07-04,2023-07-06,No,Yes,Windows,Unknown,Debit Card,Chinese,Afternoon,9,Individual,charles.martin220@gmail.com,,0
181146,Barbara Moore,barbara.moore8@outlook.com,Payment Gateway,Data Sync Issue,I am unable to access my account after entering the correct credentials.,Payment gateway timeout issue fixed and monitoring implemented.,Low,Closed,Social Media,South America,48,Other,Free,46,4,1,26.06,137.69,2023-02-12,2023-02-14,Yes,No,iOS,Unknown,Credit Card,English,Afternoon,10,Corporate,barbara.moore8@outlook.com,,0
93448,John Lopez,john.lopez719@icloud.com,Mobile App,Performance Issue,I am experiencing very slow performance while using the dashboard.,The duplicate charge was reversed and refund processed within 3-5 business days.,Medium,Resolved,Web Form,North America,60,Other,Premium,44,4,5,66.84,173.61,2022-01-02,2022-01-15,No,No,MacOS,Firefox,Credit Card,Chinese,Night,1,Individual,john.lopez719@icloud.com,,0
122266,Thomas Gonzalez,thomas.gonzalez508@yahoo.com,Analytics Dashboard,Subscription Cancellation,I am experiencing very slow performance while using the dashboard.,The duplicate charge was reversed and refund processed within 3-5 business days.,Low,In Progress,Web Form,South America,29,Female,Basic,40,11,1,57.84,159.44,2022-03-29,2022-04-06,No,No,Android,Unknown,Bank Transfer,Chinese,Evening,8,Individual,thomas.gonzalez508@yahoo.com,,0
26371,Mary Martinez,mary.martinez949@icloud.com,E-commerce Store,Bug Report,The application crashes whenever I try to upload a file.,The issue was escalated to engineering and resolved in the latest patch.,Medium,In Progress,Chat,Asia,55,Other,Basic,9,6,5,71.34,8.24,2022-06-20,2022-07-03,Yes,Yes,Linux,Unknown,Crypto,German,Afternoon,8,Corporate,mary.martinez949@icloud.com,,0
189864,Thomas Gonzalez,thomas.gonzalez859@hotmail.com,Billing System,Account Suspension,Two-factor authentication codes are not being delivered to my phone.,Security settings updated and customer notified of precautionary measures.,Urgent,Open,Phone,South America,38,Male,Enterprise,42,4,3,70.09,47.74,2022-01-16,2022-01-17,Yes,Yes,Windows,Firefox,Debit Card,Chinese,Afternoon,8,Corporate,thomas.gonzalez859@hotmail.com,,0
3129,Jessica Martinez,jessica.martinez781@icloud.com,E-commerce Store,Security Concern,The system is not syncing data across devices properly.,Payment gateway timeout issue fixed and monitoring implemented.,Medium,Closed,Phone,Australia,24,Female,Enterprise,8,11,4,50.7,95.83,2022-01-26,2022-02-06,Yes,No,Linux,Chrome,Bank Transfer,Spanish,Afternoon,6,Corporate,jessica.martinez781@icloud.com,,0
24680,Richard Martin,richard.martin551@yahoo.com,CRM Platform,Account Suspension,The system is not syncing data across devices properly.,Security settings updated and customer notified of precautionary measures.,Urgent,In Progress,Social Media,Australia,47,Male,Premium,48,0,3,15.6,32.86,2024-04-08,2024-04-21,No,No,Windows,Chrome,PayPal,Japanese,Morning,8,Individual,richard.martin551@yahoo.com,,0
163483,David Lopez,david.lopez989@company.com,Analytics Dashboard,Bug Report,Two-factor authentication codes are not being delivered to my phone.,Bug logged internally and workaround shared with the customer.,High,In Progress,Social Media,South America,46,Other,Premium,27,11,5,4.22,123.39,2023-08-12,2023-08-20,Yes,No,Android,Unknown,Credit Card,Chinese,Evening,10,Corporate,david.lopez989@company.com,,0
107329,Charles Lopez,charles.lopez230@outlook.com,Web Portal,Refund Request,I am unable to access my account after entering the correct credentials.,Provided step-by-step troubleshooting instructions and issue resolved.,Urgent,Resolved,Social Media,South America,52,Female,Free,12,0,1,37.66,28.08,2023-10-16,2023-10-19,Yes,Yes,iOS,Safari,Debit Card,Spanish,Morning,9,Individual,charles.lopez230@outlook.com,,0
156492,Susan Rodriguez,susan.rodriguez241@outlook.com,Mobile App,Feature Request,Two-factor authentication codes are not being delivered to my phone.,Bug logged internally and workaround shared with the customer.,Medium,Closed,Chat,Australia,18,Other,Enterprise,47,2,1,38.27,26.41,2022-07-23,2022-07-27,Yes,Yes,MacOS,Unknown,Bank Transfer,French,Evening,3,Corporate,susan.rodriguez241@outlook.com,,0
152291,Joseph Hernandez,joseph.hernandez827@gmail.com,Billing System,Bug Report,The application crashes whenever I try to upload a file.,Data synchronization restored after backend service restart.,Urgent,In Progress,Social Media,North America,35,Male,Enterprise,57,18,4,47.87,29.19,2022-03-06,2022-03-12,No,No,iOS,Safari,Debit Card,Spanish,Afternoon,9,Small Business,joseph.hernandez827@gmail.com,,0
139311,Charles Hernandez,charles.hernandez767@gmail.com,Cloud Storage,Payment Problem,I am experiencing very slow performance while using the dashboard.,Explained billing breakdown and clarified applicable charges.,Low,In Progress,Chat,Asia,45,Other,Premium,40,13,1,67.76,80.33,2022-12-19,2022-12-20,Yes,No,Windows,Safari,Credit Card,French,Evening,3,Individual,charles.hernandez767@gmail.com,,0
141325,Karen Miller,karen.miller467@hotmail.com,Subscription Service,Feature Request,The payment was deducted from my bank account but the transaction shows failed.,Security settings updated and customer notified of precautionary measures.,High,Open,Web Form,Asia,64,Female,Premium,24,12,5,42.69,107.2,2023-12-26,2023-12-27,Yes,No,Android,Edge,Crypto,Spanish,Night,5,Small Business,karen.miller467@hotmail.com,,0
112603,William Wilson,william.wilson466@gmail.com,CRM Platform,Performance Issue,I would like to request a refund for the recent charge.,Security settings updated and customer notified of precautionary measures.,Medium,Closed,Web Form,Asia,35,Male,Free,59,19,5,17.75,23.3,2022-04-06,2022-04-10,No,Yes,Android,Edge,Debit Card,French,Afternoon,5,Small Business,william.wilson466@gmail.com,,0
163487,William Martin,william.martin162@yahoo.com,Mobile App,Feature Request,The system is not syncing data across devices properly.,The issue was escalated to engineering and resolved in the latest patch.,High,Closed,Phone,Australia,75,Female,Enterprise,11,5,2,3.27,18.44,2024-02-05,2024-02-12,Yes,No,Linux,Edge,PayPal,Japanese,Afternoon,10,Corporate,william.martin162@yahoo.com,2022-01-08,0
107942,Robert Thomas,robert.thomas751@yahoo.com,Cloud Storage,Refund Request,My subscription was cancelled without my request and I need clarification.,The duplicate charge was reversed and refund processed within 3-5 business days.,Low,Pending Customer,Email,North America,69,Male,Enterprise,21,2,1,32.37,44.56,2024-09-14,2024-09-19,Yes,No,Linux,Edge,Debit Card,English,Evening,9,Small Business,robert.thomas751@yahoo.com,,0
161116,Mary Hernandez,mary.hernandez651@gmail.com,Payment Gateway,Data Sync Issue,I found a bug in the latest update affecting report generation.,The duplicate charge was reversed and refund processed within 3-5 business days.,Urgent,Closed,Email,North America,22,Other,Premium,47,11,2,3.37,216.06,2024-11-29,2024-12-08,No,No,Linux,Firefox,PayPal,Chinese,Evening,1,Corporate,mary.hernandez651@gmail.com,,0
163459,Mary Jones,mary.jones13@gmail.com,Subscription Service,Security Concern,I found a bug in the latest update affecting report generation.,Bug logged internally and workaround shared with the customer.,Medium,Pending Customer,Web Form,Australia,44,Female,Free,45,11,5,16.12,52.87,2022-02-21,2022-02-24,Yes,No,Windows,Safari,Crypto,English,Morning,9,Small Business,mary.jones13@gmail.com,,0
38320,John Davis,john.davis260@yahoo.com,Analytics Dashboard,Subscription Cancellation,The application crashes whenever I try to upload a file.,Subscription status corrected and confirmation email sent to customer.,Urgent,In Progress,Social Media,South America,37,Other,Premium,18,2,4,8.26,82.01,2023-07-11,2023-07-19,Yes,Yes,iOS,Chrome,Crypto,French,Morning,4,Individual,john.davis260@yahoo.com,,0
168610,Michael Gonzalez,michael.gonzalez760@outlook.com,Cloud Storage,Feature Request,The payment was deducted from my bank account but the transaction shows failed.,Explained billing breakdown and clarified applicable charges.,High,Closed,Web Form,Africa,71,Other,Free,43,5,4,13.0,10.06,2024-11-13,2024-11-22,No,No,MacOS,Unknown,Crypto,English,Afternoon,1,Individual,michael.gonzalez760@outlook.com,,0
69785,James Moore,james.moore903@icloud.com,Analytics Dashboard,Performance Issue,I am unable to access my account after entering the correct credentials.,The duplicate charge was reversed and refund processed within 3-5 business days.,Medium,Open,Social Media,Asia,30,Female,Basic,35,10,3,3.26,97.05,2024-01-12,2024-01-17,No,No,Android,Edge,Crypto,German,Night,5,Individual,james.moore903@icloud.com,2022-02-21,0
156684,Jessica Garcia,jessica.garcia340@outlook.com,Mobile App,Performance Issue,There seems to be a discrepancy in my billing statement for this month.,The issue was escalated to engineering and resolved in the latest patch.,High,Resolved,Chat,South America,22,Male,Basic,54,14,3,40.75,218.48,2024-07-13,2024-07-22,Yes,No,Windows,Safari,Debit Card,English,Morning,5,Small Business,jessica.garcia340@outlook.com,,0
127477,Mary Brown,mary.brown627@gmail.com,Mobile App,Bug Report,I found a bug in the latest update affecting report generation.,Data synchronization restored after backend service restart.,High,In Progress,Chat,Asia,69,Female,Basic,5,3,2,60.46,206.61,2023-05-15,2023-05-19,Yes,No,iOS,Chrome,Crypto,French,Afternoon,6,Small Business,mary.brown627@gmail.com,,0
16972,Thomas Hernandez,thomas.hernandez552@icloud.com,Subscription Service,Refund Request,I found a bug in the latest update affecting report generation.,Provided step-by-step troubleshooting instructions and issue resolved.,Medium,In Progress,Web Form,Asia,25,Male,Basic,36,11,1,71.64,82.94,2023-07-15,2023-07-15,Yes,No,Windows,Unknown,Crypto,Japanese,Evening,9,Individual,thomas.hernandez552@icloud.com,,0
70883,Karen Jackson,karen.jackson73@icloud.com,Analytics Dashboard,Login Issue,There seems to be a discrepancy in my billing statement for this month.,The issue was escalated to engineering and resolved in the latest patch.,Medium,Closed,Social Media,Australia,26,Male,Enterprise,40,1,2,19.27,105.64,2024-09-18,2024-09-22,No,No,iOS,Chrome,Debit Card,English,Afternoon,7,Individual,karen.jackson73@icloud.com,,0
146570,Jessica Taylor,jessica.taylor60@yahoo.com,E-commerce Store,Login Issue,I would like to request a refund for the recent charge.,Provided step-by-step troubleshooting instructions and issue resolved.,Medium,Resolved,Social Media,Europe,37,Other,Basic,42,10,4,14.64,115.45,2023-07-10,2023-07-17,Yes,Yes,MacOS,Firefox,Debit Card,English,Evening,5,Corporate,jessica.taylor60@yahoo.com,,0
168709,Sarah Lopez,sarah.lopez231@gmail.com,Subscription Service,Feature Request,Two-factor authentication codes are not being delivered to my phone.,The duplicate charge was reversed and refund processed within 3-5 business days.,High,In Progress,Email,Asia,63,Female,Enterprise,9,6,2,25.94,90.28,2022-06-07,2022-06-08,No,Yes,Android,Safari,Bank Transfer,Chinese,Morning,2,Corporate,sarah.lopez231@gmail.com,,0
133385,Jessica Taylor,jessica.taylor306@outlook.com,API Service,Data Sync Issue,I found a bug in the latest update affecting report generation.,Bug logged internally and workaround shared with the customer.,Urgent,Resolved,Social Media,South America,63,Male,Basic,41,20,4,66.03,208.96,2024-01-03,2024-01-05,No,No,iOS,Safari,PayPal,Japanese,Night,5,Corporate,jessica.taylor306@outlook.com,,0
12846,Joseph Wilson,joseph.wilson451@hotmail.com,Subscription Service,Bug Report,The system is not syncing data across devices properly.,Data synchronization restored after backend service restart.,Medium,Pending Customer,Web Form,Europe,22,Other,Free,2,6,3,47.02,205.18,2024-07-11,2024-07-14,No,Yes,Windows,Firefox,Bank Transfer,Japanese,Morning,2,Corporate,joseph.wilson451@hotmail.com,,0
85939,James Martinez,james.martinez919@yahoo.com,CRM Platform,Subscription Cancellation,The application crashes whenever I try to upload a file.,Payment gateway timeout issue fixed and monitoring implemented.,Medium,Open,Email,Europe,66,Female,Free,5,12,2,66.71,69.56,2024-09-22,2024-09-23,Yes,No,Linux,Edge,Credit Card,Spanish,Evening,5,Individual,james.martinez919@yahoo.com,,0
154496,Elizabeth Wilson,elizabeth.wilson604@icloud.com,Cloud Storage,Refund Request,Two-factor authentication codes are not being delivered to my phone.,Provided step-by-step troubleshooting instructions and issue resolved.,Medium,In Progress,Social Media,Africa,61,Male,Basic,48,16,1,55.91,64.61,2024-06-13,2024-06-24,No,No,Android,Safari,PayPal,Japanese,Afternoon,5,Corporate,elizabeth.wilson604@icloud.com,,0
27430,Karen Miller,karen.miller398@company.com,Subscription Service,Performance Issue,My subscription was cancelled without my request and I need clarification.,We have reset the account credentials and advised the customer to retry login.,High,Pending Customer,Social Media,Africa,44,Male,Free,43,11,5,22.69,97.81,2023-08-08,2023-08-13,Yes,No,Linux,Edge,Crypto,German,Evening,3,Small Business,karen.miller398@company.com,,0
170251,William Rodriguez,william.rodriguez635@gmail.com,Cloud Storage,Bug Report,I am unable to access my account after entering the correct credentials.,Payment gateway timeout issue fixed and monitoring implemented.,Medium,Resolved,Social Media,North America,44,Other,Enterprise,50,2,2,47.51,227.61,2023-08-06,2023-08-07,No,No,Linux,Firefox,Bank Transfer,Chinese,Night,2,Small Business,william.rodriguez635@gmail.com,,0
111711,Joseph Martinez,joseph.martinez159@hotmail.com,Billing System,Payment Problem,I found a bug in the latest update affecting report generation.,Security settings updated and customer notified of precautionary measures.,High,Resolved,Phone,Australia,34,Male,Enterprise,41,6,5,40.87,182.26,2022-10-18,2022-10-23,No,Yes,Windows,Chrome,Credit Card,Japanese,Afternoon,5,Small Business,joseph.martinez159@hotmail.com,,0
150359,Jennifer Williams,jennifer.williams196@hotmail.com,Billing System,Feature Request,I am experiencing very slow performance while using the dashboard.,Provided step-by-step troubleshooting instructions and issue resolved.,Low,Open,Social Media,South America,44,Male,Basic,24,2,4,45.39,47.23,2022-05-09,2022-05-17,No,No,Android,Edge,Debit Card,Spanish,Morning,5,Individual,jennifer.williams196@hotmail.com,,0
177313,William Jones,william.jones666@gmail.com,Mobile App,Feature Request,The system is not syncing data across devices properly.,Payment gateway timeout issue fixed and monitoring implemented.,High,Pending Customer,Phone,South America,38,Male,Enterprise,14,15,3,49.54,15.03,2024-03-31,2024-04-14,No,No,Android,Edge,Credit Card,French,Morning,3,Individual,william.jones666@gmail.com,,0
20068,Michael Brown,michael.brown544@icloud.com,E-commerce Store,Account Suspension,I found a bug in the latest update affecting report generation.,We have reset the account credentials and advised the customer to retry login.,Low,In Progress,Social Media,Europe,41,Male,Free,30,13,3,19.91,182.17,2023-10-22,2023-11-04,Yes,Yes,MacOS,Edge,Debit Card,Spanish,Night,6,Corporate,michael.brown544@icloud.com,,0
16354,Patricia Anderson,patricia.anderson73@gmail.com,Cloud Storage,Refund Request,I am experiencing very slow performance while using the dashboard.,We have reset the account credentials and advised the customer to retry login.,High,Resolved,Web Form,Australia,56,Male,Premium,21,10,2,42.54,44.26,2024-05-24,2024-05-24,Yes,Yes,iOS,Chrome,PayPal,French,Evening,9,Corporate,patricia.anderson73@gmail.com,,0
170401,Sarah Taylor,sarah.taylor569@company.com,Mobile App,Data Sync Issue,The payment was deducted from my bank account but the transaction shows failed.,The issue was escalated to engineering and resolved in the latest patch.,High,Resolved,Social Media,Asia,59,Other,Free,42,20,4,45.24,141.61,2024-12-09,2024-12-15,Yes,Yes,Windows,Unknown,Crypto,French,Afternoon,2,Small Business,sarah.taylor569@company.com,,0
112118,Charles Smith,charles.smith727@hotmail.com,CRM Platform,Refund Request,There seems to be a discrepancy in my billing statement for this month.,The duplicate charge was reversed and refund processed within 3-5 business days.,Medium,Open,Web Form,North America,55,Male,Free,23,18,3,39.72,114.36,2023-10-09,2023-10-12,No,No,MacOS,Safari,Crypto,Spanish,Evening,3,Corporate,charles.smith727@hotmail.com,,0
72040,Elizabeth Thomas,elizabeth.thomas605@gmail.com,CRM Platform,Data Sync Issue,I am unable to access my account after entering the correct credentials.,Payment gateway timeout issue fixed and monitoring implemented.,High,Open,Web Form,Europe,43,Female,Premium,17,12,2,23.12,234.49,2023-11-22,2023-11-28,Yes,Yes,Android,Safari,Crypto,English,Evening,9,Small Business,elizabeth.thomas605@gmail.com,,0
118789,Jessica Taylor,jessica.taylor821@icloud.com,Cloud Storage,Security Concern,The system is not syncing data across devices properly.,We have reset the account credentials and advised the customer to retry login.,Urgent,Open,Social Media,Australia,63,Female,Premium,32,0,3,52.74,84.34,2023-05-11,2023-05-20,No,Yes,Linux,Firefox,Credit Card,French,Evening,3,Individual,jessica.taylor821@icloud.com,,0
171860,Sarah Thomas,sarah.thomas143@gmail.com,E-commerce Store,Data Sync Issue,I am experiencing very slow performance while using the dashboard.,Provided step-by-step troubleshooting instructions and issue resolved.,Urgent,Closed,Web Form,Europe,42,Female,Enterprise,40,2,3,68.43,87.84,2024-07-15,2024-07-17,Yes,Yes,Android,Edge,PayPal,English,Night,10,Individual,sarah.thomas143@gmail.com,,0
180664,Charles Johnson,charles.johnson202@icloud.com,Subscription Service,Performance Issue,I am unable to access my account after entering the correct credentials.,Provided step-by-step troubleshooting instructions and issue resolved.,Medium,In Progress,Email,Africa,25,Male,Free,40,5,3,57.54,28.74,2023-05-09,2023-05-16,Yes,No,Linux,Edge,Debit Card,German,Night,9,Small Business,charles.johnson202@icloud.com,,0
16288,Mary Anderson,mary.anderson720@icloud.com,Payment Gateway,Security Concern,I would like to request a refund for the recent charge.,Subscription status corrected and confirmation email sent to customer.,High,Open,Web Form,Europe,28,Male,Enterprise,2,4,4,54.94,79.14,2024-10-28,2024-10-31,No,Yes,Windows,Firefox,Credit Card,Spanish,Afternoon,9,Individual,mary.anderson720@icloud.com,,0
125361,David Hernandez,david.hernandez358@company.com,Cloud Storage,Payment Problem,I am unable to access my account after entering the correct credentials.,We have reset the account credentials and advised the customer to retry login.,Medium,In Progress,Email,Australia,18,Other,Premium,16,3,1,18.18,239.29,2024-07-16,2024-07-20,Yes,No,Android,Safari,Credit Card,French,Afternoon,7,Corporate,david.hernandez358@company.com,,0
179,Jennifer Brown,jennifer.brown289@outlook.com,Web Portal,Subscription Cancellation,I am unable to access my account after entering the correct credentials.,Subscription status corrected and confirmation email sent to customer.,Medium,Open,Web Form,Europe,39,Female,Premium,51,15,3,33.65,190.15,2022-09-14,2022-09-25,No,Yes,MacOS,Chrome,PayPal,German,Morning,9,Small Business,jennifer.brown289@outlook.com,,0
154985,Thomas Johnson,thomas.johnson643@gmail.com,Cloud Storage,Bug Report,My subscription was cancelled without my request and I need clarification.,The issue was escalated to engineering and resolved in the latest patch.,High,Pending Customer,Chat,North America,59,Other,Free,18,18,1,17.45,39.67,2023-11-19,2023-11-19,No,No,Linux,Unknown,Crypto,Japanese,Morning,8,Small Business,thomas.johnson643@gmail.com,,0
117825,Susan Lopez,susan.lopez169@yahoo.com,E-commerce Store,Payment Problem,My subscription was cancelled without my request and I need clarification.,The issue was escalated to engineering and resolved in the latest patch.,Medium,In Progress,Email,Europe,36,Male,Enterprise,2,10,1,15.54,172.83,2024-02-27,2024-03-10,Yes,No,MacOS,Chrome,Debit Card,Spanish,Afternoon,5,Small Business,susan.lopez169@yahoo.com,,0
96325,Robert Rodriguez,robert.rodriguez969@icloud.com,Mobile App,Refund Request,Two-factor authentication codes are not being delivered to my phone.,Subscription status corrected and confirmation email sent to customer.,Low,In Progress,Web Form,North America,58,Female,Enterprise,12,12,4,25.58,135.42,2024-06-21,2024-07-05,No,No,Android,Edge,Debit Card,English,Afternoon,2,Small Business,robert.rodriguez969@icloud.com,,0
180369,Michael Smith,michael.smith791@icloud.com,CRM Platform,Performance Issue,The application crashes whenever I try to upload a file.,The issue was escalated to engineering and resolved in the latest patch.,Low,Pending Customer,Social Media,Australia,57,Male,Basic,57,19,5,62.79,69.54,2023-02-09,2023-02-20,Yes,No,Windows,Firefox,Bank Transfer,Japanese,Afternoon,6,Individual,michael.smith791@icloud.com,,0
87176,Elizabeth Jones,elizabeth.jones993@gmail.com,Payment Gateway,Performance Issue,My subscription was cancelled without my request and I need clarification.,Subscription status corrected and confirmation email sent to customer.,Medium,Open,Web Form,Asia,59,Other,Free,60,18,3,63.68,71.51,2022-03-17,2022-03-23,No,Yes,Android,Edge,Crypto,English,Afternoon,1,Corporate,elizabeth.jones993@gmail.com,,0
160064,Susan Johnson,susan.johnson924@hotmail.com,E-commerce Store,Refund Request,My subscription was cancelled without my request and I need clarification.,Bug logged internally and workaround shared with the customer.,Medium,Resolved,Phone,Africa,47,Male,Premium,2,16,2,70.45,152.46,2024-07-15,2024-07-16,No,No,Windows,Chrome,Crypto,English,Afternoon,5,Individual,susan.johnson924@hotmail.com,,0
181831,Sarah Anderson,sarah.anderson770@company.com,Payment Gateway,Subscription Cancellation,Two-factor authentication codes are not being delivered to my phone.,The issue was escalated to engineering and resolved in the latest patch.,Urgent,In Progress,Email,Africa,23,Other,Basic,35,13,4,15.8,197.39,2023-03-05,2023-03-16,Yes,Yes,MacOS,Firefox,Bank Transfer,Spanish,Night,3,Small Business,sarah.anderson770@company.com,,0
85310,William Brown,william.brown827@company.com,E-commerce Store,Subscription Cancellation,I am unable to access my account after entering the correct credentials.,Payment gateway timeout issue fixed and monitoring implemented.,Medium,Open,Email,Asia,21,Other,Enterprise,35,7,4,1.72,195.75,2022-12-22,2022-12-26,Yes,No,Android,Edge,Debit Card,Chinese,Night,9,Corporate,william.brown827@company.com,,0
34479,Susan Gonzalez,susan.gonzalez712@hotmail.com,Billing System,Login Issue,I am unable to access my account after entering the correct credentials.,Bug logged internally and workaround shared with the customer.,Urgent,In Progress,Email,Australia,56,Other,Premium,38,0,4,47.74,79.11,2024-07-08,2024-07-14,Yes,No,Linux,Safari,Debit Card,French,Evening,9,Small Business,susan.gonzalez712@hotmail.com,,0
57381,Robert Miller,robert.miller755@hotmail.com,Cloud Storage,Refund Request,I would like to request a refund for the recent charge.,Subscription status corrected and confirmation email sent to customer.,Low,Pending Customer,Chat,Asia,65,Female,Premium,12,7,4,31.36,19.68,2023-08-03,2023-08-08,No,No,Android,Firefox,Crypto,German,Evening,9,Individual,robert.miller755@hotmail.com,,0
96870,Jessica Martinez,jessica.martinez104@icloud.com,API Service,Performance Issue,There seems to be a discrepancy in my billing statement for this month.,The duplicate charge was reversed and refund processed within 3-5 business days.,Low,In Progress,Email,South America,31,Female,Enterprise,49,0,4,47.75,23.76,2024-04-04,2024-04-10,Yes,Yes,iOS,Safari,PayPal,Chinese,Morning,8,Small Business,jessica.martinez104@icloud.com,,0
23382,Richard Miller,richard.miller379@icloud.com,API Service,Feature Request,I would like to request a refund for the recent charge.,We have reset the account credentials and advised the customer to retry login.,High,Pending Customer,Social Media,Australia,29,Other,Premium,28,16,4,53.96,147.92,2024-09-01,2024-09-02,Yes,No,Linux,Safari,Crypto,Spanish,Night,10,Corporate,richard.miller379@icloud.com,,0
84622,William Jackson,william.jackson514@outlook.com,Analytics Dashboard,Login Issue,The system is not syncing data across devices properly.,The issue was escalated to engineering and resolved in the latest patch.,High,Open,Social Media,Australia,30,Female,Free,40,17,5,42.27,15.01,2023-08-28,2023-08-29,No,No,Windows,Firefox,Crypto,Chinese,Afternoon,10,Individual,william.jackson514@outlook.com,2023-04-11,0
93641,Robert Brown,robert.brown257@icloud.com,Billing System,Refund Request,The payment was deducted from my bank account but the transaction shows failed.,Explained billing breakdown and clarified applicable charges.,Low,Resolved,Web Form,South America,30,Male,Free,41,0,2,68.83,111.62,2023-07-25,2023-08-01,Yes,No,Windows,Safari,Debit Card,Chinese,Morning,9,Individual,robert.brown257@icloud.com,,0
174199,Susan Smith,susan.smith547@yahoo.com,Web Portal,Login Issue,There seems to be a discrepancy in my billing statement for this month.,The duplicate charge was reversed and refund processed within 3-5 business days.,Low,In Progress,Social Media,Africa,51,Male,Free,7,10,1,10.73,119.82,2024-05-11,2024-05-11,Yes,Yes,MacOS,Unknown,Debit Card,French,Night,8,Small Business,susan.smith547@yahoo.com,,0
14636,James Smith,james.smith570@hotmail.com,E-commerce Store,Login Issue,The payment was deducted from my bank account but the transaction shows failed.,The issue was escalated to engineering and resolved in the latest patch.,Low,Resolved,Email,Africa,72,Other,Enterprise,2,4,1,48.12,110.14,2024-12-27,2025-01-05,Yes,No,Linux,Chrome,Debit Card,German,Night,2,Individual,james.smith570@hotmail.com,,0
61605,Karen Jones,karen.jones282@company.com,Web Portal,Security Concern,The payment was deducted from my bank account but the transaction shows failed.,Data synchronization restored after backend service restart.,Urgent,Pending Customer,Web Form,Australia,46,Other,Premium,4,6,4,27.41,137.24,2022-06-11,2022-06-15,Yes,Yes,Android,Firefox,Debit Card,Chinese,Afternoon,6,Individual,karen.jones282@company.com,,0
149596,Joseph Davis,joseph.davis332@gmail.com,Subscription Service,Account Suspension,My subscription was cancelled without my request and I need clarification.,Explained billing breakdown and clarified applicable charges.,Medium,Resolved,Chat,Asia,63,Other,Enterprise,16,6,4,50.18,119.57,2023-05-04,2023-05-09,Yes,Yes,iOS,Chrome,Debit Card,French,Evening,3,Individual,joseph.davis332@gmail.com,,0
148047,Robert Smith,robert.smith850@outlook.com,Payment Gateway,Account Suspension,There seems to be a discrepancy in my billing statement for this month.,Payment gateway timeout issue fixed and monitoring implemented.,High,Pending Customer,Web Form,Australia,62,Male,Enterprise,34,12,5,12.68,83.21,2024-09-10,2024-09-23,No,Yes,Android,Unknown,Debit Card,Spanish,Night,7,Small Business,robert.smith850@outlook.com,,0
34409,Patricia Martinez,patricia.martinez91@icloud.com,Mobile App,Subscription Cancellation,I would like to request a refund for the recent charge.,The issue was escalated to engineering and resolved in the latest patch.,High,Pending Customer,Social Media,North America,25,Female,Premium,50,15,1,70.99,137.99,2022-01-27,2022-02-10,No,Yes,Linux,Unknown,PayPal,Japanese,Night,5,Individual,patricia.martinez91@icloud.com,,0
164732,Linda Smith,linda.smith847@yahoo.com,CRM Platform,Security Concern,I would like to request a refund for the recent charge.,Subscription status corrected and confirmation email sent to customer.,Medium,In Progress,Email,North America,29,Other,Premium,25,5,4,6.83,224.62,2022-10-30,2022-11-03,Yes,Yes,Android,Edge,Debit Card,German,Morning,10,Corporate,linda.smith847@yahoo.com,,0
10706,Karen Miller,karen.miller173@gmail.com,Web Portal,Subscription Cancellation,I found a bug in the latest update affecting report generation.,The duplicate charge was reversed and refund processed within 3-5 business days.,Medium,Resolved,Phone,Africa,45,Other,Premium,7,7,5,12.86,77.21,2022-04-24,2022-05-01,No,Yes,Windows,Unknown,Credit Card,Japanese,Afternoon,5,Small Business,karen.miller173@gmail.com,,0
167150,Karen Davis,karen.davis923@outlook.com,E-commerce Store,Feature Request,The payment was deducted from my bank account but the transaction shows failed.,Provided step-by-step troubleshooting instructions and issue resolved.,Low,Closed,Web Form,Asia,41,Other,Enterprise,32,6,5,52.7,181.42,2024-05-03,2024-05-10,Yes,Yes,iOS,Safari,Credit Card,Chinese,Night,10,Small Business,karen.davis923@outlook.com,,0
192598,Linda Miller,linda.miller392@company.com,CRM Platform,Security Concern,Two-factor authentication codes are not being delivered to my phone.,Payment gateway timeout issue fixed and monitoring implemented.,Medium,Resolved,Phone,North America,39,Other,Premium,55,0,1,8.52,65.42,2024-11-27,2024-12-11,No,Yes,iOS,Chrome,Credit Card,Spanish,Evening,3,Individual,linda.miller392@company.com,,0
134082,Thomas Davis,thomas.davis704@company.com,API Service,Bug Report,The application crashes whenever I try to upload a file.,Data synchronization restored after backend service restart.,Low,Closed,Chat,North America,25,Female,Premium,50,4,4,29.96,134.19,2022-06-30,2022-07-11,Yes,Yes,Android,Chrome,Debit Card,Chinese,Night,4,Small Business,thomas.davis704@company.com,,0
45477,Patricia Gonzalez,patricia.gonzalez315@yahoo.com,E-commerce Store,Login Issue,I found a bug in the latest update affecting report generation.,The issue was escalated to engineering and resolved in the latest patch.,Medium,Pending Customer,Social Media,Asia,69,Other,Premium,42,20,5,7.39,8.54,2022-08-26,2022-09-05,Yes,No,iOS,Firefox,Debit Card,German,Morning,5,Corporate,patricia.gonzalez315@yahoo.com,,0
184124,William Lopez,william.lopez455@yahoo.com,Cloud Storage,Security Concern,There seems to be a discrepancy in my billing statement for this month.,The duplicate charge was reversed and refund processed within 3-5 business days.,High,Pending Customer,Email,Africa,41,Other,Premium,5,7,1,49.66,90.08,2024-02-21,2024-03-04,Yes,Yes,MacOS,Safari,PayPal,German,Night,8,Small Business,william.lopez455@yahoo.com,,0
135500,William Hernandez,william.hernandez942@hotmail.com,Mobile App,Security Concern,The application crashes whenever I try to upload a file.,Security settings updated and customer notified of precautionary measures.,Urgent,Open,Web Form,Asia,75,Other,Premium,31,6,1,32.03,159.82,2024-12-17,2024-12-31,No,No,MacOS,Unknown,Crypto,English,Night,2,Individual,william.hernandez942@hotmail.com,,0
160998,Charles Brown,charles.brown217@outlook.com,Cloud Storage,Bug Report,I am experiencing very slow performance while using the dashboard.,The duplicate charge was reversed and refund processed within 3-5 business days.,Low,Closed,Social Media,South America,35,Male,Enterprise,21,19,3,71.59,236.71,2024-06-21,2024-07-02,No,No,Linux,Unknown,Bank Transfer,German,Afternoon,7,Small Business,charles.brown217@outlook.com,,0
104924,William Jones,william.jones916@gmail.com,Mobile App,Security Concern,There seems to be a discrepancy in my billing statement for this month.,Subscription status corrected and confirmation email sent to customer.,High,Pending Customer,Phone,Asia,58,Male,Enterprise,2,16,3,58.69,140.4,2024-05-18,2024-05-20,No,Yes,Android,Safari,Bank Transfer,German,Evening,5,Corporate,william.jones916@gmail.com,,0
12099,Linda Davis,linda.davis224@gmail.com,CRM Platform,Login Issue,My subscription was cancelled without my request and I need clarification.,Provided step-by-step troubleshooting instructions and issue resolved.,Medium,Open,Email,Asia,67,Male,Premium,49,10,1,1.04,6.6,2022-01-01,2022-01-12,Yes,Yes,iOS,Edge,Bank Transfer,French,Night,10,Corporate,linda.davis224@gmail.com,,0
127573,Robert Miller,robert.miller427@outlook.com,Subscription Service,Refund Request,The application crashes whenever I try to upload a file.,The issue was escalated to engineering and resolved in the latest patch.,Medium,Closed,Phone,Europe,44,Other,Basic,33,12,3,43.23,229.52,2022-11-27,2022-12-08,Yes,No,MacOS,Unknown,Crypto,Spanish,Night,8,Small Business,robert.miller427@outlook.com,,0
161465,William Martin,william.martin151@gmail.com,Analytics Dashboard,Data Sync Issue,I am unable to access my account after entering the correct credentials.,The duplicate charge was reversed and refund processed within 3-5 business days.,High,In Progress,Phone,Africa,23,Female,Enterprise,39,5,3,68.62,29.55,2023-02-14,2023-02-15,No,No,Android,Unknown,Crypto,English,Afternoon,9,Individual,william.martin151@gmail.com,,0
88093,Robert Garcia,robert.garcia413@hotmail.com,Billing System,Security Concern,My subscription was cancelled without my request and I need clarification.,The duplicate charge was reversed and refund processed within 3-5 business days.,Urgent,Pending Customer,Email,Australia,21,Other,Premium,7,15,2,59.39,11.54,2022-06-06,2022-06-17,Yes,No,Android,Safari,Credit Card,English,Afternoon,9,Corporate,robert.garcia413@hotmail.com,,0
90922,Susan Anderson,susan.anderson635@outlook.com,Mobile App,Refund Request,The application crashes whenever I try to upload a file.,Data synchronization restored after backend service restart.,Urgent,Pending Customer,Web Form,North America,29,Male,Free,56,14,5,17.8,109.31,2024-07-23,2024-07-31,No,Yes,MacOS,Firefox,Bank Transfer,French,Afternoon,4,Individual,susan.anderson635@outlook.com,,0
115049,Sarah Lopez,sarah.lopez951@hotmail.com,Billing System,Refund Request,I found a bug in the latest update affecting report generation.,Bug logged internally and workaround shared with the customer.,High,Resolved,Phone,South America,24,Male,Premium,60,16,1,43.77,72.17,2024-05-15,2024-05-28,Yes,No,Windows,Unknown,PayPal,French,Evening,4,Small Business,sarah.lopez951@hotmail.com,,0
112390,Joseph Lopez,joseph.lopez899@company.com,Billing System,Bug Report,I am unable to access my account after entering the correct credentials.,Payment gateway timeout issue fixed and monitoring implemented.,High,Resolved,Email,Asia,18,Female,Premium,53,13,3,31.49,150.81,2024-01-19,2024-01-24,No,No,Windows,Chrome,PayPal,Chinese,Night,8,Individual,joseph.lopez899@company.com,,0
179792,Karen Johnson,karen.johnson411@yahoo.com,Web Portal,Data Sync Issue,My subscription was cancelled without my request and I need clarification.,We have reset the account credentials and advised the customer to retry login.,High,Pending Customer,Web Form,Asia,56,Other,Basic,24,17,1,33.39,192.14,2023-09-13,2023-09-17,No,No,Windows,Edge,Debit Card,German,Morning,7,Individual,karen.johnson411@yahoo.com,,0
10185,David Smith,david.smith489@icloud.com,Web Portal,Bug Report,I am experiencing very slow performance while using the dashboard.,The duplicate charge was reversed and refund processed within 3-5 business days.,Low,In Progress,Chat,Africa,35,Other,Free,10,11,5,63.35,83.44,2022-06-30,2022-07-09,No,Yes,Android,Chrome,PayPal,Japanese,Evening,8,Corporate,david.smith489@icloud.com,,0
26260,David Gonzalez,david.gonzalez570@gmail.com,Cloud Storage,Payment Problem,The system is not syncing data across devices properly.,Security settings updated and customer notified of precautionary measures.,High,In Progress,Email,North America,20,Female,Enterprise,11,11,4,59.49,87.31,2022-09-10,2022-09-13,Yes,No,Android,Edge,Bank Transfer,English,Morning,2,Individual,david.gonzalez570@gmail.com,,0
67945,Karen Jackson,karen.jackson213@outlook.com,CRM Platform,Security Concern,I would like to request a refund for the recent charge.,Provided step-by-step troubleshooting instructions and issue resolved.,Low,Pending Customer,Web Form,Australia,20,Other,Basic,5,2,2,3.74,230.33,2024-03-27,2024-04-06,No,No,iOS,Firefox,Crypto,Spanish,Evening,8,Individual,karen.jackson213@outlook.com,,0
59822,Jennifer Hernandez,jennifer.hernandez486@yahoo.com,E-commerce Store,Subscription Cancellation,I am unable to access my account after entering the correct credentials.,Security settings updated and customer notified of precautionary measures.,Urgent,Resolved,Social Media,South America,68,Other,Free,8,16,2,45.49,25.37,2022-03-15,2022-03-25,Yes,No,Linux,Safari,Credit Card,English,Night,5,Individual,jennifer.hernandez486@yahoo.com,,0
77291,Richard Lopez,richard.lopez12@gmail.com,Mobile App,Account Suspension,The payment was deducted from my bank account but the transaction shows failed.,Explained billing breakdown and clarified applicable charges.,High,Pending Customer,Email,South America,28,Male,Enterprise,32,11,1,36.55,223.29,2022-12-20,2023-01-02,Yes,No,Windows,Firefox,PayPal,French,Night,4,Individual,richard.lopez12@gmail.com,,0
137554,Thomas Davis,thomas.davis38@outlook.com,Subscription Service,Bug Report,I am experiencing very slow performance while using the dashboard.,Bug logged internally and workaround shared with the customer.,High,Pending Customer,Phone,South America,47,Female,Premium,14,2,2,19.88,100.55,2022-07-10,2022-07-23,No,No,MacOS,Chrome,PayPal,English,Afternoon,2,Small Business,thomas.davis38@outlook.com,,0
51801,Joseph Martin,joseph.martin386@company.com,Mobile App,Security Concern,I am unable to access my account after entering the correct credentials.,Bug logged internally and workaround shared with the customer.,High,Closed,Email,Africa,35,Other,Premium,14,8,1,20.95,125.2,2024-12-15,2024-12-29,Yes,No,Linux,Firefox,PayPal,German,Morning,10,Individual,joseph.martin386@company.com,,0
97613,Robert Martinez,robert.martinez290@icloud.com,Cloud Storage,Refund Request,The application crashes whenever I try to upload a file.,Subscription status corrected and confirmation email sent to customer.,Urgent,Pending Customer,Social Media,Asia,62,Other,Enterprise,19,15,1,28.67,15.71,2024-05-20,2024-05-26,Yes,Yes,Linux,Edge,PayPal,German,Evening,7,Individual,robert.martinez290@icloud.com,,0
106807,Sarah Rodriguez,sarah.rodriguez717@outlook.com,Subscription Service,Feature Request,My subscription was cancelled without my request and I need clarification.,Bug logged internally and workaround shared with the customer.,High,Pending Customer,Chat,Australia,61,Female,Basic,32,18,1,42.7,221.61,2024-10-09,2024-10-20,No,Yes,Linux,Edge,PayPal,Chinese,Evening,7,Small Business,sarah.rodriguez717@outlook.com,,0
71257,Robert Hernandez,robert.hernandez689@hotmail.com,Mobile App,Security Concern,The application crashes whenever I try to upload a file.,Payment gateway timeout issue fixed and monitoring implemented.,Low,In Progress,Chat,Australia,67,Male,Basic,57,8,5,9.76,106.6,2022-12-03,2022-12-11,No,No,Android,Unknown,Crypto,French,Afternoon,4,Small Business,robert.hernandez689@hotmail.com,,0
107491,Linda Gonzalez,linda.gonzalez281@gmail.com,E-commerce Store,Refund Request,The system is not syncing data across devices properly.,Bug logged internally and workaround shared with the customer.,Low,Closed,Email,Asia,38,Male,Premium,14,19,4,32.65,112.14,2023-08-18,2023-08-30,No,Yes,MacOS,Chrome,Debit Card,French,Morning,2,Individual,linda.gonzalez281@gmail.com,,0
162906,Thomas Hernandez,thomas.hernandez90@outlook.com,Billing System,Login Issue,I am unable to access my account after entering the correct credentials.,Subscription status corrected and confirmation email sent to customer.,Medium,Resolved,Social Media,Africa,58,Male,Premium,9,10,4,67.15,37.54,2023-10-14,2023-10-27,No,Yes,iOS,Firefox,Debit Card,Spanish,Afternoon,5,Small Business,thomas.hernandez90@outlook.com,,0
163332,Charles Smith,charles.smith196@icloud.com,Analytics Dashboard,Feature Request,The application crashes whenever I try to upload a file.,Explained billing breakdown and clarified applicable charges.,Medium,In Progress,Web Form,Africa,64,Male,Free,16,2,1,5.97,202.49,2023-02-24,2023-03-03,No,No,Linux,Firefox,PayPal,German,Morning,4,Small Business,charles.smith196@icloud.com,,0
36251,Mary Jackson,mary.jackson582@company.com,Mobile App,Refund Request,The payment was deducted from my bank account but the transaction shows failed.,The issue was escalated to engineering and resolved in the latest patch.,High,Pending Customer,Chat,Africa,25,Other,Free,35,16,3,23.01,100.57,2023-07-10,2023-07-20,No,Yes,MacOS,Unknown,Bank Transfer,Japanese,Night,9,Small Business,mary.jackson582@company.com,,0
135789,James Martin,james.martin71@hotmail.com,CRM Platform,Payment Problem,I am experiencing very slow performance while using the dashboard.,Explained billing breakdown and clarified applicable charges.,Urgent,In Progress,Chat,South America,50,Male,Premium,17,14,3,24.93,237.91,2024-08-14,2024-08-23,Yes,Yes,Linux,Edge,Credit Card,Spanish,Afternoon,2,Individual,james.martin71@hotmail.com,,0
146957,Linda Moore,linda.moore429@outlook.com,E-commerce Store,Login Issue,There seems to be a discrepancy in my billing statement for this month.,The duplicate charge was reversed and refund processed within 3-5 business days.,Urgent,Open,Email,South America,75,Other,Premium,58,9,2,44.41,231.12,2022-01-10,2022-01-22,No,No,Android,Firefox,Debit Card,Japanese,Afternoon,9,Corporate,linda.moore429@outlook.com,,0
53744,Michael Hernandez,michael.hernandez972@outlook.com,API Service,Refund Request,I am experiencing very slow performance while using the dashboard.,Bug logged internally and workaround shared with the customer.,High,Open,Chat,South America,61,Female,Basic,60,4,5,5.96,226.37,2024-03-19,2024-03-27,No,No,Linux,Safari,Credit Card,German,Afternoon,2,Individual,michael.hernandez972@outlook.com,,0
185689,David Williams,david.williams640@outlook.com,Analytics Dashboard,Refund Request,I am unable to access my account after entering the correct credentials.,Provided step-by-step troubleshooting instructions and issue resolved.,Low,In Progress,Social Media,Asia,58,Male,Enterprise,8,5,2,61.36,139.15,2022-12-27,2023-01-09,No,No,iOS,Safari,Bank Transfer,Chinese,Evening,6,Small Business,david.williams640@outlook.com,,0
24771,Joseph Williams,joseph.williams627@company.com,Subscription Service,Login Issue,I would like to request a refund for the recent charge.,Bug logged internally and workaround shared with the customer.,Low,Pending Customer,Email,Europe,40,Male,Basic,34,2,2,22.33,225.32,2024-02-04,2024-02-07,Yes,Yes,MacOS,Chrome,PayPal,Spanish,Afternoon,5,Individual,joseph.williams627@company.com,,0
75898,Sarah Jones,sarah.jones71@hotmail.com,CRM Platform,Feature Request,I found a bug in the latest update affecting report generation.,Bug logged internally and workaround shared with the customer.,Low,In Progress,Phone,North America,58,Male,Premium,58,20,1,46.7,85.57,2022-05-16,2022-05-24,No,Yes,Windows,Edge,Crypto,German,Morning,9,Individual,sarah.jones71@hotmail.com,,0
196721,Mary Smith,mary.smith172@yahoo.com,Analytics Dashboard,Login Issue,I am experiencing very slow performance while using the dashboard.,Subscription status corrected and confirmation email sent to customer.,Low,Resolved,Web Form,Africa,21,Other,Free,15,2,3,8.44,147.22,2024-09-06,2024-09-08,Yes,Yes,MacOS,Safari,PayPal,Japanese,Night,2,Corporate,mary.smith172@yahoo.com,2022-03-25,0
102062,Barbara Williams,barbara.williams26@outlook.com,Cloud Storage,Payment Problem,There seems to be a discrepancy in my billing statement for this month.,Bug logged internally and workaround shared with the customer.,Medium,Open,Web Form,Europe,30,Female,Free,9,9,5,71.42,22.15,2023-02-06,2023-02-17,Yes,Yes,Android,Chrome,Credit Card,French,Evening,6,Individual,barbara.williams26@outlook.com,2022-06-06,0
35942,Robert Brown,robert.brown102@hotmail.com,Payment Gateway,Payment Problem,The payment was deducted from my bank account but the transaction shows failed.,Provided step-by-step troubleshooting instructions and issue resolved.,Low,Pending Customer,Social Media,Africa,58,Male,Premium,16,12,4,13.6,1.86,2022-11-17,2022-11-22,Yes,No,MacOS,Safari,Credit Card,Spanish,Night,4,Corporate,robert.brown102@hotmail.com,,0
132434,Barbara Martinez,barbara.martinez147@yahoo.com,CRM Platform,Bug Report,I am unable to access my account after entering the correct credentials.,Data synchronization restored after backend service restart.,Low,Open,Chat,Africa,74,Other,Basic,4,14,5,64.24,112.35,2022-07-27,2022-07-28,No,Yes,Linux,Edge,Debit Card,French,Afternoon,4,Small Business,barbara.martinez147@yahoo.com,,0
39284,Robert Johnson,robert.johnson302@company.com,Analytics Dashboard,Refund Request,There seems to be a discrepancy in my billing statement for this month.,The duplicate charge was reversed and refund processed within 3-5 business days.,Medium,Resolved,Web Form,Europe,49,Female,Free,40,15,2,63.6,72.65,2022-05-06,2022-05-09,No,No,Android,Safari,Crypto,English,Evening,3,Individual,robert.johnson302@company.com,,0
12918,Susan Garcia,susan.garcia492@company.com,Subscription Service,Account Suspension,The application crashes whenever I try to upload a file.,Explained billing breakdown and clarified applicable charges.,High,Closed,Phone,Australia,33,Male,Enterprise,10,8,3,2.4,103.12,2024-08-08,2024-08-13,No,No,Windows,Firefox,PayPal,Spanish,Morning,9,Individual,susan.garcia492@company.com,,0
83355,William Miller,william.miller64@icloud.com,Analytics Dashboard,Data Sync Issue,The system is not syncing data across devices properly.,Payment gateway timeout issue fixed and monitoring implemented.,High,Resolved,Social Media,Asia,58,Other,Basic,57,11,3,16.27,103.1,2023-07-19,2023-07-19,Yes,Yes,iOS,Firefox,Bank Transfer,Spanish,Afternoon,6,Corporate,william.miller64@icloud.com,,0
70517,Patricia Hernandez,patricia.hernandez16@hotmail.com,Mobile App,Data Sync Issue,Two-factor authentication codes are not being delivered to my phone.,Explained billing breakdown and clarified applicable charges.,Low,Closed,Email,Asia,42,Male,Premium,36,15,5,38.98,84.61,2024-08-12,2024-08-23,Yes,Yes,MacOS,Firefox,PayPal,Spanish,Night,5,Individual,patricia.hernandez16@hotmail.com,,0
99743,Robert Gonzalez,robert.gonzalez220@icloud.com,API Service,Account Suspension,I would like to request a refund for the recent charge.,Data synchronization restored after backend service restart.,High,Open,Phone,Europe,64,Male,Free,7,1,3,61.71,226.22,2022-04-15,2022-04-26,No,Yes,Windows,Firefox,Bank Transfer,Spanish,Night,9,Corporate,robert.gonzalez220@icloud.com,,0
64652,Charles Johnson,charles.johnson345@gmail.com,E-commerce Store,Subscription Cancellation,Two-factor authentication codes are not being delivered to my phone.,Bug logged internally and workaround shared with the customer.,Low,Closed,Chat,Europe,63,Female,Basic,15,0,2,62.68,75.69,2024-02-19,2024-02-21,Yes,Yes,Windows,Firefox,Credit Card,Spanish,Evening,4,Corporate,charles.johnson345@gmail.com,,0
163165,Jennifer Lopez,jennifer.lopez288@yahoo.com,Billing System,Security Concern,I am experiencing very slow performance while using the dashboard.,Data synchronization restored after backend service restart.,Urgent,Pending Customer,Web Form,North America,37,Other,Enterprise,52,5,5,15.54,168.37,2023-01-03,2023-01-11,Yes,Yes,iOS,Chrome,Crypto,English,Morning,2,Individual,jennifer.lopez288@yahoo.com,,0
72692,Sarah Martin,sarah.martin70@hotmail.com,Billing System,Subscription Cancellation,There seems to be a discrepancy in my billing statement for this month.,We have reset the account credentials and advised the customer to retry login.,High,Open,Chat,Europe,68,Female,Enterprise,27,18,4,18.7,43.77,2023-09-21,2023-09-24,No,No,MacOS,Edge,Crypto,French,Night,3,Small Business,sarah.martin70@hotmail.com,,0
101516,Linda Martin,linda.martin184@outlook.com,Payment Gateway,Data Sync Issue,The payment was deducted from my bank account but the transaction shows failed.,Provided step-by-step troubleshooting instructions and issue resolved.,High,Closed,Social Media,South America,33,Female,Enterprise,25,4,1,55.36,229.92,2023-05-03,2023-05-04,Yes,Yes,iOS,Safari,Crypto,French,Evening,5,Small Business,linda.martin184@outlook.com,,0
185680,Barbara Brown,barbara.brown891@icloud.com,Web Portal,Refund Request,There seems to be a discrepancy in my billing statement for this month.,Payment gateway timeout issue fixed and monitoring implemented.,Urgent,Pending Customer,Social Media,Australia,66,Male,Enterprise,9,9,2,52.97,149.93,2024-10-29,2024-11-07,No,No,iOS,Chrome,Credit Card,Japanese,Afternoon,4,Corporate,barbara.brown891@icloud.com,,0
24912,Michael Gonzalez,michael.gonzalez518@hotmail.com,Web Portal,Refund Request,I am unable to access my account after entering the correct credentials.,Subscription status corrected and confirmation email sent to customer.,High,Pending Customer,Phone,Asia,47,Other,Enterprise,27,20,5,53.96,101.22,2024-08-26,2024-08-30,Yes,Yes,Windows,Safari,Credit Card,Chinese,Evening,1,Small Business,michael.gonzalez518@hotmail.com,,0
11496,Robert Williams,robert.williams914@yahoo.com,Analytics Dashboard,Account Suspension,Two-factor authentication codes are not being delivered to my phone.,Subscription status corrected and confirmation email sent to customer.,High,Pending Customer,Social Media,Australia,68,Female,Premium,19,4,1,12.67,192.44,2023-01-11,2023-01-14,Yes,Yes,Windows,Chrome,Bank Transfer,Japanese,Night,9,Small Business,robert.williams914@yahoo.com,,0
190852,Linda Rodriguez,linda.rodriguez148@icloud.com,Payment Gateway,Data Sync Issue,I am experiencing very slow performance while using the dashboard.,Explained billing breakdown and clarified applicable charges.,Low,Open,Email,North America,71,Male,Basic,35,3,4,24.35,171.73,2022-03-04,2022-03-17,Yes,Yes,Windows,Edge,Crypto,German,Afternoon,9,Individual,linda.rodriguez148@icloud.com,,0
105949,Mary Hernandez,mary.hernandez776@company.com,Billing System,Data Sync Issue,I would like to request a refund for the recent charge.,Payment gateway timeout issue fixed and monitoring implemented.,Urgent,In Progress,Web Form,Asia,39,Male,Basic,15,17,3,20.46,23.72,2024-08-08,2024-08-21,No,No,Linux,Safari,Credit Card,English,Afternoon,5,Individual,mary.hernandez776@company.com,2024-03-01,0
45943,Joseph Taylor,joseph.taylor614@yahoo.com,E-commerce Store,Refund Request,My subscription was cancelled without my request and I need clarification.,The duplicate charge was reversed and refund processed within 3-5 business days.,Urgent,Closed,Email,Europe,50,Other,Basic,45,10,4,26.4,176.3,2022-01-22,2022-01-27,Yes,No,Android,Safari,Debit Card,Japanese,Afternoon,1,Corporate,joseph.taylor614@yahoo.com,,0
108493,Elizabeth Martin,elizabeth.martin533@gmail.com,Web Portal,Bug Report,I am experiencing very slow performance while using the dashboard.,We have reset the account credentials and advised the customer to retry login.,Urgent,Open,Social Media,Europe,37,Female,Basic,60,12,4,50.09,99.41,2022-10-17,2022-10-27,No,Yes,iOS,Unknown,Debit Card,Spanish,Afternoon,1,Individual,elizabeth.martin533@gmail.com,,0
105251,Thomas Rodriguez,thomas.rodriguez35@icloud.com,E-commerce Store,Security Concern,Two-factor authentication codes are not being delivered to my phone.,The duplicate charge was reversed and refund processed within 3-5 business days.,Urgent,Resolved,Chat,Australia,49,Female,Enterprise,10,19,4,35.29,163.17,2022-03-12,2022-03-25,No,No,Android,Unknown,Bank Transfer,English,Night,5,Corporate,thomas.rodriguez35@icloud.com,,0
192948,Linda Hernandez,linda.hernandez136@yahoo.com,CRM Platform,Subscription Cancellation,I am experiencing very slow performance while using the dashboard.,Security settings updated and customer notified of precautionary measures.,Low,Resolved,Web Form,Europe,41,Female,Enterprise,46,10,1,57.64,126.68,2023-06-03,2023-06-04,No,Yes,MacOS,Unknown,Credit Card,English,Afternoon,7,Individual,linda.hernandez136@yahoo.com,,0
111537,Robert Taylor,robert.taylor218@company.com,Billing System,Feature Request,My subscription was cancelled without my request and I need clarification.,Security settings updated and customer notified of precautionary measures.,Urgent,Closed,Web Form,North America,64,Male,Premium,27,1,4,54.19,123.91,2024-12-30,2025-01-05,No,No,Linux,Chrome,Debit Card,German,Night,10,Corporate,robert.taylor218@company.com,,0
143909,Thomas Jackson,thomas.jackson205@icloud.com,E-commerce Store,Feature Request,I would like to request a refund for the recent charge.,Explained billing breakdown and clarified applicable charges.,Medium,Open,Email,Africa,26,Other,Enterprise,25,19,2,10.4,200.47,2024-01-09,2024-01-09,No,Yes,Android,Firefox,Bank Transfer,French,Afternoon,10,Individual,thomas.jackson205@icloud.com,,0
145101,Mary Lopez,mary.lopez962@gmail.com,Mobile App,Login Issue,The application crashes whenever I try to upload a file.,Explained billing breakdown and clarified applicable charges.,High,Resolved,Chat,South America,51,Female,Basic,21,4,3,14.77,5.97,2022-02-23,2022-02-28,No,Yes,MacOS,Safari,Credit Card,Spanish,Evening,1,Small Business,mary.lopez962@gmail.com,,0
92282,David Taylor,david.taylor876@gmail.com,API Service,Performance Issue,My subscription was cancelled without my request and I need clarification.,The issue was escalated to engineering and resolved in the latest patch.,Low,In Progress,Phone,Europe,34,Female,Premium,59,7,3,9.42,73.09,2024-07-21,2024-08-03,No,Yes,Linux,Firefox,Crypto,Spanish,Afternoon,4,Small Business,david.taylor876@gmail.com,,0
13222,William Martin,william.martin788@outlook.com,Payment Gateway,Login Issue,The system is not syncing data across devices properly.,We have reset the account credentials and advised the customer to retry login.,Urgent,Open,Email,Europe,51,Male,Basic,2,13,4,9.36,239.89,2022-11-28,2022-11-29,Yes,No,MacOS,Firefox,Credit Card,English,Night,8,Corporate,william.martin788@outlook.com,,0
52882,Mary Taylor,mary.taylor448@yahoo.com,Mobile App,Subscription Cancellation,I am unable to access my account after entering the correct credentials.,The issue was escalated to engineering and resolved in the latest patch.,Medium,In Progress,Phone,South America,57,Female,Premium,13,15,3,14.94,194.59,2023-03-21,2023-03-24,No,Yes,Windows,Firefox,Credit Card,Japanese,Evening,8,Corporate,mary.taylor448@yahoo.com,,0
112657,Elizabeth Martinez,elizabeth.martinez444@hotmail.com,Billing System,Performance Issue,I found a bug in the latest update affecting report generation.,Payment gateway timeout issue fixed and monitoring implemented.,High,Closed,Phone,Africa,26,Other,Enterprise,56,20,5,1.64,234.45,2023-07-03,2023-07-16,No,No,MacOS,Edge,Credit Card,Chinese,Afternoon,8,Individual,elizabeth.martinez444@hotmail.com,,0
14638,Thomas Lopez,thomas.lopez853@hotmail.com,API Service,Subscription Cancellation,The system is not syncing data across devices properly.,Bug logged internally and workaround shared with the customer.,Medium,In Progress,Phone,Australia,18,Other,Enterprise,31,2,3,22.33,145.83,2024-12-21,2024-12-27,Yes,No,iOS,Chrome,PayPal,English,Afternoon,10,Individual,thomas.lopez853@hotmail.com,,0
183517,Sarah Rodriguez,sarah.rodriguez708@hotmail.com,Payment Gateway,Payment Problem,Two-factor authentication codes are not being delivered to my phone.,Payment gateway timeout issue fixed and monitoring implemented.,Urgent,Resolved,Phone,South America,69,Other,Enterprise,18,0,5,2.92,177.18,2023-05-03,2023-05-09,Yes,No,Windows,Unknown,Crypto,Japanese,Afternoon,6,Corporate,sarah.rodriguez708@hotmail.com,,0
43496,John Miller,john.miller489@company.com,Subscription Service,Security Concern,I am unable to access my account after entering the correct credentials.,Bug logged internally and workaround shared with the customer.,Low,Pending Customer,Phone,South America,56,Other,Basic,36,11,2,26.23,35.05,2022-08-21,2022-08-29,No,No,iOS,Firefox,Credit Card,Japanese,Night,10,Individual,john.miller489@company.com,,0
160980,Linda Smith,linda.smith588@company.com,Billing System,Account Suspension,The payment was deducted from my bank account but the transaction shows failed.,Data synchronization restored after backend service restart.,Urgent,In Progress,Social Media,Asia,63,Other,Basic,57,9,4,11.78,96.68,2023-03-10,2023-03-10,Yes,Yes,iOS,Safari,Bank Transfer,Chinese,Afternoon,3,Corporate,linda.smith588@company.com,,0
91293,Charles Jones,charles.jones204@hotmail.com,E-commerce Store,Subscription Cancellation,The payment was deducted from my bank account but the transaction shows failed.,Provided step-by-step troubleshooting instructions and issue resolved.,Medium,Open,Email,South America,20,Other,Basic,35,8,4,61.98,135.96,2024-10-27,2024-11-08,No,No,Windows,Chrome,Crypto,French,Morning,4,Small Business,charles.jones204@hotmail.com,,0
100520,Barbara Jones,barbara.jones348@yahoo.com,Mobile App,Account Suspension,The system is not syncing data across devices properly.,We have reset the account credentials and advised the customer to retry login.,Low,Open,Phone,Africa,29,Other,Basic,8,13,3,56.91,191.66,2022-05-24,2022-05-27,Yes,Yes,Android,Edge,Credit Card,English,Morning,4,Individual,barbara.jones348@yahoo.com,,0
187266,Jessica Jones,jessica.jones959@company.com,Mobile App,Refund Request,I am unable to access my account after entering the correct credentials.,Payment gateway timeout issue fixed and monitoring implemented.,Urgent,Pending Customer,Web Form,North America,28,Male,Premium,25,1,3,46.72,137.76,2024-10-22,2024-11-03,No,Yes,MacOS,Chrome,Crypto,French,Afternoon,5,Corporate,jessica.jones959@company.com,,0
152156,Michael Johnson,michael.johnson863@hotmail.com,Billing System,Login Issue,I found a bug in the latest update affecting report generation.,The issue was escalated to engineering and resolved in the latest patch.,Medium,In Progress,Chat,Europe,64,Male,Basic,15,4,2,57.32,92.67,2023-12-02,2023-12-15,Yes,Yes,iOS,Chrome,PayPal,Japanese,Evening,6,Individual,michael.johnson863@hotmail.com,,0
113862,Elizabeth Davis,elizabeth.davis9@hotmail.com,Subscription Service,Data Sync Issue,I found a bug in the latest update affecting report generation.,Provided step-by-step troubleshooting instructions and issue resolved.,Urgent,In Progress,Phone,Africa,45,Male,Basic,22,8,4,45.8,8.43,2022-04-14,2022-04-22,No,No,Android,Edge,PayPal,Spanish,Evening,6,Small Business,elizabeth.davis9@hotmail.com,,0
98656,Thomas Taylor,thomas.taylor389@gmail.com,Analytics Dashboard,Login Issue,I am unable to access my account after entering the correct credentials.,Bug logged internally and workaround shared with the customer.,Urgent,Open,Social Media,Europe,20,Female,Premium,27,12,4,48.85,166.18,2022-08-14,2022-08-14,No,No,MacOS,Firefox,Bank Transfer,French,Evening,7,Corporate,thomas.taylor389@gmail.com,,0
110356,Joseph Rodriguez,joseph.rodriguez894@outlook.com,Analytics Dashboard,Feature Request,There seems to be a discrepancy in my billing statement for this month.,Subscription status corrected and confirmation email sent to customer.,Low,Open,Social Media,Europe,41,Female,Premium,37,6,2,24.29,112.07,2023-07-16,2023-07-23,Yes,Yes,MacOS,Safari,Bank Transfer,French,Morning,10,Small Business,joseph.rodriguez894@outlook.com,,0
176740,Linda Jones,linda.jones294@outlook.com,API Service,Refund Request,My subscription was cancelled without my request and I need clarification.,The issue was escalated to engineering and resolved in the latest patch.,Urgent,Pending Customer,Chat,Europe,25,Female,Basic,16,1,1,62.25,76.34,2024-11-11,2024-11-18,No,No,Linux,Firefox,Debit Card,Spanish,Morning,2,Corporate,linda.jones294@outlook.com,,0
198634,Mary Martinez,mary.martinez699@yahoo.com,Cloud Storage,Payment Problem,There seems to be a discrepancy in my billing statement for this month.,Security settings updated and customer notified of precautionary measures.,High,Resolved,Chat,South America,58,Male,Enterprise,17,2,3,34.16,42.67,2022-01-07,2022-01-16,Yes,Yes,Linux,Chrome,Bank Transfer,Spanish,Night,10,Small Business,mary.martinez699@yahoo.com,,0
33690,William Williams,william.williams720@yahoo.com,Analytics Dashboard,Data Sync Issue,I am experiencing very slow performance while using the dashboard.,The duplicate charge was reversed and refund processed within 3-5 business days.,Medium,Closed,Phone,North America,62,Female,Enterprise,11,13,1,4.7,97.45,2024-11-15,2024-11-19,Yes,Yes,Windows,Firefox,Debit Card,French,Evening,4,Individual,william.williams720@yahoo.com,,0
154415,Jessica Lopez,jessica.lopez528@hotmail.com,Subscription Service,Login Issue,I am unable to access my account after entering the correct credentials.,The duplicate charge was reversed and refund processed within 3-5 business days.,Medium,In Progress,Phone,North America,61,Female,Free,41,5,1,43.45,98.5,2024-08-11,2024-08-17,Yes,No,Android,Chrome,Debit Card,Japanese,Night,10,Small Business,jessica.lopez528@hotmail.com,,0
42840,Mary Gonzalez,mary.gonzalez187@icloud.com,Payment Gateway,Refund Request,Two-factor authentication codes are not being delivered to my phone.,The duplicate charge was reversed and refund processed within 3-5 business days.,Urgent,Pending Customer,Social Media,Africa,58,Male,Premium,49,6,4,49.13,225.3,2024-12-26,2024-12-27,Yes,No,Windows,Safari,Credit Card,Spanish,Afternoon,7,Small Business,mary.gonzalez187@icloud.com,,0
194959,Susan Miller,susan.miller161@hotmail.com,Mobile App,Feature Request,My subscription was cancelled without my request and I need clarification.,Security settings updated and customer notified of precautionary measures.,Low,In Progress,Social Media,Asia,51,Male,Enterprise,21,0,1,47.02,102.07,2022-11-23,2022-12-03,Yes,No,iOS,Unknown,PayPal,German,Evening,2,Individual,susan.miller161@hotmail.com,,0
57286,Jennifer Martin,jennifer.martin406@gmail.com,Billing System,Bug Report,The system is not syncing data across devices properly.,Security settings updated and customer notified of precautionary measures.,Urgent,Closed,Email,Africa,42,Other,Free,42,6,3,15.13,219.29,2023-01-15,2023-01-25,No,Yes,Android,Chrome,Debit Card,Spanish,Morning,3,Corporate,jennifer.martin406@gmail.com,,0
111726,Joseph Davis,joseph.davis248@yahoo.com,CRM Platform,Refund Request,The payment was deducted from my bank account but the transaction shows failed.,We have reset the account credentials and advised the customer to retry login.,High,Resolved,Social Media,Europe,69,Male,Free,12,12,2,39.88,206.23,2024-05-25,2024-05-28,No,Yes,Android,Edge,PayPal,English,Night,1,Small Business,joseph.davis248@yahoo.com,,0
147977,Charles Anderson,charles.anderson368@hotmail.com,Cloud Storage,Bug Report,My subscription was cancelled without my request and I need clarification.,We have reset the account credentials and advised the customer to retry login.,Low,Open,Chat,Australia,64,Other,Free,7,14,5,65.41,127.82,2023-01-07,2023-01-21,Yes,No,Windows,Chrome,Credit Card,French,Morning,5,Small Business,charles.anderson368@hotmail.com,,0
49401,Susan Davis,susan.davis912@gmail.com,E-commerce Store,Data Sync Issue,I would like to request a refund for the recent charge.,The issue was escalated to engineering and resolved in the latest patch.,High,Open,Chat,South America,22,Female,Free,9,16,2,11.86,24.81,2023-11-22,2023-11-24,No,Yes,MacOS,Edge,PayPal,Spanish,Morning,8,Corporate,susan.davis912@gmail.com,,0
83123,Barbara Jones,barbara.jones424@company.com,Cloud Storage,Data Sync Issue,I am experiencing very slow performance while using the dashboard.,Security settings updated and customer notified of precautionary measures.,Urgent,In Progress,Web Form,Asia,64,Other,Premium,13,16,5,65.67,132.9,2024-02-27,2024-02-28,Yes,No,Linux,Unknown,Credit Card,Spanish,Night,1,Corporate,barbara.jones424@company.com,,0
172146,Mary Martinez,mary.martinez675@company.com,Analytics Dashboard,Login Issue,The system is not syncing data across devices properly.,Bug logged internally and workaround shared with the customer.,High,Resolved,Chat,Africa,65,Female,Basic,37,20,1,27.17,84.78,2023-11-14,2023-11-21,No,Yes,MacOS,Edge,Debit Card,Chinese,Afternoon,6,Small Business,mary.martinez675@company.com,2023-03-01,0
156271,Richard Johnson,richard.johnson533@icloud.com,Billing System,Feature Request,There seems to be a discrepancy in my billing statement for this month.,Security settings updated and customer notified of precautionary measures.,Medium,Open,Phone,Australia,71,Female,Enterprise,39,8,3,43.39,2.55,2024-04-19,2024-04-22,Yes,Yes,Android,Unknown,Bank Transfer,Chinese,Morning,1,Small Business,richard.johnson533@icloud.com,,0
127139,Michael Jones,michael.jones725@gmail.com,Cloud Storage,Account Suspension,The system is not syncing data across devices properly.,Bug logged internally and workaround shared with the customer.,Medium,Pending Customer,Chat,South America,30,Male,Free,34,1,2,47.99,31.99,2024-08-15,2024-08-25,Yes,No,MacOS,Firefox,PayPal,Japanese,Night,10,Small Business,michael.jones725@gmail.com,,0
124987,Joseph Taylor,joseph.taylor450@company.com,Cloud Storage,Data Sync Issue,I am experiencing very slow performance while using the dashboard.,Data synchronization restored after backend service restart.,Medium,Closed,Phone,North America,28,Male,Basic,22,1,2,30.11,55.8,2024-05-08,2024-05-20,No,No,Windows,Safari,PayPal,English,Night,10,Individual,joseph.taylor450@company.com,,0
38286,Susan Lopez,susan.lopez493@icloud.com,API Service,Subscription Cancellation,The payment was deducted from my bank account but the transaction shows failed.,We have reset the account credentials and advised the customer to retry login.,High,Open,Phone,South America,52,Female,Enterprise,50,5,2,58.92,83.65,2023-12-06,2023-12-11,Yes,Yes,iOS,Chrome,Credit Card,French,Evening,9,Small Business,susan.lopez493@icloud.com,,0
29153,James Wilson,james.wilson611@outlook.com,API Service,Refund Request,I am unable to access my account after entering the correct credentials.,Subscription status corrected and confirmation email sent to customer.,Low,In Progress,Social Media,Africa,19,Female,Free,44,11,4,58.76,209.47,2024-03-27,2024-04-04,Yes,No,Windows,Firefox,Bank Transfer,English,Morning,5,Individual,james.wilson611@outlook.com,,0
18095,Mary Jackson,mary.jackson840@icloud.com,Cloud Storage,Login Issue,Two-factor authentication codes are not being delivered to my phone.,We have reset the account credentials and advised the customer to retry login.,Medium,Resolved,Email,Australia,35,Male,Free,52,17,3,22.89,52.23,2022-01-11,2022-01-19,No,No,Linux,Unknown,PayPal,English,Afternoon,3,Individual,mary.jackson840@icloud.com,,0
134797,Karen Rodriguez,karen.rodriguez243@hotmail.com,Analytics Dashboard,Refund Request,I am unable to access my account after entering the correct credentials.,Data synchronization restored after backend service restart.,Low,Closed,Email,South America,51,Male,Enterprise,14,17,2,40.18,52.23,2022-02-25,2022-03-02,Yes,Yes,iOS,Unknown,Debit Card,Japanese,Night,10,Corporate,karen.rodriguez243@hotmail.com,,0
18195,Joseph Moore,joseph.moore17@gmail.com,Analytics Dashboard,Payment Problem,The payment was deducted from my bank account but the transaction shows failed.,Data synchronization restored after backend service restart.,Low,Resolved,Web Form,South America,25,Female,Free,47,15,4,63.15,60.24,2022-06-01,2022-06-04,Yes,No,Linux,Safari,Credit Card,English,Morning,8,Individual,joseph.moore17@gmail.com,,0
99785,Susan Anderson,susan.anderson822@outlook.com,API Service,Login Issue,I am experiencing very slow performance while using the dashboard.,Subscription status corrected and confirmation email sent to customer.,Urgent,Closed,Web Form,Africa,46,Female,Premium,8,15,3,15.81,105.94,2023-03-03,2023-03-13,No,Yes,Windows,Firefox,Credit Card,Chinese,Evening,7,Individual,susan.anderson822@outlook.com,,0
76622,Susan Jones,susan.jones648@outlook.com,Analytics Dashboard,Payment Problem,I am experiencing very slow performance while using the dashboard.,The issue was escalated to engineering and resolved in the latest patch.,Low,Open,Chat,Europe,33,Female,Enterprise,15,10,3,23.75,229.58,2023-02-15,2023-02-26,Yes,Yes,Linux,Firefox,Debit Card,Japanese,Morning,7,Small Business,susan.jones648@outlook.com,,0
141370,Charles Brown,charles.brown477@gmail.com,E-commerce Store,Bug Report,I found a bug in the latest update affecting report generation.,Explained billing breakdown and clarified applicable charges.,High,Pending Customer,Phone,Asia,61,Male,Basic,11,9,4,38.86,201.72,2023-05-11,2023-05-13,No,Yes,iOS,Edge,PayPal,Chinese,Night,6,Small Business,charles.brown477@gmail.com,,0
14976,Michael Wilson,michael.wilson674@yahoo.com,Billing System,Login Issue,I am experiencing very slow performance while using the dashboard.,The duplicate charge was reversed and refund processed within 3-5 business days.,Urgent,Pending Customer,Social Media,Europe,43,Male,Premium,1,7,2,36.04,198.62,2024-07-16,2024-07-23,No,No,Android,Unknown,Crypto,Japanese,Night,7,Corporate,michael.wilson674@yahoo.com,,0
87739,John Jackson,john.jackson880@hotmail.com,API Service,Security Concern,My subscription was cancelled without my request and I need clarification.,The issue was escalated to engineering and resolved in the latest patch.,Medium,Resolved,Email,Africa,60,Male,Free,6,1,2,20.63,126.98,2024-07-21,2024-08-04,Yes,No,Android,Unknown,Crypto,Spanish,Night,2,Individual,john.jackson880@hotmail.com,,0
128260,Karen Taylor,karen.taylor461@icloud.com,API Service,Login Issue,There seems to be a discrepancy in my billing statement for this month.,Security settings updated and customer notified of precautionary measures.,Medium,In Progress,Web Form,North America,42,Female,Enterprise,48,20,5,17.02,41.52,2024-05-07,2024-05-14,No,Yes,iOS,Firefox,Bank Transfer,English,Night,6,Corporate,karen.taylor461@icloud.com,,0
57025,Joseph Miller,joseph.miller387@company.com,Web Portal,Login Issue,My subscription was cancelled without my request and I need clarification.,We have reset the account credentials and advised the customer to retry login.,Low,Resolved,Web Form,Africa,66,Female,Basic,53,2,2,4.09,32.02,2022-04-13,2022-04-14,No,Yes,MacOS,Chrome,Credit Card,Japanese,Evening,2,Corporate,joseph.miller387@company.com,,0
159983,James Davis,james.davis651@company.com,Billing System,Feature Request,I found a bug in the latest update affecting report generation.,Bug logged internally and workaround shared with the customer.,Medium,Resolved,Chat,South America,33,Female,Free,47,4,1,7.41,33.43,2024-10-04,2024-10-15,Yes,No,iOS,Unknown,Credit Card,English,Night,10,Individual,james.davis651@company.com,,0
96283,David Garcia,david.garcia52@icloud.com,CRM Platform,Security Concern,The system is not syncing data across devices properly.,Subscription status corrected and confirmation email sent to customer.,Medium,Pending Customer,Phone,North America,27,Other,Enterprise,26,3,5,3.56,139.18,2022-08-01,2022-08-09,Yes,No,Linux,Safari,Credit Card,Spanish,Afternoon,4,Small Business,david.garcia52@icloud.com,,0
141060,John Rodriguez,john.rodriguez519@icloud.com,API Service,Data Sync Issue,There seems to be a discrepancy in my billing statement for this month.,We have reset the account credentials and advised the customer to retry login.,High,In Progress,Web Form,Australia,45,Female,Free,13,0,3,33.84,218.74,2023-05-23,2023-05-28,Yes,No,MacOS,Firefox,Debit Card,English,Night,2,Small Business,john.rodriguez519@icloud.com,,0
123294,Thomas Wilson,thomas.wilson848@icloud.com,Web Portal,Subscription Cancellation,The system is not syncing data across devices properly.,Explained billing breakdown and clarified applicable charges.,Urgent,Open,Chat,Europe,55,Female,Enterprise,53,6,5,27.38,79.37,2023-06-09,2023-06-17,No,No,MacOS,Unknown,Bank Transfer,English,Afternoon,2,Individual,thomas.wilson848@icloud.com,,0
40000,Susan Jackson,susan.jackson11@icloud.com,CRM Platform,Feature Request,Two-factor authentication codes are not being delivered to my phone.,Subscription status corrected and confirmation email sent to customer.,Medium,Pending Customer,Phone,Europe,71,Male,Premium,18,10,1,46.57,21.96,2024-10-05,2024-10-17,Yes,No,iOS,Safari,Credit Card,Chinese,Morning,6,Corporate,susan.jackson11@icloud.com,,0
9635,Linda Lopez,linda.lopez617@yahoo.com,CRM Platform,Refund Request,There seems to be a discrepancy in my billing statement for this month.,Provided step-by-step troubleshooting instructions and issue resolved.,Low,Resolved,Chat,Africa,32,Other,Free,44,8,1,22.01,100.7,2024-05-09,2024-05-11,Yes,No,MacOS,Safari,Debit Card,French,Night,6,Small Business,linda.lopez617@yahoo.com,,0
170199,Thomas Moore,thomas.moore456@hotmail.com,Cloud Storage,Payment Problem,I found a bug in the latest update affecting report generation.,The duplicate charge was reversed and refund processed within 3-5 business days.,Urgent,Pending Customer,Social Media,North America,71,Male,Free,36,4,1,48.02,218.8,2022-10-28,2022-11-09,No,Yes,iOS,Chrome,Bank Transfer,Japanese,Morning,9,Individual,thomas.moore456@hotmail.com,,0
59035,Sarah Miller,sarah.miller613@company.com,E-commerce Store,Login Issue,Two-factor authentication codes are not being delivered to my phone.,Provided step-by-step troubleshooting instructions and issue resolved.,High,Closed,Social Media,South America,49,Female,Basic,19,18,5,69.96,157.16,2024-02-24,2024-03-05,Yes,Yes,Linux,Edge,Credit Card,English,Afternoon,4,Corporate,sarah.miller613@company.com,,0
141995,Jennifer Lopez,jennifer.lopez470@hotmail.com,API Service,Feature Request,There seems to be a discrepancy in my billing statement for this month.,Provided step-by-step troubleshooting instructions and issue resolved.,Medium,Resolved,Web Form,South America,56,Other,Premium,50,8,3,11.29,213.77,2022-05-19,2022-05-24,Yes,No,Windows,Chrome,Bank Transfer,French,Morning,10,Individual,jennifer.lopez470@hotmail.com,,0
105700,Barbara Garcia,barbara.garcia285@hotmail.com,Cloud Storage,Bug Report,I am experiencing very slow performance while using the dashboard.,The duplicate charge was reversed and refund processed within 3-5 business days.,Medium,Open,Phone,Africa,64,Other,Premium,48,12,1,69.2,64.35,2022-09-01,2022-09-15,Yes,No,Linux,Unknown,Crypto,Spanish,Night,2,Small Business,barbara.garcia285@hotmail.com,,0
192560,Patricia Thomas,patricia.thomas172@company.com,Subscription Service,Login Issue,I am unable to access my account after entering the correct credentials.,We have reset the account credentials and advised the customer to retry login.,Urgent,Open,Chat,North America,35,Male,Basic,28,4,1,35.31,9.37,2022-09-06,2022-09-09,Yes,Yes,Linux,Firefox,Bank Transfer,Chinese,Evening,5,Corporate,patricia.thomas172@company.com,,0
3033,Mary Lopez,mary.lopez560@yahoo.com,Mobile App,Refund Request,The system is not syncing data across devices properly.,The issue was escalated to engineering and resolved in the latest patch.,High,Pending Customer,Chat,South America,19,Male,Premium,18,4,1,7.16,172.54,2022-04-14,2022-04-21,No,No,MacOS,Edge,PayPal,Spanish,Night,9,Corporate,mary.lopez560@yahoo.com,,0
90478,James Miller,james.miller839@hotmail.com,Payment Gateway,Payment Problem,Two-factor authentication codes are not being delivered to my phone.,We have reset the account credentials and advised the customer to retry login.,Low,Closed,Web Form,Africa,28,Other,Enterprise,42,12,5,45.27,216.75,2024-11-25,2024-11-29,Yes,Yes,iOS,Unknown,Bank Transfer,French,Night,5,Corporate,james.miller839@hotmail.com,,0
113567,Jennifer Davis,jennifer.davis281@yahoo.com,Billing System,Feature Request,The payment was deducted from my bank account but the transaction shows failed.,Data synchronization restored after backend service restart.,Low,Closed,Email,South America,23,Other,Premium,32,20,1,20.22,8.7,2024-03-25,2024-03-29,Yes,No,iOS,Chrome,Credit Card,English,Morning,5,Small Business,jennifer.davis281@yahoo.com,,0
140049,Susan Jones,susan.jones17@outlook.com,API Service,Data Sync Issue,The system is not syncing data across devices properly.,Explained billing breakdown and clarified applicable charges.,Medium,Closed,Email,Asia,51,Male,Enterprise,56,15,4,62.95,81.52,2023-01-11,2023-01-13,No,No,MacOS,Unknown,Crypto,Japanese,Evening,9,Individual,susan.jones17@outlook.com,,0
73899,Jennifer Rodriguez,jennifer.rodriguez303@outlook.com,CRM Platform,Login Issue,The application crashes whenever I try to upload a file.,Explained billing breakdown and clarified applicable charges.,High,Pending Customer,Phone,Australia,39,Female,Enterprise,24,5,4,21.89,6.97,2022-11-30,2022-12-02,Yes,No,MacOS,Unknown,Bank Transfer,German,Morning,10,Individual,jennifer.rodriguez303@outlook.com,,0
77853,Patricia Martin,patricia.martin228@company.com,Web Portal,Login Issue,I would like to request a refund for the recent charge.,Payment gateway timeout issue fixed and monitoring implemented.,High,Open,Web Form,Asia,41,Female,Premium,33,18,3,45.83,3.79,2024-10-04,2024-10-10,No,No,iOS,Safari,Credit Card,French,Night,3,Small Business,patricia.martin228@company.com,,0
17603,Robert Taylor,robert.taylor927@yahoo.com,CRM Platform,Performance Issue,My subscription was cancelled without my request and I need clarification.,Bug logged internally and workaround shared with the customer.,Urgent,In Progress,Chat,Europe,73,Other,Premium,25,16,4,49.75,221.88,2022-10-21,2022-11-01,Yes,No,Windows,Unknown,Credit Card,Chinese,Afternoon,10,Corporate,robert.taylor927@yahoo.com,,0
22821,John Williams,john.williams605@icloud.com,Cloud Storage,Account Suspension,I am experiencing very slow performance while using the dashboard.,The issue was escalated to engineering and resolved in the latest patch.,Medium,Open,Chat,Asia,52,Other,Free,15,4,2,1.98,30.01,2023-04-09,2023-04-11,Yes,No,MacOS,Safari,Credit Card,English,Afternoon,4,Individual,john.williams605@icloud.com,,0
86677,Joseph Miller,joseph.miller228@hotmail.com,Payment Gateway,Bug Report,I would like to request a refund for the recent charge.,The issue was escalated to engineering and resolved in the latest patch.,Low,Closed,Chat,Asia,31,Male,Basic,46,19,1,27.4,133.13,2024-05-10,2024-05-17,No,No,Android,Unknown,Credit Card,Japanese,Afternoon,7,Individual,joseph.miller228@hotmail.com,,0
48473,Barbara Gonzalez,barbara.gonzalez465@icloud.com,CRM Platform,Security Concern,My subscription was cancelled without my request and I need clarification.,The duplicate charge was reversed and refund processed within 3-5 business days.,Urgent,Closed,Phone,Europe,59,Female,Premium,43,18,2,31.54,41.34,2022-09-11,2022-09-16,Yes,No,Android,Edge,Debit Card,German,Evening,4,Individual,barbara.gonzalez465@icloud.com,,0
117661,Patricia Davis,patricia.davis875@hotmail.com,Analytics Dashboard,Bug Report,I would like to request a refund for the recent charge.,Explained billing breakdown and clarified applicable charges.,Urgent,Closed,Phone,Europe,23,Other,Basic,3,14,4,47.7,162.8,2022-02-14,2022-02-15,No,Yes,Linux,Edge,Crypto,English,Evening,9,Small Business,patricia.davis875@hotmail.com,,0
101440,Mary Brown,mary.brown860@yahoo.com,Web Portal,Feature Request,I would like to request a refund for the recent charge.,Payment gateway timeout issue fixed and monitoring implemented.,High,Resolved,Phone,Asia,18,Other,Enterprise,24,2,5,43.1,95.87,2023-12-13,2023-12-24,No,Yes,MacOS,Unknown,Credit Card,Chinese,Evening,8,Corporate,mary.brown860@yahoo.com,2022-12-25,0
15523,Susan Smith,susan.smith978@icloud.com,Web Portal,Feature Request,Two-factor authentication codes are not being delivered to my phone.,Provided step-by-step troubleshooting instructions and issue resolved.,Low,In Progress,Chat,South America,64,Other,Basic,28,7,5,50.53,108.06,2022-07-19,2022-07-21,No,No,Android,Firefox,Debit Card,English,Evening,10,Corporate,susan.smith978@icloud.com,,0
74763,Michael Garcia,michael.garcia732@hotmail.com,API Service,Payment Problem,I am unable to access my account after entering the correct credentials.,Subscription status corrected and confirmation email sent to customer.,High,Open,Phone,Asia,37,Male,Free,29,18,1,66.4,31.58,2022-12-10,2022-12-14,No,Yes,Windows,Unknown,Debit Card,Japanese,Afternoon,8,Corporate,michael.garcia732@hotmail.com,,0
147307,John Miller,john.miller456@gmail.com,CRM Platform,Feature Request,Two-factor authentication codes are not being delivered to my phone.,Explained billing breakdown and clarified applicable charges.,Urgent,Open,Web Form,North America,72,Female,Basic,7,5,2,42.49,158.42,2023-09-28,2023-10-12,Yes,Yes,MacOS,Chrome,Credit Card,French,Night,7,Corporate,john.miller456@gmail.com,,0
87182,Charles Williams,charles.williams267@gmail.com,CRM Platform,Security Concern,The payment was deducted from my bank account but the transaction shows failed.,The duplicate charge was reversed and refund processed within 3-5 business days.,Low,Open,Phone,North America,48,Other,Free,37,20,1,25.18,153.65,2023-04-12,2023-04-16,No,Yes,Windows,Firefox,Credit Card,French,Morning,9,Small Business,charles.williams267@gmail.com,,0
131542,James Miller,james.miller653@gmail.com,Analytics Dashboard,Account Suspension,The system is not syncing data across devices properly.,The duplicate charge was reversed and refund processed within 3-5 business days.,High,Closed,Chat,Africa,61,Male,Basic,44,2,4,8.12,127.25,2022-09-18,2022-09-27,Yes,No,Android,Edge,Bank Transfer,German,Afternoon,10,Corporate,james.miller653@gmail.com,,0
182968,Richard Miller,richard.miller539@gmail.com,Billing System,Payment Problem,The application crashes whenever I try to upload a file.,Explained billing breakdown and clarified applicable charges.,High,In Progress,Email,South America,46,Other,Premium,10,7,3,47.92,181.79,2023-10-13,2023-10-15,No,Yes,Windows,Firefox,Debit Card,German,Night,4,Corporate,richard.miller539@gmail.com,,0
105539,James Jones,james.jones150@yahoo.com,Web Portal,Data Sync Issue,I am unable to access my account after entering the correct credentials.,Provided step-by-step troubleshooting instructions and issue resolved.,Urgent,In Progress,Phone,North America,18,Male,Basic,55,18,2,25.69,235.99,2023-05-18,2023-05-30,No,Yes,Windows,Unknown,Bank Transfer,French,Night,6,Individual,james.jones150@yahoo.com,,0
82351,Barbara Martinez,barbara.martinez148@gmail.com,Payment Gateway,Feature Request,Two-factor authentication codes are not being delivered to my phone.,Subscription status corrected and confirmation email sent to customer.,Medium,Pending Customer,Web Form,Asia,72,Other,Enterprise,23,15,4,49.04,32.16,2024-04-10,2024-04-21,No,Yes,Windows,Firefox,Bank Transfer,English,Morning,8,Small Business,barbara.martinez148@gmail.com,,0
77280,Michael Gonzalez,michael.gonzalez233@icloud.com,Payment Gateway,Subscription Cancellation,There seems to be a discrepancy in my billing statement for this month.,The issue was escalated to engineering and resolved in the latest patch.,Urgent,In Progress,Phone,Africa,23,Female,Enterprise,33,19,4,25.87,132.75,2024-07-06,2024-07-18,Yes,Yes,MacOS,Edge,Bank Transfer,French,Morning,8,Individual,michael.gonzalez233@icloud.com,,0
100733,Linda Wilson,linda.wilson405@outlook.com,CRM Platform,Account Suspension,Two-factor authentication codes are not being delivered to my phone.,Payment gateway timeout issue fixed and monitoring implemented.,Urgent,Pending Customer,Web Form,Africa,32,Male,Free,16,4,2,71.12,236.65,2024-12-08,2024-12-08,No,Yes,Linux,Unknown,Crypto,Chinese,Morning,8,Small Business,linda.wilson405@outlook.com,,0
150711,Elizabeth Jackson,elizabeth.jackson852@company.com,Web Portal,Performance Issue,My subscription was cancelled without my request and I need clarification.,Payment gateway timeout issue fixed and monitoring implemented.,Urgent,Pending Customer,Web Form,South America,38,Other,Free,14,19,1,41.15,203.21,2023-09-02,2023-09-07,No,Yes,Windows,Safari,Credit Card,German,Evening,10,Individual,elizabeth.jackson852@company.com,,0
42148,Linda Rodriguez,linda.rodriguez57@yahoo.com,Payment Gateway,Refund Request,I would like to request a refund for the recent charge.,Payment gateway timeout issue fixed and monitoring implemented.,Medium,Resolved,Email,Europe,46,Male,Basic,43,16,1,35.55,120.02,2022-08-24,2022-09-03,No,No,Android,Chrome,Bank Transfer,English,Afternoon,7,Small Business,linda.rodriguez57@yahoo.com,,0
128444,David Taylor,david.taylor25@yahoo.com,Mobile App,Security Concern,The application crashes whenever I try to upload a file.,Bug logged internally and workaround shared with the customer.,Medium,In Progress,Social Media,Australia,51,Male,Enterprise,17,16,4,21.14,230.31,2023-03-10,2023-03-12,No,Yes,Android,Unknown,Crypto,Spanish,Morning,1,Individual,david.taylor25@yahoo.com,,0
97838,Michael Garcia,michael.garcia915@gmail.com,E-commerce Store,Feature Request,I would like to request a refund for the recent charge.,We have reset the account credentials and advised the customer to retry login.,Medium,Resolved,Social Media,North America,26,Other,Basic,23,2,5,52.86,173.08,2022-11-27,2022-12-10,No,Yes,MacOS,Firefox,Bank Transfer,Japanese,Afternoon,9,Small Business,michael.garcia915@gmail.com,,0
81730,William Johnson,william.johnson866@hotmail.com,E-commerce Store,Payment Problem,There seems to be a discrepancy in my billing statement for this month.,Security settings updated and customer notified of precautionary measures.,High,In Progress,Web Form,Africa,75,Female,Premium,58,19,1,43.3,231.99,2022-02-20,2022-02-25,No,No,Linux,Chrome,Bank Transfer,Spanish,Morning,9,Corporate,william.johnson866@hotmail.com,,0
188675,Robert Davis,robert.davis858@gmail.com,Web Portal,Feature Request,The application crashes whenever I try to upload a file.,Explained billing breakdown and clarified applicable charges.,Low,Resolved,Social Media,Asia,36,Male,Enterprise,14,4,1,29.24,18.2,2022-09-03,2022-09-16,No,Yes,iOS,Firefox,Crypto,French,Night,1,Corporate,robert.davis858@gmail.com,,0
32516,Linda Moore,linda.moore139@yahoo.com,Billing System,Refund Request,There seems to be a discrepancy in my billing statement for this month.,Bug logged internally and workaround shared with the customer.,Low,Resolved,Web Form,Europe,44,Other,Enterprise,46,18,4,60.88,140.78,2024-06-14,2024-06-25,No,No,Windows,Chrome,Bank Transfer,French,Evening,4,Individual,linda.moore139@yahoo.com,2023-08-15,0
156267,Elizabeth Davis,elizabeth.davis209@yahoo.com,E-commerce Store,Payment Problem,There seems to be a discrepancy in my billing statement for this month.,Data synchronization restored after backend service restart.,Urgent,Pending Customer,Web Form,South America,52,Other,Basic,20,14,3,27.6,190.33,2023-03-28,2023-04-10,Yes,No,Windows,Firefox,PayPal,Chinese,Evening,8,Corporate,elizabeth.davis209@yahoo.com,,0
148054,Richard Miller,richard.miller439@company.com,Web Portal,Security Concern,The system is not syncing data across devices properly.,The duplicate charge was reversed and refund processed within 3-5 business days.,Low,Pending Customer,Phone,Europe,21,Male,Enterprise,43,20,1,43.08,135.54,2022-05-05,2022-05-14,No,No,Windows,Firefox,Debit Card,Chinese,Morning,7,Small Business,richard.miller439@company.com,,0
146359,Patricia Martin,patricia.martin773@company.com,Mobile App,Bug Report,I would like to request a refund for the recent charge.,We have reset the account credentials and advised the customer to retry login.,Low,Pending Customer,Chat,Asia,51,Female,Enterprise,57,11,2,8.92,170.55,2024-03-24,2024-03-24,Yes,No,Android,Firefox,Crypto,French,Night,7,Corporate,patricia.martin773@company.com,,0
22955,Charles Garcia,charles.garcia852@icloud.com,Payment Gateway,Feature Request,I am unable to access my account after entering the correct credentials.,Explained billing breakdown and clarified applicable charges.,Low,In Progress,Social Media,Africa,43,Male,Basic,52,10,3,35.36,11.56,2022-03-08,2022-03-16,Yes,No,Linux,Firefox,Debit Card,Chinese,Night,9,Individual,charles.garcia852@icloud.com,,0
151640,Jessica Garcia,jessica.garcia401@icloud.com,Web Portal,Bug Report,The payment was deducted from my bank account but the transaction shows failed.,Bug logged internally and workaround shared with the customer.,High,Open,Chat,Africa,43,Other,Basic,40,16,5,34.35,59.81,2022-12-19,2022-12-26,Yes,No,Linux,Chrome,Debit Card,Chinese,Evening,1,Small Business,jessica.garcia401@icloud.com,,0
191220,James Anderson,james.anderson486@gmail.com,Cloud Storage,Subscription Cancellation,The payment was deducted from my bank account but the transaction shows failed.,Payment gateway timeout issue fixed and monitoring implemented.,Medium,In Progress,Phone,Africa,37,Other,Basic,18,20,5,30.22,239.44,2023-01-20,2023-02-02,Yes,Yes,MacOS,Unknown,Debit Card,Spanish,Night,4,Corporate,james.anderson486@gmail.com,,0
121920,Richard Smith,richard.smith587@icloud.com,E-commerce Store,Login Issue,The payment was deducted from my bank account but the transaction shows failed.,Payment gateway timeout issue fixed and monitoring implemented.,Medium,Pending Customer,Web Form,Europe,25,Other,Basic,42,0,3,16.97,109.84,2024-01-08,2024-01-22,No,No,Android,Safari,Debit Card,German,Afternoon,9,Small Business,richard.smith587@icloud.com,,0
188225,Jessica Williams,jessica.williams564@gmail.com,Subscription Service,Login Issue,I found a bug in the latest update affecting report generation.,Security settings updated and customer notified of precautionary measures.,Low,Pending Customer,Phone,Asia,72,Other,Free,21,7,5,59.77,184.38,2024-10-19,2024-11-02,No,Yes,Android,Firefox,Bank Transfer,Japanese,Afternoon,5,Small Business,jessica.williams564@gmail.com,,0
108163,Charles Hernandez,charles.hernandez806@company.com,Web Portal,Bug Report,I found a bug in the latest update affecting report generation.,Explained billing breakdown and clarified applicable charges.,High,Pending Customer,Social Media,North America,33,Other,Enterprise,39,4,2,0.73,90.92,2022-05-22,2022-05-25,No,Yes,Windows,Edge,Credit Card,Spanish,Evening,6,Small Business,charles.hernandez806@company.com,,0
164817,Richard Hernandez,richard.hernandez682@yahoo.com,Billing System,Performance Issue,I would like to request a refund for the recent charge.,We have reset the account credentials and advised the customer to retry login.,Medium,Open,Phone,Asia,60,Other,Basic,23,17,1,2.11,31.59,2022-11-14,2022-11-14,No,Yes,iOS,Edge,Crypto,German,Night,9,Small Business,richard.hernandez682@yahoo.com,,0
109344,Jessica Moore,jessica.moore35@outlook.com,Billing System,Login Issue,The system is not syncing data across devices properly.,Subscription status corrected and confirmation email sent to customer.,Low,Closed,Social Media,Europe,61,Other,Premium,58,13,2,28.56,77.09,2022-02-02,2022-02-12,Yes,No,Android,Edge,Crypto,French,Afternoon,2,Small Business,jessica.moore35@outlook.com,,0
183851,Joseph Jackson,joseph.jackson105@company.com,E-commerce Store,Refund Request,I would like to request a refund for the recent charge.,Explained billing breakdown and clarified applicable charges.,Urgent,Open,Web Form,Australia,60,Other,Premium,57,2,5,54.86,71.4,2023-06-09,2023-06-23,Yes,No,Windows,Edge,Bank Transfer,French,Afternoon,10,Small Business,joseph.jackson105@company.com,,0
186004,Robert Brown,robert.brown239@gmail.com,CRM Platform,Account Suspension,The payment was deducted from my bank account but the transaction shows failed.,Subscription status corrected and confirmation email sent to customer.,Medium,Open,Web Form,South America,59,Male,Basic,38,16,3,10.71,98.67,2023-03-18,2023-03-27,No,Yes,iOS,Firefox,Debit Card,Spanish,Evening,6,Corporate,robert.brown239@gmail.com,,0
100110,Joseph Jackson,joseph.jackson52@outlook.com,API Service,Security Concern,The payment was deducted from my bank account but the transaction shows failed.,The duplicate charge was reversed and refund processed within 3-5 business days.,Low,Pending Customer,Chat,North America,37,Other,Free,22,18,1,46.83,101.48,2023-03-10,2023-03-20,Yes,No,MacOS,Unknown,Debit Card,English,Morning,5,Individual,joseph.jackson52@outlook.com,,0
198017,Jennifer Jones,jennifer.jones768@outlook.com,Payment Gateway,Subscription Cancellation,The application crashes whenever I try to upload a file.,Explained billing breakdown and clarified applicable charges.,High,Resolved,Email,Australia,20,Female,Premium,11,10,1,65.69,156.47,2023-04-13,2023-04-27,Yes,No,Windows,Edge,PayPal,German,Night,4,Small Business,jennifer.jones768@outlook.com,,0
182484,David Thomas,david.thomas762@gmail.com,Billing System,Performance Issue,There seems to be a discrepancy in my billing statement for this month.,Subscription status corrected and confirmation email sent to customer.,Low,Pending Customer,Web Form,Australia,67,Other,Premium,59,17,5,70.59,190.51,2023-06-06,2023-06-16,Yes,No,Linux,Firefox,Crypto,Japanese,Evening,2,Small Business,david.thomas762@gmail.com,,0
171554,Patricia Martinez,patricia.martinez199@yahoo.com,Payment Gateway,Account Suspension,I found a bug in the latest update affecting report generation.,Subscription status corrected and confirmation email sent to customer.,High,Pending Customer,Chat,South America,64,Female,Basic,6,9,2,62.2,169.64,2023-05-01,2023-05-06,No,No,Android,Unknown,Debit Card,German,Morning,4,Individual,patricia.martinez199@yahoo.com,,0
190417,Michael Thomas,michael.thomas844@hotmail.com,Web Portal,Bug Report,I found a bug in the latest update affecting report generation.,We have reset the account credentials and advised the customer to retry login.,Low,Closed,Email,South America,50,Other,Free,18,7,2,33.16,77.43,2022-09-19,2022-09-19,No,No,Linux,Edge,Bank Transfer,Japanese,Evening,6,Small Business,michael.thomas844@hotmail.com,,0
167556,Jessica Garcia,jessica.garcia796@gmail.com,E-commerce Store,Performance Issue,I would like to request a refund for the recent charge.,The duplicate charge was reversed and refund processed within 3-5 business days.,Medium,Closed,Web Form,North America,75,Male,Enterprise,7,17,4,4.83,81.52,2023-10-15,2023-10-19,Yes,No,Android,Chrome,Credit Card,Japanese,Morning,6,Corporate,jessica.garcia796@gmail.com,,0
48471,Jessica Hernandez,jessica.hernandez485@hotmail.com,Billing System,Bug Report,Two-factor authentication codes are not being delivered to my phone.,We have reset the account credentials and advised the customer to retry login.,Urgent,Resolved,Social Media,Africa,51,Female,Basic,22,3,3,50.95,61.21,2022-12-02,2022-12-14,Yes,No,iOS,Safari,Crypto,French,Night,6,Individual,jessica.hernandez485@hotmail.com,,0
84110,Richard Wilson,richard.wilson861@icloud.com,E-commerce Store,Account Suspension,The application crashes whenever I try to upload a file.,Bug logged internally and workaround shared with the customer.,High,Resolved,Phone,Europe,75,Male,Enterprise,47,18,1,24.79,216.06,2023-06-29,2023-07-13,Yes,No,iOS,Edge,Crypto,German,Afternoon,2,Individual,richard.wilson861@icloud.com,,0
87646,Patricia Williams,patricia.williams942@outlook.com,Payment Gateway,Performance Issue,The payment was deducted from my bank account but the transaction shows failed.,The issue was escalated to engineering and resolved in the latest patch.,Low,Resolved,Social Media,North America,72,Other,Premium,31,10,4,13.91,2.8,2022-07-20,2022-07-24,No,Yes,Windows,Chrome,PayPal,Spanish,Morning,5,Small Business,patricia.williams942@outlook.com,2022-05-29,0
55789,Susan Garcia,susan.garcia70@gmail.com,Payment Gateway,Payment Problem,The application crashes whenever I try to upload a file.,Security settings updated and customer notified of precautionary measures.,Medium,Closed,Web Form,Europe,59,Male,Basic,17,14,1,6.54,22.6,2024-08-16,2024-08-19,No,Yes,iOS,Firefox,Crypto,Japanese,Morning,1,Individual,susan.garcia70@gmail.com,,0
128312,Sarah Anderson,sarah.anderson505@yahoo.com,Cloud Storage,Refund Request,My subscription was cancelled without my request and I need clarification.,Subscription status corrected and confirmation email sent to customer.,Urgent,Pending Customer,Email,Europe,47,Male,Basic,24,18,4,40.0,29.64,2024-11-01,2024-11-01,No,No,Windows,Edge,Credit Card,French,Morning,4,Individual,sarah.anderson505@yahoo.com,,0
42578,Thomas Lopez,thomas.lopez759@gmail.com,CRM Platform,Security Concern,I found a bug in the latest update affecting report generation.,Subscription status corrected and confirmation email sent to customer.,Low,In Progress,Phone,Europe,35,Other,Premium,33,0,1,53.47,212.47,2023-03-07,2023-03-13,No,Yes,Android,Safari,Bank Transfer,Spanish,Night,8,Small Business,thomas.lopez759@gmail.com,,0
177686,Susan Jackson,susan.jackson910@hotmail.com,API Service,Payment Problem,I would like to request a refund for the recent charge.,Subscription status corrected and confirmation email sent to customer.,Low,Resolved,Phone,Australia,30,Female,Premium,44,12,5,38.07,58.0,2024-11-11,2024-11-18,No,No,Windows,Firefox,Debit Card,Chinese,Afternoon,7,Individual,susan.jackson910@hotmail.com,,0
101560,Karen Williams,karen.williams621@outlook.com,Mobile App,Refund Request,The application crashes whenever I try to upload a file.,The issue was escalated to engineering and resolved in the latest patch.,High,Open,Chat,Europe,59,Female,Premium,44,6,5,3.38,74.56,2022-07-09,2022-07-22,No,Yes,Linux,Unknown,Debit Card,Spanish,Morning,3,Individual,karen.williams621@outlook.com,,0
33224,Michael Johnson,michael.johnson169@yahoo.com,Web Portal,Performance Issue,The system is not syncing data across devices properly.,Security settings updated and customer notified of precautionary measures.,Low,Closed,Web Form,South America,49,Other,Free,57,2,5,6.79,233.12,2023-10-29,2023-10-29,No,No,iOS,Edge,Bank Transfer,Japanese,Evening,7,Individual,michael.johnson169@yahoo.com,,0
42461,Linda Martin,linda.martin112@company.com,Mobile App,Performance Issue,I found a bug in the latest update affecting report generation.,The duplicate charge was reversed and refund processed within 3-5 business days.,Medium,Resolved,Email,South America,26,Other,Premium,15,6,2,42.84,9.67,2022-01-12,2022-01-26,Yes,Yes,iOS,Unknown,Bank Transfer,French,Morning,2,Small Business,linda.martin112@company.com,,0
36442,Jennifer Jones,jennifer.jones729@outlook.com,Subscription Service,Security Concern,The payment was deducted from my bank account but the transaction shows failed.,Subscription status corrected and confirmation email sent to customer.,High,Pending Customer,Social Media,Africa,31,Male,Enterprise,10,0,5,4.15,36.79,2023-02-20,2023-02-20,Yes,Yes,MacOS,Chrome,Bank Transfer,German,Morning,10,Corporate,jennifer.jones729@outlook.com,,0
141586,Susan Garcia,susan.garcia805@hotmail.com,E-commerce Store,Refund Request,My subscription was cancelled without my request and I need clarification.,Explained billing breakdown and clarified applicable charges.,Urgent,Open,Web Form,Australia,34,Other,Basic,28,5,3,39.24,46.51,2024-08-07,2024-08-16,No,Yes,Linux,Edge,Crypto,Chinese,Night,10,Corporate,susan.garcia805@hotmail.com,2024-01-28,0
104807,Susan Thomas,susan.thomas852@gmail.com,Billing System,Data Sync Issue,There seems to be a discrepancy in my billing statement for this month.,Payment gateway timeout issue fixed and monitoring implemented.,Medium,Pending Customer,Email,North America,21,Other,Free,38,11,2,13.36,55.01,2023-10-17,2023-10-31,No,Yes,Android,Unknown,Bank Transfer,French,Afternoon,1,Individual,susan.thomas852@gmail.com,2022-01-22,0
83556,Jessica Miller,jessica.miller284@yahoo.com,Subscription Service,Feature Request,Two-factor authentication codes are not being delivered to my phone.,Payment gateway timeout issue fixed and monitoring implemented.,Low,Resolved,Web Form,Australia,66,Female,Premium,58,12,3,62.26,222.06,2023-01-28,2023-02-06,No,No,iOS,Safari,Bank Transfer,Spanish,Night,2,Small Business,jessica.miller284@yahoo.com,,0
28798,Sarah Rodriguez,sarah.rodriguez467@yahoo.com,Subscription Service,Account Suspension,My subscription was cancelled without my request and I need clarification.,The duplicate charge was reversed and refund processed within 3-5 business days.,Urgent,Open,Email,Africa,71,Other,Enterprise,17,18,3,40.61,202.76,2022-04-23,2022-04-29,No,No,MacOS,Unknown,Debit Card,English,Afternoon,5,Corporate,sarah.rodriguez467@yahoo.com,,0
54274,James Hernandez,james.hernandez363@company.com,Subscription Service,Subscription Cancellation,The application crashes whenever I try to upload a file.,Subscription status corrected and confirmation email sent to customer.,Medium,Resolved,Web Form,Asia,69,Female,Basic,27,20,5,54.67,39.24,2023-01-23,2023-01-29,No,Yes,MacOS,Safari,Bank Transfer,French,Evening,5,Corporate,james.hernandez363@company.com,,0
106040,Jessica Thomas,jessica.thomas78@yahoo.com,Cloud Storage,Account Suspension,Two-factor authentication codes are not being delivered to my phone.,The issue was escalated to engineering and resolved in the latest patch.,Medium,Open,Social Media,Asia,51,Female,Premium,55,1,2,49.68,85.62,2022-06-14,2022-06-18,No,Yes,Windows,Safari,Credit Card,Spanish,Evening,9,Small Business,jessica.thomas78@yahoo.com,,0
51884,Jessica Hernandez,jessica.hernandez572@outlook.com,Analytics Dashboard,Account Suspension,I would like to request a refund for the recent charge.,Bug logged internally and workaround shared with the customer.,Urgent,Pending Customer,Email,South America,72,Male,Basic,29,2,4,54.05,127.07,2023-11-12,2023-11-24,Yes,No,Windows,Edge,Debit Card,German,Night,6,Individual,jessica.hernandez572@outlook.com,,0
95185,William Gonzalez,william.gonzalez60@icloud.com,API Service,Subscription Cancellation,The payment was deducted from my bank account but the transaction shows failed.,The duplicate charge was reversed and refund processed within 3-5 business days.,Low,Resolved,Chat,Africa,62,Other,Premium,17,5,5,3.11,70.37,2022-09-06,2022-09-08,Yes,Yes,iOS,Chrome,Crypto,Japanese,Afternoon,10,Corporate,william.gonzalez60@icloud.com,,0
14458,Michael Martin,michael.martin995@icloud.com,Billing System,Refund Request,There seems to be a discrepancy in my billing statement for this month.,Payment gateway timeout issue fixed and monitoring implemented.,Low,In Progress,Web Form,South America,31,Female,Basic,4,7,2,6.79,212.5,2022-05-04,2022-05-04,Yes,Yes,iOS,Firefox,Crypto,English,Evening,2,Individual,michael.martin995@icloud.com,,0
14992,James Lopez,james.lopez550@company.com,E-commerce Store,Refund Request,I found a bug in the latest update affecting report generation.,The duplicate charge was reversed and refund processed within 3-5 business days.,Medium,In Progress,Chat,Asia,39,Female,Free,33,15,1,61.3,87.65,2024-06-03,2024-06-07,Yes,Yes,iOS,Chrome,Debit Card,German,Evening,5,Corporate,james.lopez550@company.com,,0
120103,Linda Smith,linda.smith947@hotmail.com,Billing System,Data Sync Issue,The payment was deducted from my bank account but the transaction shows failed.,We have reset the account credentials and advised the customer to retry login.,Low,In Progress,Web Form,Australia,24,Female,Enterprise,57,7,3,40.29,31.32,2023-02-19,2023-02-24,Yes,No,Linux,Chrome,PayPal,French,Night,4,Corporate,linda.smith947@hotmail.com,,0
183433,Jessica Martin,jessica.martin202@outlook.com,Analytics Dashboard,Refund Request,The system is not syncing data across devices properly.,Provided step-by-step troubleshooting instructions and issue resolved.,Urgent,Pending Customer,Chat,South America,48,Female,Basic,60,5,2,57.8,143.17,2022-12-19,2022-12-30,Yes,Yes,iOS,Unknown,Crypto,Japanese,Morning,10,Small Business,jessica.martin202@outlook.com,,0
187144,Mary Jones,mary.jones957@company.com,Cloud Storage,Data Sync Issue,The payment was deducted from my bank account but the transaction shows failed.,The duplicate charge was reversed and refund processed within 3-5 business days.,Low,Resolved,Email,North America,60,Male,Premium,10,7,4,20.73,108.19,2024-11-05,2024-11-07,Yes,Yes,Linux,Edge,Bank Transfer,Chinese,Evening,8,Individual,mary.jones957@company.com,,0
9940,Barbara Taylor,barbara.taylor457@company.com,Analytics Dashboard,Subscription Cancellation,There seems to be a discrepancy in my billing statement for this month.,Payment gateway timeout issue fixed and monitoring implemented.,Urgent,Open,Chat,Europe,37,Other,Free,40,4,4,69.49,13.42,2023-04-23,2023-04-30,Yes,Yes,Android,Unknown,PayPal,Spanish,Afternoon,7,Corporate,barbara.taylor457@company.com,2022-06-28,0
118561,Robert Rodriguez,robert.rodriguez22@yahoo.com,Cloud Storage,Bug Report,I am experiencing very slow performance while using the dashboard.,We have reset the account credentials and advised the customer to retry login.,Medium,Pending Customer,Email,Africa,56,Male,Free,7,12,3,50.04,140.75,2024-01-09,2024-01-23,No,Yes,Linux,Safari,Debit Card,Japanese,Evening,4,Corporate,robert.rodriguez22@yahoo.com,,0
128008,Charles Davis,charles.davis520@gmail.com,Payment Gateway,Account Suspension,I am unable to access my account after entering the correct credentials.,The duplicate charge was reversed and refund processed within 3-5 business days.,Urgent,Pending Customer,Chat,Africa,52,Female,Enterprise,18,12,2,38.75,28.72,2023-10-18,2023-10-27,No,Yes,Android,Safari,Credit Card,French,Night,5,Individual,charles.davis520@gmail.com,,0
198369,Jessica Garcia,jessica.garcia128@outlook.com,Web Portal,Bug Report,The payment was deducted from my bank account but the transaction shows failed.,Security settings updated and customer notified of precautionary measures.,High,Open,Web Form,Europe,35,Female,Basic,35,6,5,52.62,37.05,2024-08-16,2024-08-30,Yes,Yes,MacOS,Safari,PayPal,Spanish,Morning,9,Corporate,jessica.garcia128@outlook.com,,0
95556,Robert Hernandez,robert.hernandez721@company.com,Web Portal,Bug Report,There seems to be a discrepancy in my billing statement for this month.,Subscription status corrected and confirmation email sent to customer.,Low,Resolved,Web Form,Africa,28,Male,Free,10,4,3,65.65,27.18,2022-09-04,2022-09-07,Yes,No,Windows,Firefox,PayPal,Japanese,Night,10,Individual,robert.hernandez721@company.com,,0
18466,Elizabeth Jackson,elizabeth.jackson684@hotmail.com,Billing System,Payment Problem,I am unable to access my account after entering the correct credentials.,Explained billing breakdown and clarified applicable charges.,Urgent,Pending Customer,Email,South America,70,Other,Free,50,11,1,67.52,57.26,2024-02-05,2024-02-10,No,No,MacOS,Firefox,Credit Card,Spanish,Afternoon,2,Individual,elizabeth.jackson684@hotmail.com,,0
48838,David Jackson,david.jackson364@yahoo.com,CRM Platform,Bug Report,I found a bug in the latest update affecting report generation.,Payment gateway timeout issue fixed and monitoring implemented.,Low,Resolved,Phone,Africa,53,Other,Premium,35,12,2,48.86,86.78,2023-01-14,2023-01-16,Yes,No,iOS,Chrome,Bank Transfer,French,Evening,3,Individual,david.jackson364@yahoo.com,,0
22080,Barbara Anderson,barbara.anderson106@hotmail.com,API Service,Data Sync Issue,The payment was deducted from my bank account but the transaction shows failed.,Subscription status corrected and confirmation email sent to customer.,Medium,Closed,Social Media,Africa,27,Other,Free,42,18,2,11.18,216.25,2024-09-05,2024-09-05,Yes,Yes,Windows,Unknown,PayPal,French,Morning,6,Corporate,barbara.anderson106@hotmail.com,,0
198979,Jessica Anderson,jessica.anderson655@company.com,Mobile App,Account Suspension,The system is not syncing data across devices properly.,Payment gateway timeout issue fixed and monitoring implemented.,High,Closed,Email,South America,64,Male,Free,36,18,5,35.88,173.67,2023-12-27,2023-12-30,No,Yes,Linux,Safari,Bank Transfer,German,Evening,6,Individual,jessica.anderson655@company.com,2023-10-21,0
14501,William Smith,william.smith885@gmail.com,API Service,Security Concern,The payment was deducted from my bank account but the transaction shows failed.,Provided step-by-step troubleshooting instructions and issue resolved.,Urgent,In Progress,Chat,Australia,70,Female,Free,34,13,5,41.61,170.88,2023-09-05,2023-09-10,No,Yes,iOS,Safari,PayPal,Spanish,Morning,5,Corporate,william.smith885@gmail.com,,0
70613,Mary Martinez,mary.martinez697@outlook.com,API Service,Login Issue,The application crashes whenever I try to upload a file.,Security settings updated and customer notified of precautionary measures.,Low,Open,Chat,South America,61,Other,Free,22,18,1,37.51,235.85,2023-01-14,2023-01-15,Yes,Yes,Android,Edge,PayPal,English,Morning,4,Small Business,mary.martinez697@outlook.com,,0
180848,Michael Lopez,michael.lopez735@icloud.com,Payment Gateway,Refund Request,My subscription was cancelled without my request and I need clarification.,Explained billing breakdown and clarified applicable charges.,Urgent,Resolved,Phone,Asia,54,Male,Free,35,5,4,53.62,97.01,2023-11-21,2023-11-26,No,Yes,Linux,Firefox,Credit Card,French,Evening,7,Corporate,michael.lopez735@icloud.com,,0
197066,William Gonzalez,william.gonzalez325@outlook.com,Cloud Storage,Login Issue,I am unable to access my account after entering the correct credentials.,Explained billing breakdown and clarified applicable charges.,Medium,In Progress,Email,North America,21,Male,Free,18,15,2,57.91,84.17,2023-02-16,2023-02-23,Yes,No,iOS,Chrome,Crypto,Japanese,Night,2,Small Business,william.gonzalez325@outlook.com,,0
35179,Charles Moore,charles.moore395@yahoo.com,Cloud Storage,Security Concern,I would like to request a refund for the recent charge.,Bug logged internally and workaround shared with the customer.,Medium,Closed,Chat,Europe,31,Female,Free,59,13,5,69.68,59.75,2022-07-06,2022-07-08,Yes,Yes,Linux,Firefox,Crypto,Chinese,Night,4,Small Business,charles.moore395@yahoo.com,,0
100762,Thomas Thomas,thomas.thomas349@yahoo.com,Billing System,Account Suspension,Two-factor authentication codes are not being delivered to my phone.,We have reset the account credentials and advised the customer to retry login.,Urgent,Resolved,Email,South America,24,Female,Premium,19,10,1,26.19,139.99,2023-08-13,2023-08-13,No,Yes,Linux,Firefox,Bank Transfer,German,Night,3,Corporate,thomas.thomas349@yahoo.com,,0
125909,Karen Anderson,karen.anderson862@yahoo.com,Cloud Storage,Data Sync Issue,I am experiencing very slow performance while using the dashboard.,Payment gateway timeout issue fixed and monitoring implemented.,Urgent,Open,Web Form,Europe,49,Other,Enterprise,17,6,2,30.21,179.96,2024-11-27,2024-12-04,No,Yes,Linux,Safari,Credit Card,English,Afternoon,7,Small Business,karen.anderson862@yahoo.com,,0
63026,Linda Miller,linda.miller66@icloud.com,E-commerce Store,Payment Problem,I am unable to access my account after entering the correct credentials.,Data synchronization restored after backend service restart.,Low,Closed,Chat,Europe,20,Female,Basic,51,0,2,46.97,33.5,2023-10-13,2023-10-17,Yes,Yes,Windows,Firefox,Crypto,Japanese,Evening,7,Individual,linda.miller66@icloud.com,,0
50757,Thomas Anderson,thomas.anderson350@hotmail.com,Analytics Dashboard,Account Suspension,The system is not syncing data across devices properly.,Provided step-by-step troubleshooting instructions and issue resolved.,Low,In Progress,Web Form,South America,42,Female,Enterprise,55,1,2,64.9,84.55,2022-10-19,2022-10-21,No,No,Android,Firefox,Debit Card,Chinese,Morning,9,Individual,thomas.anderson350@hotmail.com,,0
111431,Thomas Johnson,thomas.johnson930@company.com,Payment Gateway,Security Concern,Two-factor authentication codes are not being delivered to my phone.,Data synchronization restored after backend service restart.,Urgent,Closed,Email,Africa,26,Female,Enterprise,28,1,2,49.36,203.25,2023-11-08,2023-11-21,No,Yes,Linux,Unknown,Debit Card,Chinese,Afternoon,10,Small Business,thomas.johnson930@company.com,,0
199846,Charles Hernandez,charles.hernandez721@yahoo.com,Mobile App,Account Suspension,The system is not syncing data across devices properly.,Data synchronization restored after backend service restart.,Low,Closed,Chat,North America,43,Female,Enterprise,29,18,1,7.66,38.5,2022-12-23,2022-12-23,Yes,Yes,Windows,Firefox,Debit Card,Chinese,Afternoon,9,Corporate,charles.hernandez721@yahoo.com,,0
74803,Robert Garcia,robert.garcia223@yahoo.com,Subscription Service,Refund Request,The system is not syncing data across devices properly.,Subscription status corrected and confirmation email sent to customer.,Medium,Closed,Phone,Europe,39,Female,Basic,35,9,3,46.18,110.54,2024-03-27,2024-04-04,No,Yes,Android,Edge,Bank Transfer,French,Evening,9,Corporate,robert.garcia223@yahoo.com,,0
180905,John Smith,john.smith810@icloud.com,API Service,Account Suspension,The application crashes whenever I try to upload a file.,Payment gateway timeout issue fixed and monitoring implemented.,Medium,In Progress,Web Form,Africa,65,Other,Free,44,8,3,41.08,126.5,2022-06-27,2022-07-07,Yes,Yes,MacOS,Safari,Crypto,Spanish,Evening,8,Corporate,john.smith810@icloud.com,,0
8290,Karen Brown,karen.brown753@yahoo.com,Payment Gateway,Refund Request,I found a bug in the latest update affecting report generation.,Explained billing breakdown and clarified applicable charges.,Low,Open,Email,North America,64,Other,Basic,32,8,3,39.15,166.75,2023-02-26,2023-02-28,No,No,iOS,Unknown,PayPal,German,Afternoon,2,Small Business,karen.brown753@yahoo.com,,0
137387,Patricia Anderson,patricia.anderson751@icloud.com,API Service,Subscription Cancellation,I found a bug in the latest update affecting report generation.,Security settings updated and customer notified of precautionary measures.,High,Pending Customer,Email,Australia,44,Female,Premium,49,11,4,50.8,174.07,2022-05-06,2022-05-13,Yes,Yes,Windows,Chrome,Crypto,Spanish,Night,5,Small Business,patricia.anderson751@icloud.com,,0
197190,David Jackson,david.jackson710@icloud.com,Web Portal,Bug Report,Two-factor authentication codes are not being delivered to my phone.,Payment gateway timeout issue fixed and monitoring implemented.,Urgent,Resolved,Email,Australia,60,Male,Enterprise,14,6,3,68.17,28.33,2023-09-17,2023-09-18,Yes,No,Android,Chrome,Credit Card,Chinese,Night,4,Small Business,david.jackson710@icloud.com,,0
85830,Susan Moore,susan.moore890@hotmail.com,Mobile App,Feature Request,My subscription was cancelled without my request and I need clarification.,Provided step-by-step troubleshooting instructions and issue resolved.,High,Resolved,Email,Asia,73,Female,Free,15,15,4,55.89,150.06,2024-12-11,2024-12-15,Yes,Yes,MacOS,Unknown,Bank Transfer,Chinese,Night,4,Small Business,susan.moore890@hotmail.com,,0
19958,Charles Smith,charles.smith881@icloud.com,E-commerce Store,Data Sync Issue,I am experiencing very slow performance while using the dashboard.,Data synchronization restored after backend service restart.,Low,Open,Chat,Africa,70,Female,Free,35,3,5,49.03,150.88,2024-05-19,2024-05-30,No,Yes,Windows,Safari,PayPal,Chinese,Morning,4,Corporate,charles.smith881@icloud.com,,0
134671,Jennifer Martin,jennifer.martin71@company.com,Subscription Service,Feature Request,I found a bug in the latest update affecting report generation.,The issue was escalated to engineering and resolved in the latest patch.,Medium,Resolved,Social Media,Europe,56,Other,Enterprise,29,18,1,21.97,220.65,2023-07-08,2023-07-08,Yes,Yes,iOS,Chrome,Crypto,Spanish,Afternoon,6,Individual,jennifer.martin71@company.com,,0
108263,Thomas Rodriguez,thomas.rodriguez258@hotmail.com,Web Portal,Bug Report,I am unable to access my account after entering the correct credentials.,Provided step-by-step troubleshooting instructions and issue resolved.,Urgent,Closed,Chat,Africa,44,Female,Enterprise,4,18,3,16.56,76.1,2024-07-23,2024-07-23,Yes,No,MacOS,Firefox,PayPal,English,Night,6,Corporate,thomas.rodriguez258@hotmail.com,,0
113306,John Martinez,john.martinez782@yahoo.com,API Service,Refund Request,I would like to request a refund for the recent charge.,Bug logged internally and workaround shared with the customer.,Low,Resolved,Phone,South America,41,Other,Basic,28,17,3,45.07,174.8,2024-09-09,2024-09-19,No,No,Linux,Safari,Debit Card,Spanish,Morning,8,Corporate,john.martinez782@yahoo.com,,0
141616,Jessica Anderson,jessica.anderson48@yahoo.com,Mobile App,Bug Report,I am experiencing very slow performance while using the dashboard.,Bug logged internally and workaround shared with the customer.,Low,Resolved,Chat,South America,19,Male,Enterprise,15,20,1,60.13,235.17,2022-03-10,2022-03-18,No,No,Android,Firefox,Credit Card,Chinese,Afternoon,1,Individual,jessica.anderson48@yahoo.com,,0
171681,Robert Miller,robert.miller564@icloud.com,CRM Platform,Subscription Cancellation,I am unable to access my account after entering the correct credentials.,We have reset the account credentials and advised the customer to retry login.,Medium,Open,Social Media,Asia,74,Other,Enterprise,40,2,3,67.84,4.03,2022-03-12,2022-03-19,No,Yes,MacOS,Unknown,PayPal,Japanese,Morning,2,Individual,robert.miller564@icloud.com,,0
54102,Susan Rodriguez,susan.rodriguez692@company.com,Analytics Dashboard,Feature Request,I would like to request a refund for the recent charge.,The issue was escalated to engineering and resolved in the latest patch.,High,Open,Email,Europe,22,Male,Free,2,5,2,34.29,87.61,2023-09-18,2023-09-20,Yes,Yes,Linux,Firefox,PayPal,German,Morning,9,Corporate,susan.rodriguez692@company.com,,0
198658,Barbara Taylor,barbara.taylor688@hotmail.com,Payment Gateway,Subscription Cancellation,I am experiencing very slow performance while using the dashboard.,Explained billing breakdown and clarified applicable charges.,Urgent,Resolved,Chat,North America,37,Male,Enterprise,60,20,2,57.64,67.33,2023-11-11,2023-11-21,No,No,Android,Edge,PayPal,Spanish,Evening,10,Individual,barbara.taylor688@hotmail.com,,0
162454,Michael Jones,michael.jones358@company.com,Cloud Storage,Account Suspension,The payment was deducted from my bank account but the transaction shows failed.,The duplicate charge was reversed and refund processed within 3-5 business days.,Urgent,In Progress,Chat,South America,66,Female,Enterprise,3,11,4,15.76,208.32,2023-04-04,2023-04-17,Yes,No,iOS,Unknown,Crypto,French,Evening,3,Individual,michael.jones358@company.com,,0
198211,Jessica Jackson,jessica.jackson511@gmail.com,Analytics Dashboard,Payment Problem,Two-factor authentication codes are not being delivered to my phone.,Payment gateway timeout issue fixed and monitoring implemented.,Urgent,In Progress,Email,North America,27,Other,Free,1,19,5,2.67,186.15,2024-04-13,2024-04-16,Yes,Yes,MacOS,Unknown,Crypto,Spanish,Morning,1,Individual,jessica.jackson511@gmail.com,,0
6932,Jessica Johnson,jessica.johnson453@icloud.com,Payment Gateway,Payment Problem,My subscription was cancelled without my request and I need clarification.,Payment gateway timeout issue fixed and monitoring implemented.,High,Pending Customer,Chat,Africa,71,Other,Premium,57,19,2,49.54,17.69,2023-11-01,2023-11-03,No,Yes,Windows,Firefox,Crypto,Spanish,Afternoon,4,Corporate,jessica.johnson453@icloud.com,,0
55715,Joseph Thomas,joseph.thomas137@hotmail.com,Cloud Storage,Data Sync Issue,The system is not syncing data across devices properly.,Security settings updated and customer notified of precautionary measures.,Low,Resolved,Email,Asia,64,Female,Free,35,10,3,29.31,25.34,2023-03-16,2023-03-19,No,No,Windows,Chrome,Credit Card,French,Evening,4,Corporate,joseph.thomas137@hotmail.com,,0
185477,Joseph Garcia,joseph.garcia248@icloud.com,Payment Gateway,Account Suspension,I am unable to access my account after entering the correct credentials.,The duplicate charge was reversed and refund processed within 3-5 business days.,Medium,Closed,Social Media,Africa,34,Other,Premium,22,7,1,63.37,195.97,2024-06-16,2024-06-23,No,No,iOS,Firefox,Credit Card,German,Evening,8,Corporate,joseph.garcia248@icloud.com,,0
56060,Jennifer Hernandez,jennifer.hernandez12@outlook.com,Analytics Dashboard,Payment Problem,I am unable to access my account after entering the correct credentials.,The duplicate charge was reversed and refund processed within 3-5 business days.,Urgent,Resolved,Phone,Australia,22,Other,Enterprise,24,10,2,67.0,230.16,2023-11-21,2023-11-24,No,No,iOS,Edge,Crypto,Chinese,Evening,4,Small Business,jennifer.hernandez12@outlook.com,,0
170836,Karen Martinez,karen.martinez156@gmail.com,Cloud Storage,Bug Report,I am experiencing very slow performance while using the dashboard.,Security settings updated and customer notified of precautionary measures.,Low,In Progress,Phone,North America,62,Female,Free,42,18,3,14.33,154.25,2024-06-19,2024-06-19,Yes,No,Linux,Chrome,Debit Card,French,Morning,3,Individual,karen.martinez156@gmail.com,,0
7366,Elizabeth Garcia,elizabeth.garcia184@icloud.com,API Service,Performance Issue,My subscription was cancelled without my request and I need clarification.,We have reset the account credentials and advised the customer to retry login.,High,Resolved,Web Form,Africa,48,Male,Free,42,13,3,61.12,103.67,2022-12-08,2022-12-12,Yes,Yes,Android,Edge,Bank Transfer,Chinese,Evening,5,Corporate,elizabeth.garcia184@icloud.com,,0
119119,Thomas Johnson,thomas.johnson559@yahoo.com,CRM Platform,Security Concern,The system is not syncing data across devices properly.,We have reset the account credentials and advised the customer to retry login.,Low,Resolved,Phone,South America,35,Male,Basic,47,19,5,32.21,165.98,2024-12-06,2024-12-07,No,Yes,Android,Safari,Credit Card,English,Night,2,Individual,thomas.johnson559@yahoo.com,,0
69732,Patricia Thomas,patricia.thomas60@icloud.com,Mobile App,Payment Problem,The payment was deducted from my bank account but the transaction shows failed.,We have reset the account credentials and advised the customer to retry login.,Medium,Open,Chat,Asia,64,Female,Basic,56,15,4,57.2,127.72,2024-08-02,2024-08-11,Yes,No,MacOS,Chrome,PayPal,Japanese,Morning,2,Small Business,patricia.thomas60@icloud.com,,0
114370,Barbara Jackson,barbara.jackson790@yahoo.com,API Service,Data Sync Issue,The application crashes whenever I try to upload a file.,We have reset the account credentials and advised the customer to retry login.,Urgent,Closed,Email,South America,26,Female,Free,39,17,1,62.87,124.12,2024-10-09,2024-10-19,Yes,No,iOS,Unknown,Debit Card,Chinese,Night,10,Small Business,barbara.jackson790@yahoo.com,,0
155108,Richard Lopez,richard.lopez292@icloud.com,Billing System,Feature Request,I am experiencing very slow performance while using the dashboard.,Provided step-by-step troubleshooting instructions and issue resolved.,Low,Open,Chat,Australia,67,Female,Enterprise,8,19,4,56.46,15.07,2022-03-20,2022-04-01,No,Yes,Windows,Edge,Credit Card,Chinese,Afternoon,10,Small Business,richard.lopez292@icloud.com,,0
84072,Mary Smith,mary.smith761@gmail.com,E-commerce Store,Subscription Cancellation,I would like to request a refund for the recent charge.,We have reset the account credentials and advised the customer to retry login.,Medium,In Progress,Web Form,Europe,21,Male,Basic,23,17,1,2.64,233.7,2024-06-26,2024-07-09,No,No,iOS,Edge,Bank Transfer,French,Afternoon,10,Corporate,mary.smith761@gmail.com,,0
89151,John Smith,john.smith540@company.com,Analytics Dashboard,Refund Request,I found a bug in the latest update affecting report generation.,Explained billing breakdown and clarified applicable charges.,Low,Closed,Social Media,South America,63,Male,Premium,21,8,2,11.45,109.11,2022-12-18,2022-12-21,No,Yes,iOS,Firefox,PayPal,French,Evening,2,Corporate,john.smith540@company.com,,0
64257,Joseph Wilson,joseph.wilson958@company.com,Analytics Dashboard,Bug Report,I am unable to access my account after entering the correct credentials.,We have reset the account credentials and advised the customer to retry login.,Medium,Pending Customer,Email,Europe,75,Female,Basic,14,0,4,26.88,41.03,2022-11-18,2022-11-25,No,Yes,Android,Chrome,Bank Transfer,German,Morning,3,Individual,joseph.wilson958@company.com,,0
192605,Richard Miller,richard.miller201@company.com,Mobile App,Feature Request,The payment was deducted from my bank account but the transaction shows failed.,Payment gateway timeout issue fixed and monitoring implemented.,Medium,Pending Customer,Chat,North America,47,Male,Premium,21,3,4,34.07,160.75,2023-06-01,2023-06-12,No,Yes,Windows,Edge,Bank Transfer,French,Morning,3,Individual,richard.miller201@company.com,,0
28305,Elizabeth Moore,elizabeth.moore675@icloud.com,Mobile App,Login Issue,I found a bug in the latest update affecting report generation.,Provided step-by-step troubleshooting instructions and issue resolved.,Medium,Resolved,Social Media,Europe,43,Male,Free,9,11,4,7.82,93.89,2022-12-08,2022-12-10,Yes,No,Linux,Firefox,PayPal,Japanese,Night,7,Individual,elizabeth.moore675@icloud.com,,0
89466,Sarah Jackson,sarah.jackson636@company.com,Subscription Service,Payment Problem,My subscription was cancelled without my request and I need clarification.,Security settings updated and customer notified of precautionary measures.,Low,In Progress,Phone,Europe,62,Other,Enterprise,36,9,2,53.48,104.61,2022-11-16,2022-11-28,Yes,Yes,iOS,Chrome,Crypto,Spanish,Evening,5,Corporate,sarah.jackson636@company.com,,0
119402,William Gonzalez,william.gonzalez270@company.com,Payment Gateway,Feature Request,The system is not syncing data across devices properly.,The duplicate charge was reversed and refund processed within 3-5 business days.,Low,Closed,Social Media,Africa,29,Other,Free,10,8,5,14.56,227.5,2024-06-12,2024-06-25,Yes,Yes,Windows,Chrome,Crypto,French,Evening,4,Corporate,william.gonzalez270@company.com,2022-12-06,0
22329,David Garcia,david.garcia733@hotmail.com,Analytics Dashboard,Account Suspension,Two-factor authentication codes are not being delivered to my phone.,Explained billing breakdown and clarified applicable charges.,High,Resolved,Chat,Asia,53,Female,Premium,19,0,5,67.89,154.23,2024-10-02,2024-10-13,Yes,Yes,Windows,Edge,Bank Transfer,French,Evening,1,Individual,david.garcia733@hotmail.com,,0
151439,Karen Brown,karen.brown521@gmail.com,Web Portal,Payment Problem,There seems to be a discrepancy in my billing statement for this month.,Explained billing breakdown and clarified applicable charges.,Medium,Closed,Web Form,Asia,55,Male,Enterprise,24,11,2,56.58,196.52,2022-06-03,2022-06-06,Yes,No,Android,Edge,Crypto,English,Morning,1,Corporate,karen.brown521@gmail.com,,0
160060,Linda Johnson,linda.johnson710@icloud.com,Subscription Service,Data Sync Issue,I would like to request a refund for the recent charge.,The issue was escalated to engineering and resolved in the latest patch.,Urgent,Closed,Phone,Europe,40,Other,Basic,50,2,5,3.53,92.31,2022-06-01,2022-06-11,No,Yes,MacOS,Firefox,Crypto,French,Morning,10,Corporate,linda.johnson710@icloud.com,,0
6976,Karen Anderson,karen.anderson226@gmail.com,E-commerce Store,Data Sync Issue,My subscription was cancelled without my request and I need clarification.,Subscription status corrected and confirmation email sent to customer.,Low,Open,Email,North America,66,Female,Free,58,14,1,15.2,162.41,2024-04-24,2024-05-03,No,No,MacOS,Edge,Credit Card,Chinese,Morning,6,Small Business,karen.anderson226@gmail.com,,0
104771,Charles Rodriguez,charles.rodriguez998@outlook.com,Subscription Service,Subscription Cancellation,I am unable to access my account after entering the correct credentials.,Provided step-by-step troubleshooting instructions and issue resolved.,Medium,Resolved,Web Form,Africa,64,Other,Enterprise,27,13,4,65.7,56.12,2022-02-07,2022-02-14,No,Yes,iOS,Unknown,PayPal,German,Morning,2,Small Business,charles.rodriguez998@outlook.com,,0
53211,Sarah Miller,sarah.miller190@icloud.com,Cloud Storage,Performance Issue,I found a bug in the latest update affecting report generation.,Security settings updated and customer notified of precautionary measures.,Urgent,Pending Customer,Email,Australia,19,Male,Basic,26,13,3,28.44,125.37,2023-08-22,2023-09-03,No,No,MacOS,Unknown,Crypto,French,Evening,7,Small Business,sarah.miller190@icloud.com,,0
47092,Robert Hernandez,robert.hernandez202@company.com,API Service,Feature Request,My subscription was cancelled without my request and I need clarification.,Security settings updated and customer notified of precautionary measures.,High,Closed,Web Form,Asia,68,Other,Premium,57,12,4,25.84,96.58,2022-04-24,2022-04-27,No,No,Android,Chrome,Debit Card,English,Morning,2,Small Business,robert.hernandez202@company.com,,0
108078,Thomas Martinez,thomas.martinez684@company.com,Subscription Service,Feature Request,There seems to be a discrepancy in my billing statement for this month.,Explained billing breakdown and clarified applicable charges.,Urgent,In Progress,Social Media,Europe,62,Male,Free,2,17,1,9.24,236.94,2024-12-11,2024-12-21,No,Yes,Linux,Edge,Debit Card,French,Afternoon,7,Individual,thomas.martinez684@company.com,,0
25150,Richard Wilson,richard.wilson517@icloud.com,Subscription Service,Refund Request,I am experiencing very slow performance while using the dashboard.,The issue was escalated to engineering and resolved in the latest patch.,High,Closed,Chat,Asia,27,Male,Premium,28,2,4,54.63,91.91,2022-12-26,2023-01-06,Yes,No,iOS,Safari,Credit Card,English,Night,4,Small Business,richard.wilson517@icloud.com,,0
133572,Barbara Garcia,barbara.garcia269@company.com,Payment Gateway,Account Suspension,I am experiencing very slow performance while using the dashboard.,Provided step-by-step troubleshooting instructions and issue resolved.,Urgent,Resolved,Email,South America,41,Other,Enterprise,39,17,4,29.28,174.62,2023-02-09,2023-02-21,No,No,Windows,Safari,Credit Card,German,Evening,4,Corporate,barbara.garcia269@company.com,,0
33625,Karen Lopez,karen.lopez982@outlook.com,Web Portal,Account Suspension,The application crashes whenever I try to upload a file.,Security settings updated and customer notified of precautionary measures.,Medium,Open,Web Form,Africa,52,Other,Premium,27,13,2,51.04,29.22,2024-05-13,2024-05-13,Yes,No,Android,Chrome,Bank Transfer,Spanish,Evening,4,Individual,karen.lopez982@outlook.com,,0
185303,Charles Garcia,charles.garcia396@hotmail.com,Billing System,Bug Report,My subscription was cancelled without my request and I need clarification.,Data synchronization restored after backend service restart.,High,Pending Customer,Chat,North America,22,Male,Enterprise,21,5,3,3.65,176.54,2024-07-23,2024-07-25,No,Yes,Windows,Chrome,Credit Card,Spanish,Night,8,Individual,charles.garcia396@hotmail.com,,0
172313,Jennifer Lopez,jennifer.lopez266@hotmail.com,Cloud Storage,Subscription Cancellation,I found a bug in the latest update affecting report generation.,Security settings updated and customer notified of precautionary measures.,High,Pending Customer,Social Media,North America,27,Other,Premium,53,3,1,26.78,71.11,2022-01-31,2022-02-11,Yes,No,MacOS,Firefox,Crypto,Japanese,Evening,7,Small Business,jennifer.lopez266@hotmail.com,,0
121680,Joseph Wilson,joseph.wilson669@gmail.com,CRM Platform,Refund Request,Two-factor authentication codes are not being delivered to my phone.,Provided step-by-step troubleshooting instructions and issue resolved.,Medium,Resolved,Phone,North America,68,Male,Basic,12,3,3,68.78,180.15,2022-12-21,2023-01-02,No,Yes,Linux,Safari,PayPal,Japanese,Morning,9,Individual,joseph.wilson669@gmail.com,,0
82428,Michael Martin,michael.martin161@outlook.com,Web Portal,Refund Request,I am unable to access my account after entering the correct credentials.,The duplicate charge was reversed and refund processed within 3-5 business days.,Low,Closed,Web Form,Europe,64,Female,Enterprise,36,13,5,27.08,158.47,2024-08-29,2024-09-08,Yes,No,Linux,Chrome,PayPal,Spanish,Morning,3,Small Business,michael.martin161@outlook.com,,0
185380,Susan Thomas,susan.thomas115@icloud.com,Payment Gateway,Account Suspension,I am unable to access my account after entering the correct credentials.,Security settings updated and customer notified of precautionary measures.,Low,Pending Customer,Social Media,Asia,19,Other,Free,59,17,5,55.8,121.13,2022-09-24,2022-10-08,Yes,Yes,MacOS,Edge,Crypto,Spanish,Afternoon,2,Individual,susan.thomas115@icloud.com,,0
138274,Jennifer Johnson,jennifer.johnson699@gmail.com,API Service,Performance Issue,I would like to request a refund for the recent charge.,Payment gateway timeout issue fixed and monitoring implemented.,Low,Resolved,Phone,Europe,67,Other,Basic,58,5,5,29.32,2.22,2022-02-13,2022-02-26,Yes,Yes,Linux,Firefox,Credit Card,English,Morning,4,Individual,jennifer.johnson699@gmail.com,,0
90767,David Martin,david.martin385@outlook.com,Web Portal,Subscription Cancellation,I am unable to access my account after entering the correct credentials.,Explained billing breakdown and clarified applicable charges.,Medium,Resolved,Phone,North America,53,Other,Premium,39,7,5,42.13,219.53,2024-03-13,2024-03-17,Yes,Yes,iOS,Unknown,PayPal,Spanish,Afternoon,2,Corporate,david.martin385@outlook.com,,0
58451,David Garcia,david.garcia341@yahoo.com,Billing System,Account Suspension,I am unable to access my account after entering the correct credentials.,Data synchronization restored after backend service restart.,Urgent,Open,Social Media,South America,73,Female,Free,39,1,3,42.35,212.11,2022-08-07,2022-08-12,No,Yes,iOS,Firefox,Credit Card,English,Morning,5,Small Business,david.garcia341@yahoo.com,,0
61684,James Gonzalez,james.gonzalez600@hotmail.com,CRM Platform,Feature Request,The application crashes whenever I try to upload a file.,The issue was escalated to engineering and resolved in the latest patch.,Urgent,Open,Social Media,South America,66,Male,Premium,23,20,3,62.19,178.33,2022-08-13,2022-08-20,No,Yes,iOS,Unknown,Credit Card,Spanish,Evening,7,Corporate,james.gonzalez600@hotmail.com,,0
65670,Jennifer Miller,jennifer.miller775@hotmail.com,API Service,Refund Request,My subscription was cancelled without my request and I need clarification.,Provided step-by-step troubleshooting instructions and issue resolved.,Low,Open,Chat,South America,23,Other,Enterprise,59,13,4,34.32,180.79,2022-05-19,2022-05-27,Yes,No,iOS,Unknown,Crypto,French,Afternoon,5,Corporate,jennifer.miller775@hotmail.com,,0
35986,Joseph Jackson,joseph.jackson993@icloud.com,Subscription Service,Performance Issue,There seems to be a discrepancy in my billing statement for this month.,Security settings updated and customer notified of precautionary measures.,High,Pending Customer,Chat,Europe,37,Other,Enterprise,1,9,5,56.38,137.24,2022-03-25,2022-03-27,No,Yes,Windows,Chrome,Bank Transfer,Chinese,Night,10,Corporate,joseph.jackson993@icloud.com,,0
168330,James Jones,james.jones343@outlook.com,Analytics Dashboard,Account Suspension,The application crashes whenever I try to upload a file.,The issue was escalated to engineering and resolved in the latest patch.,Urgent,Open,Social Media,North America,53,Female,Free,13,14,4,18.64,94.87,2024-02-21,2024-02-28,No,No,Windows,Unknown,Credit Card,French,Night,10,Small Business,james.jones343@outlook.com,,0
52024,John Johnson,john.johnson396@company.com,Web Portal,Subscription Cancellation,I would like to request a refund for the recent charge.,Bug logged internally and workaround shared with the customer.,Low,Pending Customer,Email,Europe,38,Other,Enterprise,54,20,1,47.01,173.47,2024-11-21,2024-11-30,No,No,MacOS,Unknown,Debit Card,Japanese,Evening,7,Small Business,john.johnson396@company.com,,0
167641,Mary Williams,mary.williams272@outlook.com,API Service,Subscription Cancellation,The application crashes whenever I try to upload a file.,Security settings updated and customer notified of precautionary measures.,Low,Open,Email,Asia,68,Female,Basic,5,16,2,48.16,54.79,2023-08-21,2023-08-24,Yes,No,MacOS,Unknown,Bank Transfer,French,Afternoon,7,Small Business,mary.williams272@outlook.com,,0
106923,Mary Anderson,mary.anderson505@yahoo.com,Cloud Storage,Account Suspension,Two-factor authentication codes are not being delivered to my phone.,We have reset the account credentials and advised the customer to retry login.,Medium,In Progress,Phone,Europe,28,Female,Premium,15,7,2,6.44,19.45,2024-08-15,2024-08-24,Yes,Yes,Android,Safari,Debit Card,English,Evening,9,Corporate,mary.anderson505@yahoo.com,,0
115561,Charles Moore,charles.moore821@hotmail.com,Subscription Service,Bug Report,I am experiencing very slow performance while using the dashboard.,Data synchronization restored after backend service restart.,Medium,In Progress,Chat,Europe,28,Female,Enterprise,31,16,5,50.61,38.44,2023-03-24,2023-03-27,No,Yes,Linux,Unknown,Bank Transfer,Spanish,Afternoon,6,Individual,charles.moore821@hotmail.com,,0
73766,Susan Anderson,susan.anderson570@outlook.com,E-commerce Store,Feature Request,I found a bug in the latest update affecting report generation.,Payment gateway timeout issue fixed and monitoring implemented.,Urgent,Open,Phone,North America,19,Male,Premium,24,16,4,68.78,169.78,2022-12-03,2022-12-14,No,Yes,Windows,Unknown,Crypto,French,Morning,2,Small Business,susan.anderson570@outlook.com,,0
28678,James Taylor,james.taylor336@icloud.com,CRM Platform,Login Issue,The payment was deducted from my bank account but the transaction shows failed.,Payment gateway timeout issue fixed and monitoring implemented.,Medium,Closed,Email,South America,27,Male,Premium,52,4,1,55.61,102.33,2023-07-30,2023-08-05,Yes,No,Android,Unknown,Credit Card,French,Morning,1,Corporate,james.taylor336@icloud.com,,0
185245,Charles Martinez,charles.martinez556@icloud.com,Cloud Storage,Login Issue,I would like to request a refund for the recent charge.,The duplicate charge was reversed and refund processed within 3-5 business days.,Low,Pending Customer,Web Form,Asia,52,Female,Basic,50,5,1,17.46,45.77,2023-08-29,2023-09-01,Yes,Yes,iOS,Chrome,Credit Card,Chinese,Morning,2,Corporate,charles.martinez556@icloud.com,,0
42379,Sarah Lopez,sarah.lopez394@yahoo.com,Web Portal,Login Issue,The system is not syncing data across devices properly.,Bug logged internally and workaround shared with the customer.,Low,Closed,Email,Asia,26,Female,Premium,51,7,1,8.68,234.63,2024-06-02,2024-06-14,No,Yes,Windows,Firefox,PayPal,English,Night,3,Individual,sarah.lopez394@yahoo.com,,0
18985,Barbara Jones,barbara.jones826@yahoo.com,E-commerce Store,Login Issue,There seems to be a discrepancy in my billing statement for this month.,The issue was escalated to engineering and resolved in the latest patch.,Low,Closed,Social Media,Europe,39,Other,Premium,42,2,2,38.42,108.52,2024-04-04,2024-04-13,Yes,Yes,Windows,Safari,Debit Card,German,Afternoon,7,Small Business,barbara.jones826@yahoo.com,,0
49594,Thomas Miller,thomas.miller369@icloud.com,Analytics Dashboard,Data Sync Issue,Two-factor authentication codes are not being delivered to my phone.,We have reset the account credentials and advised the customer to retry login.,Urgent,Open,Social Media,South America,40,Other,Enterprise,38,7,4,32.66,202.04,2022-08-19,2022-08-19,Yes,Yes,MacOS,Safari,Credit Card,Chinese,Afternoon,1,Corporate,thomas.miller369@icloud.com,,0
198889,Barbara Garcia,barbara.garcia625@hotmail.com,Payment Gateway,Security Concern,The application crashes whenever I try to upload a file.,We have reset the account credentials and advised the customer to retry login.,Low,Closed,Chat,Africa,74,Other,Free,11,8,5,5.51,14.46,2024-06-22,2024-07-06,Yes,No,Windows,Unknown,PayPal,German,Evening,5,Small Business,barbara.garcia625@hotmail.com,,0
171061,James Gonzalez,james.gonzalez986@gmail.com,Cloud Storage,Feature Request,The system is not syncing data across devices properly.,Subscription status corrected and confirmation email sent to customer.,Medium,In Progress,Chat,Australia,59,Other,Basic,33,5,5,0.62,201.65,2022-01-09,2022-01-09,Yes,Yes,Android,Chrome,PayPal,German,Morning,9,Small Business,james.gonzalez986@gmail.com,,0
141592,Mary Gonzalez,mary.gonzalez881@yahoo.com,Mobile App,Account Suspension,I am unable to access my account after entering the correct credentials.,The duplicate charge was reversed and refund processed within 3-5 business days.,Low,Pending Customer,Chat,Africa,59,Female,Premium,60,20,2,64.66,113.79,2023-10-21,2023-10-31,No,Yes,MacOS,Firefox,Debit Card,German,Morning,1,Corporate,mary.gonzalez881@yahoo.com,,0
133370,Mary Gonzalez,mary.gonzalez828@hotmail.com,E-commerce Store,Security Concern,The system is not syncing data across devices properly.,We have reset the account credentials and advised the customer to retry login.,Urgent,Pending Customer,Chat,Africa,21,Male,Basic,24,9,1,13.47,174.99,2023-09-21,2023-10-05,No,No,Android,Edge,Debit Card,Chinese,Afternoon,4,Individual,mary.gonzalez828@hotmail.com,,0
60298,Robert Johnson,robert.johnson396@gmail.com,E-commerce Store,Security Concern,I found a bug in the latest update affecting report generation.,The issue was escalated to engineering and resolved in the latest patch.,Low,Pending Customer,Email,North America,39,Female,Free,31,7,4,67.25,173.21,2024-02-29,2024-03-11,No,Yes,MacOS,Edge,Bank Transfer,Japanese,Night,8,Small Business,robert.johnson396@gmail.com,,0
166356,Robert Martinez,robert.martinez95@icloud.com,Subscription Service,Account Suspension,The system is not syncing data across devices properly.,Data synchronization restored after backend service restart.,Low,Pending Customer,Chat,North America,31,Female,Premium,60,2,5,50.33,230.97,2022-01-21,2022-02-03,No,Yes,Android,Chrome,PayPal,Japanese,Afternoon,8,Corporate,robert.martinez95@icloud.com,,0
86892,Linda Williams,linda.williams375@hotmail.com,Mobile App,Security Concern,Two-factor authentication codes are not being delivered to my phone.,Provided step-by-step troubleshooting instructions and issue resolved.,Low,In Progress,Social Media,Europe,52,Male,Basic,6,14,2,0.97,43.14,2024-05-29,2024-05-30,No,Yes,Android,Firefox,Crypto,German,Evening,7,Small Business,linda.williams375@hotmail.com,,0
40678,Karen Martinez,karen.martinez688@icloud.com,API Service,Security Concern,My subscription was cancelled without my request and I need clarification.,The duplicate charge was reversed and refund processed within 3-5 business days.,Urgent,Open,Chat,South America,45,Female,Basic,21,4,2,14.71,20.02,2023-01-10,2023-01-13,Yes,Yes,Android,Edge,Credit Card,English,Night,8,Individual,karen.martinez688@icloud.com,,0
185566,Jessica Smith,jessica.smith436@hotmail.com,E-commerce Store,Performance Issue,I am experiencing very slow performance while using the dashboard.,Provided step-by-step troubleshooting instructions and issue resolved.,Low,Open,Web Form,Europe,36,Female,Premium,35,8,1,70.23,8.88,2024-11-25,2024-12-02,Yes,No,Android,Firefox,Crypto,Chinese,Evening,2,Corporate,jessica.smith436@hotmail.com,,0
169285,Mary Martin,mary.martin940@outlook.com,CRM Platform,Subscription Cancellation,I am unable to access my account after entering the correct credentials.,Data synchronization restored after backend service restart.,Medium,Closed,Web Form,South America,57,Female,Free,51,14,1,34.58,112.9,2023-04-23,2023-04-30,No,Yes,Windows,Firefox,Credit Card,Spanish,Evening,7,Individual,mary.martin940@outlook.com,,0
163836,Mary Brown,mary.brown190@hotmail.com,Subscription Service,Payment Problem,My subscription was cancelled without my request and I need clarification.,We have reset the account credentials and advised the customer to retry login.,Low,Resolved,Email,Europe,55,Female,Premium,58,6,5,37.17,110.78,2024-02-14,2024-02-15,Yes,Yes,MacOS,Safari,Debit Card,Spanish,Night,8,Corporate,mary.brown190@hotmail.com,,0
5000,John Anderson,john.anderson285@yahoo.com,Billing System,Performance Issue,I would like to request a refund for the recent charge.,The issue was escalated to engineering and resolved in the latest patch.,Medium,Resolved,Phone,Australia,65,Other,Basic,47,0,2,21.4,5.93,2023-07-24,2023-08-06,Yes,No,MacOS,Safari,Debit Card,French,Evening,9,Individual,john.anderson285@yahoo.com,,0
61910,David Johnson,david.johnson168@yahoo.com,Cloud Storage,Data Sync Issue,I am unable to access my account after entering the correct credentials.,Explained billing breakdown and clarified applicable charges.,High,In Progress,Social Media,North America,65,Male,Enterprise,21,17,5,15.93,51.72,2024-11-27,2024-12-08,Yes,Yes,iOS,Firefox,PayPal,Spanish,Afternoon,8,Corporate,david.johnson168@yahoo.com,,0
159255,Jennifer Martin,jennifer.martin992@hotmail.com,CRM Platform,Security Concern,I am unable to access my account after entering the correct credentials.,The issue was escalated to engineering and resolved in the latest patch.,Medium,Closed,Email,Africa,31,Other,Basic,33,13,2,9.87,97.85,2023-04-14,2023-04-19,No,No,iOS,Chrome,Debit Card,Chinese,Night,9,Small Business,jennifer.martin992@hotmail.com,,0
49786,Barbara Wilson,barbara.wilson281@outlook.com,Mobile App,Data Sync Issue,The payment was deducted from my bank account but the transaction shows failed.,Subscription status corrected and confirmation email sent to customer.,Medium,Open,Chat,South America,58,Other,Enterprise,36,1,3,28.38,101.36,2023-04-05,2023-04-10,Yes,No,Android,Chrome,PayPal,French,Night,9,Corporate,barbara.wilson281@outlook.com,,0
75944,Robert Martinez,robert.martinez160@company.com,Analytics Dashboard,Security Concern,My subscription was cancelled without my request and I need clarification.,Security settings updated and customer notified of precautionary measures.,High,In Progress,Web Form,North America,69,Female,Basic,33,14,5,12.63,16.23,2024-04-15,2024-04-17,Yes,No,Windows,Safari,Credit Card,Chinese,Morning,3,Small Business,robert.martinez160@company.com,,0
168677,Mary Smith,mary.smith516@icloud.com,Payment Gateway,Refund Request,The application crashes whenever I try to upload a file.,Bug logged internally and workaround shared with the customer.,Urgent,Pending Customer,Phone,North America,32,Female,Basic,33,12,5,59.46,213.81,2024-06-08,2024-06-20,Yes,Yes,Linux,Chrome,Debit Card,English,Evening,9,Small Business,mary.smith516@icloud.com,,0
2398,Sarah Williams,sarah.williams234@gmail.com,CRM Platform,Bug Report,Two-factor authentication codes are not being delivered to my phone.,The issue was escalated to engineering and resolved in the latest patch.,Urgent,Closed,Email,Africa,39,Male,Basic,1,10,5,56.85,20.19,2022-03-14,2022-03-18,No,No,MacOS,Safari,Credit Card,French,Night,7,Individual,sarah.williams234@gmail.com,,0
109809,Charles Gonzalez,charles.gonzalez297@hotmail.com,Payment Gateway,Account Suspension,Two-factor authentication codes are not being delivered to my phone.,Bug logged internally and workaround shared with the customer.,High,Open,Web Form,South America,65,Female,Premium,26,7,1,11.42,189.48,2023-03-19,2023-04-01,Yes,Yes,Windows,Safari,Bank Transfer,Japanese,Evening,6,Corporate,charles.gonzalez297@hotmail.com,,0
91090,Jessica Johnson,jessica.johnson135@company.com,Subscription Service,Bug Report,My subscription was cancelled without my request and I need clarification.,Security settings updated and customer notified of precautionary measures.,Urgent,Pending Customer,Email,Africa,40,Female,Free,9,12,3,9.05,166.11,2023-03-03,2023-03-14,Yes,Yes,iOS,Chrome,PayPal,French,Night,7,Individual,jessica.johnson135@company.com,,0
196028,Joseph Gonzalez,joseph.gonzalez743@icloud.com,Subscription Service,Data Sync Issue,My subscription was cancelled without my request and I need clarification.,Explained billing breakdown and clarified applicable charges.,Medium,Pending Customer,Phone,Asia,22,Male,Premium,15,9,2,15.54,131.05,2023-10-25,2023-11-07,No,Yes,Windows,Edge,Bank Transfer,German,Morning,3,Individual,joseph.gonzalez743@icloud.com,,0
102124,Joseph Hernandez,joseph.hernandez404@outlook.com,Mobile App,Login Issue,The system is not syncing data across devices properly.,Explained billing breakdown and clarified applicable charges.,Low,Open,Web Form,Australia,48,Other,Enterprise,2,6,3,36.54,7.67,2023-04-05,2023-04-11,No,Yes,Windows,Firefox,Debit Card,German,Night,9,Individual,joseph.hernandez404@outlook.com,,0
169146,John Smith,john.smith479@icloud.com,API Service,Login Issue,The application crashes whenever I try to upload a file.,Data synchronization restored after backend service restart.,Medium,Resolved,Chat,Australia,46,Other,Free,43,7,5,16.11,45.51,2022-01-16,2022-01-17,Yes,Yes,Linux,Chrome,Credit Card,French,Night,2,Corporate,john.smith479@icloud.com,,0
155715,David Johnson,david.johnson395@hotmail.com,E-commerce Store,Bug Report,Two-factor authentication codes are not being delivered to my phone.,Payment gateway timeout issue fixed and monitoring implemented.,Urgent,In Progress,Social Media,Australia,53,Male,Premium,32,2,4,53.42,188.61,2023-12-17,2023-12-18,No,No,MacOS,Chrome,Bank Transfer,French,Night,4,Corporate,david.johnson395@hotmail.com,,0
149164,Joseph Gonzalez,joseph.gonzalez620@gmail.com,Web Portal,Subscription Cancellation,The system is not syncing data across devices properly.,Bug logged internally and workaround shared with the customer.,Low,Closed,Phone,Asia,42,Other,Free,27,5,4,22.42,193.52,2022-03-20,2022-03-29,No,No,Windows,Safari,PayPal,French,Evening,5,Small Business,joseph.gonzalez620@gmail.com,,0
164427,Karen Gonzalez,karen.gonzalez657@outlook.com,Mobile App,Login Issue,I am experiencing very slow performance while using the dashboard.,Payment gateway timeout issue fixed and monitoring implemented.,High,In Progress,Social Media,Africa,40,Female,Premium,29,8,2,71.38,93.6,2024-10-12,2024-10-25,Yes,No,iOS,Edge,PayPal,German,Afternoon,3,Corporate,karen.gonzalez657@outlook.com,,0
103881,Michael Anderson,michael.anderson955@outlook.com,Mobile App,Security Concern,The application crashes whenever I try to upload a file.,Payment gateway timeout issue fixed and monitoring implemented.,High,Closed,Email,Australia,59,Female,Premium,58,0,2,2.53,237.0,2024-07-11,2024-07-21,Yes,Yes,MacOS,Safari,Bank Transfer,Spanish,Night,5,Individual,michael.anderson955@outlook.com,,0
128939,Thomas Lopez,thomas.lopez457@yahoo.com,Web Portal,Feature Request,My subscription was cancelled without my request and I need clarification.,Payment gateway timeout issue fixed and monitoring implemented.,Medium,Resolved,Chat,Africa,71,Male,Basic,44,19,2,58.31,179.35,2024-11-30,2024-12-09,Yes,No,iOS,Safari,Bank Transfer,English,Night,1,Small Business,thomas.lopez457@yahoo.com,,0
56784,John Johnson,john.johnson623@icloud.com,Analytics Dashboard,Account Suspension,The payment was deducted from my bank account but the transaction shows failed.,Payment gateway timeout issue fixed and monitoring implemented.,High,Resolved,Email,Africa,56,Female,Premium,40,2,5,28.29,28.9,2024-12-06,2024-12-14,No,Yes,Linux,Safari,PayPal,German,Afternoon,8,Individual,john.johnson623@icloud.com,,0
44099,David Moore,david.moore298@icloud.com,Cloud Storage,Bug Report,There seems to be a discrepancy in my billing statement for this month.,We have reset the account credentials and advised the customer to retry login.,High,Closed,Email,North America,57,Other,Premium,42,4,5,51.18,94.8,2023-02-22,2023-02-26,Yes,No,Windows,Unknown,PayPal,Japanese,Morning,1,Small Business,david.moore298@icloud.com,,0
158308,Jennifer Wilson,jennifer.wilson247@hotmail.com,Payment Gateway,Refund Request,My subscription was cancelled without my request and I need clarification.,Explained billing breakdown and clarified applicable charges.,Low,Closed,Web Form,Europe,56,Female,Basic,32,4,3,32.92,125.48,2023-09-24,2023-09-24,No,Yes,Windows,Firefox,Crypto,French,Evening,1,Small Business,jennifer.wilson247@hotmail.com,,0
35911,Mary Jackson,mary.jackson842@company.com,Billing System,Security Concern,The system is not syncing data across devices properly.,Security settings updated and customer notified of precautionary measures.,Urgent,Open,Web Form,North America,36,Other,Enterprise,49,20,4,20.52,6.32,2022-09-23,2022-10-01,Yes,Yes,Linux,Firefox,Credit Card,Chinese,Evening,7,Small Business,mary.jackson842@company.com,,0
155082,Elizabeth Wilson,elizabeth.wilson925@gmail.com,Payment Gateway,Payment Problem,I am unable to access my account after entering the correct credentials.,Bug logged internally and workaround shared with the customer.,Urgent,Open,Web Form,South America,72,Female,Free,1,17,4,64.94,61.39,2022-05-07,2022-05-18,Yes,Yes,Android,Chrome,Bank Transfer,German,Evening,7,Individual,elizabeth.wilson925@gmail.com,,0
145518,James Rodriguez,james.rodriguez936@gmail.com,Payment Gateway,Bug Report,I am unable to access my account after entering the correct credentials.,Payment gateway timeout issue fixed and monitoring implemented.,Urgent,Open,Web Form,North America,37,Female,Free,6,6,5,37.16,105.59,2022-08-12,2022-08-14,No,No,Linux,Edge,PayPal,French,Morning,7,Small Business,james.rodriguez936@gmail.com,,0
158214,Jessica Gonzalez,jessica.gonzalez233@outlook.com,Payment Gateway,Subscription Cancellation,The payment was deducted from my bank account but the transaction shows failed.,Security settings updated and customer notified of precautionary measures.,Low,Closed,Social Media,Africa,19,Female,Free,15,5,4,3.39,213.78,2023-06-07,2023-06-17,Yes,Yes,Linux,Edge,Bank Transfer,Chinese,Evening,10,Individual,jessica.gonzalez233@outlook.com,,0
142298,Barbara Jones,barbara.jones186@gmail.com,Web Portal,Bug Report,The payment was deducted from my bank account but the transaction shows failed.,Payment gateway timeout issue fixed and monitoring implemented.,Medium,Pending Customer,Chat,Asia,59,Female,Enterprise,26,3,4,41.44,22.41,2022-08-27,2022-09-01,Yes,No,iOS,Unknown,Debit Card,Chinese,Night,10,Individual,barbara.jones186@gmail.com,,0
122985,Mary Taylor,mary.taylor631@company.com,Mobile App,Security Concern,The system is not syncing data across devices properly.,The issue was escalated to engineering and resolved in the latest patch.,Urgent,In Progress,Web Form,North America,54,Female,Enterprise,27,0,1,71.56,126.4,2024-12-05,2024-12-14,Yes,No,Linux,Edge,Credit Card,German,Morning,3,Small Business,mary.taylor631@company.com,,0
124765,Patricia Johnson,patricia.johnson747@icloud.com,E-commerce Store,Login Issue,The system is not syncing data across devices properly.,The issue was escalated to engineering and resolved in the latest patch.,High,In Progress,Web Form,South America,64,Male,Basic,50,0,3,41.54,149.05,2022-01-23,2022-02-06,Yes,No,Windows,Edge,Credit Card,Spanish,Evening,8,Individual,patricia.johnson747@icloud.com,,0
121491,Jessica Moore,jessica.moore429@icloud.com,Subscription Service,Payment Problem,The system is not syncing data across devices properly.,The duplicate charge was reversed and refund processed within 3-5 business days.,Medium,Closed,Email,South America,25,Other,Basic,45,5,4,19.78,62.21,2024-03-16,2024-03-24,Yes,No,Android,Unknown,Crypto,Japanese,Afternoon,2,Corporate,jessica.moore429@icloud.com,,0
91948,Sarah Taylor,sarah.taylor990@yahoo.com,CRM Platform,Subscription Cancellation,I am unable to access my account after entering the correct credentials.,Payment gateway timeout issue fixed and monitoring implemented.,High,Pending Customer,Phone,Australia,50,Male,Premium,22,16,3,26.06,89.84,2024-12-25,2024-12-30,No,Yes,MacOS,Unknown,Crypto,Japanese,Afternoon,6,Individual,sarah.taylor990@yahoo.com,,0
153276,Karen Rodriguez,karen.rodriguez838@hotmail.com,Payment Gateway,Refund Request,I would like to request a refund for the recent charge.,The duplicate charge was reversed and refund processed within 3-5 business days.,Urgent,Closed,Social Media,Australia,67,Female,Basic,36,8,4,24.95,7.45,2022-08-01,2022-08-14,No,Yes,Android,Firefox,PayPal,Chinese,Evening,2,Corporate,karen.rodriguez838@hotmail.com,,0
48356,Thomas Hernandez,thomas.hernandez47@icloud.com,Cloud Storage,Subscription Cancellation,There seems to be a discrepancy in my billing statement for this month.,Subscription status corrected and confirmation email sent to customer.,High,Resolved,Web Form,Africa,62,Male,Premium,31,18,5,69.77,42.61,2023-01-15,2023-01-15,Yes,Yes,Windows,Edge,Credit Card,Chinese,Morning,8,Small Business,thomas.hernandez47@icloud.com,,0
47010,Michael Garcia,michael.garcia732@outlook.com,Web Portal,Refund Request,There seems to be a discrepancy in my billing statement for this month.,Data synchronization restored after backend service restart.,Medium,In Progress,Social Media,North America,40,Female,Free,46,1,4,48.93,218.04,2023-11-15,2023-11-23,No,Yes,iOS,Firefox,Credit Card,Chinese,Evening,4,Corporate,michael.garcia732@outlook.com,,0
59420,Robert Wilson,robert.wilson467@yahoo.com,Mobile App,Data Sync Issue,I am experiencing very slow performance while using the dashboard.,Data synchronization restored after backend service restart.,High,Resolved,Chat,South America,61,Male,Basic,21,15,1,34.06,234.36,2024-12-07,2024-12-12,No,Yes,Windows,Chrome,Bank Transfer,English,Afternoon,1,Corporate,robert.wilson467@yahoo.com,,0
107385,James Miller,james.miller706@gmail.com,Cloud Storage,Data Sync Issue,The payment was deducted from my bank account but the transaction shows failed.,Bug logged internally and workaround shared with the customer.,High,Open,Chat,Asia,19,Other,Enterprise,45,19,4,17.89,52.14,2022-04-22,2022-04-29,Yes,Yes,iOS,Edge,PayPal,Spanish,Afternoon,9,Small Business,james.miller706@gmail.com,,0
154311,Elizabeth Davis,elizabeth.davis70@gmail.com,CRM Platform,Data Sync Issue,Two-factor authentication codes are not being delivered to my phone.,Data synchronization restored after backend service restart.,Urgent,Closed,Web Form,Africa,29,Male,Basic,36,16,5,45.46,179.75,2023-12-06,2023-12-12,Yes,No,Linux,Unknown,Debit Card,German,Afternoon,9,Individual,elizabeth.davis70@gmail.com,,0
92599,Karen Thomas,karen.thomas723@icloud.com,Billing System,Subscription Cancellation,There seems to be a discrepancy in my billing statement for this month.,Payment gateway timeout issue fixed and monitoring implemented.,High,Closed,Web Form,South America,22,Other,Enterprise,29,5,4,11.94,15.01,2022-08-25,2022-09-01,Yes,No,iOS,Unknown,Debit Card,French,Evening,6,Individual,karen.thomas723@icloud.com,,0
144010,David Wilson,david.wilson975@hotmail.com,API Service,Feature Request,My subscription was cancelled without my request and I need clarification.,The issue was escalated to engineering and resolved in the latest patch.,Urgent,In Progress,Social Media,Africa,54,Other,Premium,8,17,3,70.99,31.83,2022-02-17,2022-02-21,Yes,Yes,Android,Unknown,Crypto,German,Night,1,Individual,david.wilson975@hotmail.com,,0
139250,Richard Wilson,richard.wilson629@yahoo.com,Billing System,Subscription Cancellation,Two-factor authentication codes are not being delivered to my phone.,The duplicate charge was reversed and refund processed within 3-5 business days.,Low,Resolved,Phone,Australia,55,Other,Enterprise,14,12,1,29.22,103.29,2024-07-16,2024-07-29,No,No,MacOS,Chrome,Credit Card,Japanese,Evening,1,Corporate,richard.wilson629@yahoo.com,,0
192159,Richard Brown,richard.brown157@icloud.com,Analytics Dashboard,Security Concern,The application crashes whenever I try to upload a file.,Provided step-by-step troubleshooting instructions and issue resolved.,Low,Resolved,Email,Africa,36,Male,Free,25,14,1,67.34,38.18,2023-01-03,2023-01-06,Yes,Yes,Android,Unknown,Bank Transfer,Chinese,Afternoon,2,Small Business,richard.brown157@icloud.com,2022-07-27,0
166589,Jessica Lopez,jessica.lopez466@yahoo.com,Mobile App,Login Issue,I am unable to access my account after entering the correct credentials.,Bug logged internally and workaround shared with the customer.,Low,Resolved,Chat,Australia,68,Female,Premium,6,13,1,69.07,133.15,2024-11-29,2024-12-02,No,No,Windows,Firefox,Debit Card,German,Morning,10,Individual,jessica.lopez466@yahoo.com,,0
9917,Karen Miller,karen.miller961@hotmail.com,Billing System,Subscription Cancellation,The application crashes whenever I try to upload a file.,Bug logged internally and workaround shared with the customer.,Medium,Open,Chat,Asia,19,Female,Premium,51,6,4,49.48,236.86,2022-08-15,2022-08-27,No,No,Linux,Chrome,Bank Transfer,Chinese,Evening,2,Corporate,karen.miller961@hotmail.com,,0
8221,William Miller,william.miller249@gmail.com,CRM Platform,Feature Request,I would like to request a refund for the recent charge.,The issue was escalated to engineering and resolved in the latest patch.,High,Open,Email,South America,21,Male,Free,31,20,2,66.88,189.56,2024-02-07,2024-02-19,Yes,Yes,Android,Chrome,PayPal,English,Night,6,Small Business,william.miller249@gmail.com,2023-08-20,0
16386,John Rodriguez,john.rodriguez151@yahoo.com,API Service,Bug Report,The payment was deducted from my bank account but the transaction shows failed.,Data synchronization restored after backend service restart.,Medium,In Progress,Phone,Australia,46,Female,Enterprise,6,1,2,2.01,13.85,2022-11-02,2022-11-12,Yes,Yes,iOS,Unknown,Crypto,Chinese,Evening,6,Individual,john.rodriguez151@yahoo.com,,0
43544,Sarah Martin,sarah.martin624@gmail.com,CRM Platform,Data Sync Issue,Two-factor authentication codes are not being delivered to my phone.,Provided step-by-step troubleshooting instructions and issue resolved.,Low,Pending Customer,Social Media,Australia,65,Male,Premium,29,13,2,59.65,168.76,2023-03-22,2023-04-05,Yes,Yes,Linux,Unknown,Crypto,German,Evening,5,Corporate,sarah.martin624@gmail.com,,0
113714,William Miller,william.miller840@company.com,Cloud Storage,Login Issue,My subscription was cancelled without my request and I need clarification.,Data synchronization restored after backend service restart.,Low,In Progress,Chat,Europe,23,Female,Premium,15,10,5,61.19,190.35,2023-01-04,2023-01-06,Yes,No,Android,Edge,Debit Card,Chinese,Night,1,Individual,william.miller840@company.com,,0
17763,Charles Wilson,charles.wilson351@yahoo.com,Subscription Service,Data Sync Issue,The system is not syncing data across devices properly.,Payment gateway timeout issue fixed and monitoring implemented.,Low,Pending Customer,Social Media,Australia,68,Male,Free,48,20,2,40.91,47.85,2024-09-11,2024-09-25,No,No,iOS,Safari,Credit Card,French,Afternoon,3,Small Business,charles.wilson351@yahoo.com,,0
11653,Linda Williams,linda.williams559@hotmail.com,Subscription Service,Subscription Cancellation,My subscription was cancelled without my request and I need clarification.,Subscription status corrected and confirmation email sent to customer.,Urgent,Resolved,Chat,Africa,62,Male,Basic,2,4,5,23.51,159.27,2024-12-16,2024-12-19,No,Yes,MacOS,Safari,Crypto,Chinese,Afternoon,10,Corporate,linda.williams559@hotmail.com,,0
76584,Thomas Williams,thomas.williams131@icloud.com,Web Portal,Data Sync Issue,I am unable to access my account after entering the correct credentials.,The issue was escalated to engineering and resolved in the latest patch.,High,Pending Customer,Social Media,Europe,28,Other,Enterprise,22,11,2,67.12,94.58,2022-08-23,2022-08-30,Yes,Yes,iOS,Firefox,Debit Card,French,Afternoon,1,Small Business,thomas.williams131@icloud.com,,0
90000,James Thomas,james.thomas997@gmail.com,Payment Gateway,Account Suspension,There seems to be a discrepancy in my billing statement for this month.,The duplicate charge was reversed and refund processed within 3-5 business days.,High,In Progress,Email,Europe,49,Female,Premium,25,0,3,54.96,221.79,2023-01-19,2023-01-31,No,No,MacOS,Firefox,PayPal,Chinese,Morning,9,Corporate,james.thomas997@gmail.com,,0
17414,John Thomas,john.thomas673@company.com,Cloud Storage,Performance Issue,My subscription was cancelled without my request and I need clarification.,Provided step-by-step troubleshooting instructions and issue resolved.,Urgent,Closed,Phone,South America,23,Male,Enterprise,12,1,3,55.98,116.52,2022-09-09,2022-09-15,Yes,Yes,Linux,Unknown,Debit Card,English,Evening,10,Small Business,john.thomas673@company.com,,0
107669,Karen Wilson,karen.wilson59@icloud.com,Cloud Storage,Payment Problem,I am unable to access my account after entering the correct credentials.,Subscription status corrected and confirmation email sent to customer.,Medium,In Progress,Email,Europe,25,Other,Enterprise,33,16,3,61.79,136.77,2023-12-17,2023-12-19,Yes,Yes,Linux,Unknown,Credit Card,English,Night,5,Small Business,karen.wilson59@icloud.com,,0
80931,Robert Taylor,robert.taylor812@company.com,CRM Platform,Data Sync Issue,I found a bug in the latest update affecting report generation.,Subscription status corrected and confirmation email sent to customer.,Medium,Open,Phone,Asia,65,Other,Enterprise,47,6,2,34.31,79.21,2024-12-04,2024-12-10,No,Yes,Android,Edge,Bank Transfer,Japanese,Afternoon,1,Individual,robert.taylor812@company.com,2022-03-26,0
121919,Robert Miller,robert.miller307@hotmail.com,Billing System,Account Suspension,I am unable to access my account after entering the correct credentials.,Security settings updated and customer notified of precautionary measures.,Low,Resolved,Phone,Asia,59,Other,Enterprise,30,17,5,47.3,34.02,2023-02-02,2023-02-02,Yes,Yes,iOS,Edge,PayPal,Spanish,Evening,1,Corporate,robert.miller307@hotmail.com,,0
144389,Susan Lopez,susan.lopez727@icloud.com,Subscription Service,Account Suspension,There seems to be a discrepancy in my billing statement for this month.,Provided step-by-step troubleshooting instructions and issue resolved.,Low,Open,Web Form,Europe,51,Female,Enterprise,19,7,4,20.94,30.45,2024-12-31,2025-01-10,No,Yes,MacOS,Chrome,PayPal,Spanish,Afternoon,9,Corporate,susan.lopez727@icloud.com,,0
37487,James Martinez,james.martinez265@icloud.com,Subscription Service,Login Issue,The payment was deducted from my bank account but the transaction shows failed.,The duplicate charge was reversed and refund processed within 3-5 business days.,High,Closed,Web Form,South America,71,Male,Enterprise,13,20,5,63.58,106.97,2024-10-17,2024-10-26,No,Yes,Linux,Edge,Debit Card,German,Night,3,Corporate,james.martinez265@icloud.com,,0
46320,Karen Brown,karen.brown967@icloud.com,Billing System,Account Suspension,I am experiencing very slow performance while using the dashboard.,The issue was escalated to engineering and resolved in the latest patch.,Medium,Resolved,Web Form,Europe,32,Male,Free,38,3,5,1.43,173.47,2023-04-09,2023-04-18,No,Yes,Linux,Chrome,Debit Card,German,Night,5,Small Business,karen.brown967@icloud.com,,0
109312,Karen Gonzalez,karen.gonzalez778@hotmail.com,Cloud Storage,Account Suspension,The system is not syncing data across devices properly.,The duplicate charge was reversed and refund processed within 3-5 business days.,High,Open,Phone,Australia,32,Male,Basic,41,14,3,24.28,55.53,2024-09-02,2024-09-12,No,Yes,MacOS,Firefox,Bank Transfer,Spanish,Evening,2,Individual,karen.gonzalez778@hotmail.com,,0
99633,Jessica Brown,jessica.brown162@company.com,Mobile App,Performance Issue,Two-factor authentication codes are not being delivered to my phone.,Provided step-by-step troubleshooting instructions and issue resolved.,Medium,Closed,Web Form,South America,63,Male,Premium,8,15,3,42.02,197.91,2023-03-14,2023-03-25,No,Yes,Android,Unknown,PayPal,German,Night,9,Corporate,jessica.brown162@company.com,,0
180950,Joseph Davis,joseph.davis312@yahoo.com,API Service,Subscription Cancellation,The payment was deducted from my bank account but the transaction shows failed.,Data synchronization restored after backend service restart.,Low,Closed,Web Form,South America,34,Male,Premium,11,1,2,47.74,50.48,2024-03-17,2024-03-25,Yes,Yes,Android,Firefox,PayPal,Chinese,Evening,4,Small Business,joseph.davis312@yahoo.com,,0
10302,Patricia Lopez,patricia.lopez310@hotmail.com,API Service,Security Concern,I would like to request a refund for the recent charge.,Data synchronization restored after backend service restart.,High,Resolved,Social Media,South America,68,Female,Premium,41,13,4,42.7,223.06,2022-07-13,2022-07-15,Yes,No,Linux,Unknown,PayPal,German,Afternoon,8,Corporate,patricia.lopez310@hotmail.com,,0
12327,John Moore,john.moore577@hotmail.com,Cloud Storage,Performance Issue,The system is not syncing data across devices properly.,Bug logged internally and workaround shared with the customer.,Medium,Resolved,Social Media,North America,67,Male,Free,13,2,1,47.58,175.12,2024-07-25,2024-07-30,No,Yes,Windows,Chrome,Bank Transfer,Chinese,Afternoon,10,Corporate,john.moore577@hotmail.com,,0
4697,Barbara Lopez,barbara.lopez916@yahoo.com,E-commerce Store,Data Sync Issue,My subscription was cancelled without my request and I need clarification.,Data synchronization restored after backend service restart.,Low,In Progress,Web Form,North America,33,Female,Basic,50,13,2,61.36,83.62,2022-12-19,2022-12-31,No,No,Linux,Firefox,Credit Card,German,Afternoon,8,Individual,barbara.lopez916@yahoo.com,,0
127644,Barbara Garcia,barbara.garcia448@hotmail.com,CRM Platform,Data Sync Issue,There seems to be a discrepancy in my billing statement for this month.,We have reset the account credentials and advised the customer to retry login.,Low,Closed,Phone,Asia,57,Female,Premium,5,18,4,27.24,108.01,2024-07-28,2024-08-08,Yes,Yes,Android,Unknown,Bank Transfer,English,Night,2,Corporate,barbara.garcia448@hotmail.com,,0
177201,William Jackson,william.jackson245@icloud.com,Billing System,Payment Problem,The application crashes whenever I try to upload a file.,The issue was escalated to engineering and resolved in the latest patch.,Medium,Resolved,Chat,Australia,34,Male,Premium,60,5,2,45.95,19.0,2022-05-17,2022-05-17,Yes,Yes,Android,Chrome,PayPal,French,Afternoon,4,Corporate,william.jackson245@icloud.com,,0
67155,Charles Taylor,charles.taylor430@icloud.com,Payment Gateway,Performance Issue,Two-factor authentication codes are not being delivered to my phone.,We have reset the account credentials and advised the customer to retry login.,High,Closed,Email,North America,50,Female,Basic,1,9,4,61.36,220.02,2023-07-31,2023-08-11,No,Yes,Android,Chrome,Debit Card,English,Afternoon,6,Corporate,charles.taylor430@icloud.com,,0
166192,Jennifer Rodriguez,jennifer.rodriguez705@gmail.com,Cloud Storage,Refund Request,I found a bug in the latest update affecting report generation.,Payment gateway timeout issue fixed and monitoring implemented.,Low,Resolved,Web Form,Asia,64,Female,Enterprise,14,15,3,27.41,218.67,2022-12-14,2022-12-28,Yes,No,Windows,Edge,Debit Card,French,Evening,5,Corporate,jennifer.rodriguez705@gmail.com,,0
144240,Michael Gonzalez,michael.gonzalez300@icloud.com,Analytics Dashboard,Feature Request,The application crashes whenever I try to upload a file.,We have reset the account credentials and advised the customer to retry login.,High,Closed,Social Media,Africa,73,Other,Basic,59,16,3,48.78,82.36,2024-03-16,2024-03-30,Yes,Yes,Linux,Chrome,PayPal,Japanese,Evening,5,Individual,michael.gonzalez300@icloud.com,,0
134430,William Martin,william.martin147@company.com,Analytics Dashboard,Payment Problem,I would like to request a refund for the recent charge.,The issue was escalated to engineering and resolved in the latest patch.,Low,Closed,Social Media,South America,28,Male,Basic,53,3,4,67.33,3.87,2024-07-21,2024-07-21,Yes,Yes,Android,Unknown,Credit Card,Japanese,Evening,8,Corporate,william.martin147@company.com,,0
55375,Elizabeth Smith,elizabeth.smith422@outlook.com,Mobile App,Refund Request,I found a bug in the latest update affecting report generation.,Payment gateway timeout issue fixed and monitoring implemented.,Medium,Pending Customer,Social Media,Asia,54,Other,Enterprise,21,14,2,42.59,166.12,2024-03-05,2024-03-09,No,Yes,iOS,Chrome,PayPal,Chinese,Morning,9,Corporate,elizabeth.smith422@outlook.com,,0
11571,Robert Jackson,robert.jackson2@outlook.com,Payment Gateway,Account Suspension,Two-factor authentication codes are not being delivered to my phone.,We have reset the account credentials and advised the customer to retry login.,High,Closed,Social Media,Australia,49,Female,Basic,4,12,1,12.22,25.27,2024-04-09,2024-04-10,Yes,Yes,iOS,Chrome,Credit Card,German,Morning,8,Individual,robert.jackson2@outlook.com,,0
14325,Mary Davis,mary.davis297@hotmail.com,Analytics Dashboard,Login Issue,I would like to request a refund for the recent charge.,Subscription status corrected and confirmation email sent to customer.,Urgent,Resolved,Email,Asia,21,Other,Premium,29,0,1,10.93,231.27,2022-08-09,2022-08-16,Yes,Yes,Linux,Chrome,PayPal,French,Afternoon,9,Small Business,mary.davis297@hotmail.com,,0
87395,Linda Moore,linda.moore728@gmail.com,API Service,Bug Report,I found a bug in the latest update affecting report generation.,Explained billing breakdown and clarified applicable charges.,Urgent,Resolved,Social Media,Asia,47,Other,Premium,14,17,1,67.51,101.24,2023-02-23,2023-03-05,Yes,Yes,MacOS,Unknown,Crypto,Spanish,Evening,6,Individual,linda.moore728@gmail.com,2022-04-06,0
141175,Robert Smith,robert.smith479@gmail.com,Web Portal,Security Concern,I am unable to access my account after entering the correct credentials.,The issue was escalated to engineering and resolved in the latest patch.,High,Pending Customer,Web Form,Asia,43,Male,Premium,43,4,3,59.74,124.06,2024-08-06,2024-08-11,No,Yes,Android,Edge,Debit Card,English,Afternoon,7,Individual,robert.smith479@gmail.com,,0
44169,Jennifer Martinez,jennifer.martinez729@gmail.com,CRM Platform,Account Suspension,There seems to be a discrepancy in my billing statement for this month.,Data synchronization restored after backend service restart.,High,Pending Customer,Email,North America,70,Other,Premium,42,17,1,57.38,160.95,2024-08-18,2024-08-28,Yes,No,MacOS,Firefox,PayPal,Japanese,Afternoon,3,Corporate,jennifer.martinez729@gmail.com,,0
75385,Patricia Smith,patricia.smith104@company.com,Billing System,Data Sync Issue,The system is not syncing data across devices properly.,We have reset the account credentials and advised the customer to retry login.,Low,Resolved,Web Form,Africa,65,Male,Enterprise,31,18,3,33.87,21.3,2023-01-25,2023-01-31,No,No,iOS,Chrome,Crypto,Japanese,Night,9,Small Business,patricia.smith104@company.com,,0
113558,Richard Anderson,richard.anderson689@icloud.com,Subscription Service,Subscription Cancellation,I found a bug in the latest update affecting report generation.,The issue was escalated to engineering and resolved in the latest patch.,Medium,Pending Customer,Email,South America,21,Other,Free,21,9,3,40.32,201.28,2022-05-10,2022-05-24,Yes,Yes,Linux,Edge,PayPal,German,Morning,2,Individual,richard.anderson689@icloud.com,,0
134114,Barbara Garcia,barbara.garcia976@icloud.com,Mobile App,Performance Issue,The payment was deducted from my bank account but the transaction shows failed.,Subscription status corrected and confirmation email sent to customer.,Low,Resolved,Social Media,North America,21,Female,Free,47,11,4,49.53,225.83,2022-10-29,2022-11-12,No,No,Windows,Firefox,Debit Card,German,Afternoon,1,Small Business,barbara.garcia976@icloud.com,,0
171739,Patricia Anderson,patricia.anderson190@outlook.com,Mobile App,Account Suspension,I am unable to access my account after entering the correct credentials.,Subscription status corrected and confirmation email sent to customer.,Low,Open,Email,Europe,58,Other,Enterprise,1,0,2,22.25,163.17,2022-07-29,2022-08-07,No,No,Linux,Chrome,Bank Transfer,Japanese,Morning,4,Small Business,patricia.anderson190@outlook.com,,0
193580,Sarah Martin,sarah.martin673@icloud.com,API Service,Feature Request,I am experiencing very slow performance while using the dashboard.,Payment gateway timeout issue fixed and monitoring implemented.,High,Open,Chat,Europe,62,Other,Enterprise,21,13,1,12.0,64.84,2024-02-27,2024-02-27,Yes,No,MacOS,Edge,PayPal,Japanese,Evening,7,Individual,sarah.martin673@icloud.com,,0
46658,Karen Smith,karen.smith846@gmail.com,E-commerce Store,Security Concern,There seems to be a discrepancy in my billing statement for this month.,Security settings updated and customer notified of precautionary measures.,High,Resolved,Email,Australia,49,Other,Enterprise,29,11,3,51.62,3.12,2023-06-16,2023-06-24,Yes,No,MacOS,Edge,Credit Card,French,Morning,6,Corporate,karen.smith846@gmail.com,,0
115835,Robert Rodriguez,robert.rodriguez918@yahoo.com,E-commerce Store,Subscription Cancellation,There seems to be a discrepancy in my billing statement for this month.,The duplicate charge was reversed and refund processed within 3-5 business days.,Medium,Pending Customer,Social Media,Australia,43,Female,Free,2,7,4,56.2,232.97,2024-11-30,2024-12-04,Yes,Yes,iOS,Edge,Credit Card,French,Afternoon,5,Corporate,robert.rodriguez918@yahoo.com,,0
103287,Susan Miller,susan.miller394@outlook.com,Analytics Dashboard,Account Suspension,There seems to be a discrepancy in my billing statement for this month.,Payment gateway timeout issue fixed and monitoring implemented.,Low,Open,Social Media,Australia,62,Male,Premium,8,7,4,57.03,187.15,2023-11-19,2023-11-23,No,No,iOS,Firefox,Crypto,Chinese,Morning,2,Small Business,susan.miller394@outlook.com,,0
100634,Joseph Williams,joseph.williams769@hotmail.com,CRM Platform,Bug Report,The payment was deducted from my bank account but the transaction shows failed.,Data synchronization restored after backend service restart.,Low,In Progress,Email,Asia,39,Male,Free,10,16,5,48.94,14.59,2022-05-11,2022-05-14,No,No,Linux,Edge,Crypto,Chinese,Night,6,Corporate,joseph.williams769@hotmail.com,,0
122715,Michael Miller,michael.miller176@outlook.com,Web Portal,Bug Report,The application crashes whenever I try to upload a file.,The duplicate charge was reversed and refund processed within 3-5 business days.,Medium,Open,Email,Australia,61,Male,Basic,11,4,5,66.97,50.67,2022-12-03,2022-12-08,No,Yes,Windows,Firefox,Bank Transfer,Chinese,Afternoon,7,Small Business,michael.miller176@outlook.com,,0
32775,James Gonzalez,james.gonzalez66@gmail.com,Payment Gateway,Bug Report,The application crashes whenever I try to upload a file.,The duplicate charge was reversed and refund processed within 3-5 business days.,Low,In Progress,Phone,Australia,38,Male,Premium,25,9,5,63.38,226.62,2022-09-19,2022-09-20,No,Yes,iOS,Unknown,Credit Card,Japanese,Afternoon,1,Individual,james.gonzalez66@gmail.com,,0
108428,David Wilson,david.wilson280@hotmail.com,API Service,Performance Issue,I would like to request a refund for the recent charge.,Provided step-by-step troubleshooting instructions and issue resolved.,Urgent,Pending Customer,Email,South America,74,Male,Enterprise,39,5,5,47.52,168.02,2023-08-06,2023-08-13,No,Yes,iOS,Unknown,PayPal,Japanese,Night,9,Corporate,david.wilson280@hotmail.com,,0
48925,James Williams,james.williams123@company.com,Web Portal,Security Concern,I am experiencing very slow performance while using the dashboard.,Subscription status corrected and confirmation email sent to customer.,Urgent,Closed,Phone,Africa,74,Male,Basic,59,9,1,44.25,186.01,2023-06-30,2023-07-14,No,No,iOS,Safari,Credit Card,German,Evening,3,Small Business,james.williams123@company.com,,0
7886,Elizabeth Thomas,elizabeth.thomas271@company.com,Payment Gateway,Subscription Cancellation,The system is not syncing data across devices properly.,Security settings updated and customer notified of precautionary measures.,Medium,Resolved,Web Form,Asia,25,Other,Premium,11,19,2,5.98,36.11,2023-07-03,2023-07-11,No,No,iOS,Chrome,Debit Card,English,Evening,4,Corporate,elizabeth.thomas271@company.com,2022-08-30,0
181964,Linda Thomas,linda.thomas245@gmail.com,Subscription Service,Data Sync Issue,The application crashes whenever I try to upload a file.,Provided step-by-step troubleshooting instructions and issue resolved.,Low,Pending Customer,Email,Australia,51,Male,Free,52,14,1,59.81,44.03,2023-04-15,2023-04-16,No,No,Windows,Safari,Credit Card,French,Night,1,Individual,linda.thomas245@gmail.com,,0
64098,Sarah Brown,sarah.brown708@hotmail.com,API Service,Subscription Cancellation,The payment was deducted from my bank account but the transaction shows failed.,We have reset the account credentials and advised the customer to retry login.,Low,Open,Web Form,Asia,61,Female,Basic,29,13,5,5.63,82.2,2024-10-23,2024-10-30,No,No,Android,Safari,PayPal,French,Night,9,Individual,sarah.brown708@hotmail.com,,0
124932,Barbara Anderson,barbara.anderson778@icloud.com,Cloud Storage,Bug Report,I found a bug in the latest update affecting report generation.,The issue was escalated to engineering and resolved in the latest patch.,High,Pending Customer,Email,South America,33,Male,Enterprise,48,5,4,6.01,63.88,2022-09-30,2022-10-14,Yes,Yes,Linux,Unknown,Bank Transfer,English,Morning,5,Small Business,barbara.anderson778@icloud.com,,0
114548,Michael Jones,michael.jones264@outlook.com,Mobile App,Data Sync Issue,Two-factor authentication codes are not being delivered to my phone.,Data synchronization restored after backend service restart.,Low,Pending Customer,Phone,North America,50,Female,Basic,3,1,2,28.04,96.96,2024-12-14,2024-12-25,Yes,Yes,Android,Chrome,PayPal,English,Evening,2,Individual,michael.jones264@outlook.com,,0
64869,Thomas Smith,thomas.smith498@yahoo.com,Mobile App,Security Concern,I found a bug in the latest update affecting report generation.,Subscription status corrected and confirmation email sent to customer.,Urgent,Closed,Phone,South America,73,Male,Free,19,11,4,37.92,83.45,2024-08-14,2024-08-20,No,No,MacOS,Edge,Credit Card,French,Night,8,Small Business,thomas.smith498@yahoo.com,,0
16578,Linda Smith,linda.smith958@icloud.com,Web Portal,Subscription Cancellation,The payment was deducted from my bank account but the transaction shows failed.,We have reset the account credentials and advised the customer to retry login.,Low,Open,Phone,Europe,52,Male,Enterprise,39,3,5,52.15,84.87,2024-08-18,2024-08-21,No,Yes,Windows,Edge,Bank Transfer,Spanish,Night,8,Small Business,linda.smith958@icloud.com,,0
137661,Joseph Lopez,joseph.lopez871@yahoo.com,API Service,Payment Problem,I am unable to access my account after entering the correct credentials.,Subscription status corrected and confirmation email sent to customer.,High,Closed,Chat,North America,68,Female,Basic,34,10,1,31.67,82.52,2024-06-13,2024-06-27,No,No,iOS,Safari,PayPal,French,Morning,6,Corporate,joseph.lopez871@yahoo.com,,0
12530,Elizabeth Johnson,elizabeth.johnson311@company.com,API Service,Feature Request,Two-factor authentication codes are not being delivered to my phone.,We have reset the account credentials and advised the customer to retry login.,Urgent,Open,Phone,North America,62,Female,Premium,37,13,3,4.69,116.06,2024-08-29,2024-09-09,No,Yes,MacOS,Unknown,Credit Card,English,Morning,7,Corporate,elizabeth.johnson311@company.com,,0
186555,Michael Wilson,michael.wilson637@yahoo.com,Subscription Service,Bug Report,The system is not syncing data across devices properly.,Provided step-by-step troubleshooting instructions and issue resolved.,Urgent,Pending Customer,Email,North America,38,Male,Premium,21,16,4,71.24,117.13,2024-12-04,2024-12-04,No,Yes,Linux,Firefox,Credit Card,Spanish,Morning,10,Corporate,michael.wilson637@yahoo.com,,0
127506,David Smith,david.smith466@company.com,Mobile App,Bug Report,I found a bug in the latest update affecting report generation.,Bug logged internally and workaround shared with the customer.,Medium,Resolved,Social Media,Africa,74,Male,Premium,7,10,3,17.08,208.08,2023-07-09,2023-07-13,Yes,No,Windows,Chrome,Bank Transfer,Japanese,Night,6,Corporate,david.smith466@company.com,,0
10453,Joseph Moore,joseph.moore30@yahoo.com,CRM Platform,Security Concern,There seems to be a discrepancy in my billing statement for this month.,The issue was escalated to engineering and resolved in the latest patch.,High,Pending Customer,Email,Asia,36,Male,Enterprise,53,8,1,36.06,222.35,2023-05-03,2023-05-06,No,No,MacOS,Edge,Bank Transfer,French,Evening,10,Small Business,joseph.moore30@yahoo.com,,0
72566,Joseph Smith,joseph.smith562@gmail.com,Billing System,Security Concern,I am experiencing very slow performance while using the dashboard.,The duplicate charge was reversed and refund processed within 3-5 business days.,High,Open,Social Media,South America,40,Male,Free,57,6,5,71.93,213.74,2024-06-12,2024-06-22,No,No,Linux,Firefox,Bank Transfer,Japanese,Afternoon,4,Small Business,joseph.smith562@gmail.com,,0
64547,Elizabeth Martin,elizabeth.martin940@gmail.com,Cloud Storage,Login Issue,The payment was deducted from my bank account but the transaction shows failed.,Payment gateway timeout issue fixed and monitoring implemented.,Medium,Open,Social Media,Australia,65,Male,Basic,48,17,3,17.8,214.1,2024-05-02,2024-05-06,No,Yes,Android,Edge,Credit Card,English,Morning,3,Small Business,elizabeth.martin940@gmail.com,,0
64440,Patricia Thomas,patricia.thomas109@hotmail.com,Billing System,Bug Report,I am experiencing very slow performance while using the dashboard.,We have reset the account credentials and advised the customer to retry login.,Urgent,Closed,Web Form,Europe,49,Female,Premium,3,5,4,22.51,145.38,2023-06-20,2023-06-21,Yes,No,Linux,Edge,Credit Card,Chinese,Night,3,Corporate,patricia.thomas109@hotmail.com,,0
34608,William Thomas,william.thomas39@hotmail.com,Analytics Dashboard,Subscription Cancellation,There seems to be a discrepancy in my billing statement for this month.,The issue was escalated to engineering and resolved in the latest patch.,Low,In Progress,Web Form,South America,38,Male,Free,47,16,2,69.32,199.19,2024-12-13,2024-12-18,Yes,Yes,Windows,Chrome,PayPal,French,Morning,9,Corporate,william.thomas39@hotmail.com,,0
162189,Susan Hernandez,susan.hernandez47@outlook.com,Payment Gateway,Data Sync Issue,The payment was deducted from my bank account but the transaction shows failed.,Security settings updated and customer notified of precautionary measures.,Urgent,In Progress,Chat,South America,36,Female,Enterprise,22,9,4,16.62,18.33,2024-04-03,2024-04-04,Yes,Yes,Windows,Unknown,Crypto,French,Afternoon,10,Individual,susan.hernandez47@outlook.com,,0
144969,Joseph Rodriguez,joseph.rodriguez862@yahoo.com,Billing System,Data Sync Issue,I would like to request a refund for the recent charge.,Explained billing breakdown and clarified applicable charges.,High,Resolved,Chat,Australia,22,Female,Basic,15,3,1,8.58,86.42,2024-01-10,2024-01-23,No,Yes,iOS,Edge,Bank Transfer,Spanish,Night,9,Corporate,joseph.rodriguez862@yahoo.com,,0
107995,Susan Johnson,susan.johnson659@yahoo.com,Billing System,Data Sync Issue,I am experiencing very slow performance while using the dashboard.,Subscription status corrected and confirmation email sent to customer.,Low,Resolved,Social Media,Europe,35,Other,Basic,27,1,5,53.21,89.58,2023-06-13,2023-06-20,Yes,No,MacOS,Edge,Crypto,English,Afternoon,7,Corporate,susan.johnson659@yahoo.com,,0
137079,Elizabeth Gonzalez,elizabeth.gonzalez955@outlook.com,Mobile App,Feature Request,The application crashes whenever I try to upload a file.,Explained billing breakdown and clarified applicable charges.,Low,In Progress,Social Media,Australia,19,Male,Basic,49,8,5,15.94,109.27,2022-02-14,2022-02-23,Yes,No,MacOS,Firefox,Credit Card,Japanese,Morning,5,Individual,elizabeth.gonzalez955@outlook.com,,0
107005,Susan Miller,susan.miller309@gmail.com,Web Portal,Account Suspension,I found a bug in the latest update affecting report generation.,Bug logged internally and workaround shared with the customer.,High,Pending Customer,Email,Asia,62,Other,Free,60,7,5,44.66,133.1,2024-09-23,2024-10-02,No,Yes,iOS,Edge,PayPal,French,Afternoon,5,Corporate,susan.miller309@gmail.com,,0
50825,Thomas Hernandez,thomas.hernandez146@icloud.com,Payment Gateway,Account Suspension,I would like to request a refund for the recent charge.,Subscription status corrected and confirmation email sent to customer.,High,Open,Phone,Australia,49,Male,Enterprise,19,7,3,37.64,18.4,2024-10-12,2024-10-26,No,Yes,Windows,Firefox,Credit Card,German,Night,8,Individual,thomas.hernandez146@icloud.com,2022-10-18,0
34317,Sarah Jones,sarah.jones484@outlook.com,Subscription Service,Login Issue,I am unable to access my account after entering the correct credentials.,Data synchronization restored after backend service restart.,High,Closed,Web Form,Europe,72,Male,Free,38,5,1,26.39,184.54,2023-03-02,2023-03-02,No,Yes,MacOS,Unknown,Credit Card,Japanese,Evening,2,Small Business,sarah.jones484@outlook.com,,0
139348,Linda Taylor,linda.taylor28@icloud.com,API Service,Feature Request,I am unable to access my account after entering the correct credentials.,Provided step-by-step troubleshooting instructions and issue resolved.,Medium,Pending Customer,Social Media,Asia,30,Female,Basic,58,4,2,43.43,122.06,2022-12-28,2022-12-28,Yes,Yes,Android,Unknown,Bank Transfer,English,Afternoon,4,Individual,linda.taylor28@icloud.com,,0
174037,Robert Hernandez,robert.hernandez938@icloud.com,API Service,Feature Request,I am experiencing very slow performance while using the dashboard.,Explained billing breakdown and clarified applicable charges.,Low,In Progress,Web Form,Australia,63,Female,Free,14,9,4,40.47,20.96,2023-03-22,2023-03-23,No,No,Android,Safari,Debit Card,Spanish,Morning,9,Corporate,robert.hernandez938@icloud.com,,0
42747,Elizabeth Martinez,elizabeth.martinez476@icloud.com,Billing System,Refund Request,There seems to be a discrepancy in my billing statement for this month.,The duplicate charge was reversed and refund processed within 3-5 business days.,High,Closed,Phone,Australia,42,Male,Basic,31,15,5,42.3,208.5,2022-11-04,2022-11-06,No,No,MacOS,Safari,Debit Card,Chinese,Morning,7,Small Business,elizabeth.martinez476@icloud.com,,0
19999,Jennifer Davis,jennifer.davis71@gmail.com,Analytics Dashboard,Performance Issue,Two-factor authentication codes are not being delivered to my phone.,The duplicate charge was reversed and refund processed within 3-5 business days.,Urgent,Open,Web Form,Africa,30,Male,Basic,60,8,5,36.95,122.41,2022-11-21,2022-12-01,Yes,No,iOS,Safari,Bank Transfer,English,Afternoon,7,Corporate,jennifer.davis71@gmail.com,,0
122191,Barbara Thomas,barbara.thomas124@hotmail.com,Cloud Storage,Bug Report,Two-factor authentication codes are not being delivered to my phone.,Security settings updated and customer notified of precautionary measures.,Medium,Pending Customer,Chat,South America,23,Other,Basic,26,4,5,42.62,102.94,2022-12-27,2022-12-29,Yes,No,Linux,Safari,Credit Card,German,Evening,2,Individual,barbara.thomas124@hotmail.com,,0
157420,Richard Miller,richard.miller534@icloud.com,API Service,Data Sync Issue,The system is not syncing data across devices properly.,We have reset the account credentials and advised the customer to retry login.,Urgent,Open,Social Media,Australia,61,Female,Basic,16,8,2,63.47,137.92,2023-04-02,2023-04-07,Yes,Yes,MacOS,Edge,Crypto,Chinese,Afternoon,2,Corporate,richard.miller534@icloud.com,,0
103691,Patricia Gonzalez,patricia.gonzalez607@icloud.com,Billing System,Performance Issue,The payment was deducted from my bank account but the transaction shows failed.,The issue was escalated to engineering and resolved in the latest patch.,Medium,Resolved,Web Form,Africa,21,Male,Free,40,10,2,16.15,16.32,2022-07-09,2022-07-22,No,No,Windows,Unknown,Credit Card,Chinese,Night,10,Individual,patricia.gonzalez607@icloud.com,,0
100669,Linda Smith,linda.smith838@icloud.com,Subscription Service,Feature Request,I found a bug in the latest update affecting report generation.,Security settings updated and customer notified of precautionary measures.,Low,Resolved,Email,Asia,20,Other,Premium,13,6,5,20.67,231.29,2022-09-19,2022-09-26,No,No,Windows,Edge,Crypto,Japanese,Afternoon,8,Corporate,linda.smith838@icloud.com,,0
91379,Robert Miller,robert.miller532@yahoo.com,Billing System,Subscription Cancellation,I am experiencing very slow performance while using the dashboard.,The duplicate charge was reversed and refund processed within 3-5 business days.,Low,Resolved,Email,Africa,35,Female,Free,54,13,1,21.49,159.05,2022-08-03,2022-08-06,Yes,No,Linux,Safari,PayPal,Japanese,Evening,6,Small Business,robert.miller532@yahoo.com,,0
169359,Michael Garcia,michael.garcia94@company.com,Payment Gateway,Security Concern,The application crashes whenever I try to upload a file.,The duplicate charge was reversed and refund processed within 3-5 business days.,Urgent,Pending Customer,Phone,Africa,30,Male,Premium,57,15,4,22.31,36.36,2024-10-30,2024-11-09,No,Yes,Windows,Edge,PayPal,Spanish,Afternoon,5,Corporate,michael.garcia94@company.com,,0
13575,Jennifer Williams,jennifer.williams211@hotmail.com,Billing System,Performance Issue,The application crashes whenever I try to upload a file.,We have reset the account credentials and advised the customer to retry login.,Medium,Pending Customer,Social Media,Asia,36,Male,Free,40,6,4,23.17,5.45,2024-09-02,2024-09-11,Yes,No,Linux,Chrome,Debit Card,Japanese,Morning,5,Small Business,jennifer.williams211@hotmail.com,,0
157186,Barbara Moore,barbara.moore768@outlook.com,Billing System,Security Concern,Two-factor authentication codes are not being delivered to my phone.,The duplicate charge was reversed and refund processed within 3-5 business days.,Medium,In Progress,Email,Australia,33,Female,Free,46,19,2,49.48,224.22,2024-02-05,2024-02-08,Yes,Yes,Android,Safari,PayPal,English,Afternoon,1,Small Business,barbara.moore768@outlook.com,,0
137971,Jennifer Gonzalez,jennifer.gonzalez420@yahoo.com,Billing System,Performance Issue,I am unable to access my account after entering the correct credentials.,Security settings updated and customer notified of precautionary measures.,High,Open,Chat,Europe,55,Other,Free,54,19,5,11.38,165.14,2023-07-19,2023-07-31,Yes,No,Windows,Unknown,Debit Card,English,Morning,1,Small Business,jennifer.gonzalez420@yahoo.com,,0
141379,Jessica Gonzalez,jessica.gonzalez336@company.com,Billing System,Bug Report,I would like to request a refund for the recent charge.,Security settings updated and customer notified of precautionary measures.,Medium,Closed,Phone,North America,51,Female,Premium,15,12,2,57.95,193.05,2024-03-17,2024-03-29,Yes,Yes,Linux,Unknown,PayPal,Spanish,Afternoon,2,Corporate,jessica.gonzalez336@company.com,,0
173737,Michael Jackson,michael.jackson931@icloud.com,Payment Gateway,Refund Request,I would like to request a refund for the recent charge.,Provided step-by-step troubleshooting instructions and issue resolved.,Urgent,Resolved,Phone,South America,56,Male,Premium,56,12,5,26.6,233.23,2023-11-12,2023-11-26,Yes,Yes,Windows,Unknown,Bank Transfer,German,Afternoon,5,Corporate,michael.jackson931@icloud.com,,0
80389,Robert Taylor,robert.taylor547@yahoo.com,Payment Gateway,Subscription Cancellation,I would like to request a refund for the recent charge.,Data synchronization restored after backend service restart.,High,Closed,Web Form,South America,72,Other,Free,21,20,4,13.87,121.25,2024-01-26,2024-02-05,Yes,No,Windows,Chrome,PayPal,English,Evening,3,Individual,robert.taylor547@yahoo.com,2022-12-19,0
107313,Charles Rodriguez,charles.rodriguez276@icloud.com,Billing System,Security Concern,My subscription was cancelled without my request and I need clarification.,Payment gateway timeout issue fixed and monitoring implemented.,High,In Progress,Phone,North America,59,Other,Free,50,15,4,54.82,233.04,2022-11-13,2022-11-22,Yes,Yes,iOS,Unknown,PayPal,Chinese,Night,6,Corporate,charles.rodriguez276@icloud.com,,0
124569,John Williams,john.williams376@gmail.com,Payment Gateway,Refund Request,I found a bug in the latest update affecting report generation.,We have reset the account credentials and advised the customer to retry login.,Low,Resolved,Social Media,Asia,64,Male,Basic,54,11,4,37.88,194.34,2023-06-14,2023-06-15,Yes,Yes,MacOS,Unknown,Credit Card,Chinese,Afternoon,2,Individual,john.williams376@gmail.com,,0
185905,James Williams,james.williams438@icloud.com,CRM Platform,Performance Issue,I am unable to access my account after entering the correct credentials.,Explained billing breakdown and clarified applicable charges.,Low,Resolved,Email,South America,48,Male,Free,11,4,3,49.2,67.65,2023-05-09,2023-05-14,No,Yes,iOS,Firefox,Credit Card,German,Night,6,Corporate,james.williams438@icloud.com,,0
139950,Joseph Thomas,joseph.thomas382@gmail.com,Subscription Service,Refund Request,I found a bug in the latest update affecting report generation.,The duplicate charge was reversed and refund processed within 3-5 business days.,High,In Progress,Social Media,Australia,65,Male,Basic,29,8,2,49.42,220.95,2023-09-09,2023-09-11,Yes,No,MacOS,Edge,PayPal,Chinese,Morning,5,Individual,joseph.thomas382@gmail.com,,0
83171,Susan Taylor,susan.taylor849@yahoo.com,Web Portal,Refund Request,I am experiencing very slow performance while using the dashboard.,We have reset the account credentials and advised the customer to retry login.,Urgent,Resolved,Web Form,Europe,58,Female,Enterprise,44,9,2,68.93,221.04,2024-06-04,2024-06-17,No,No,iOS,Unknown,Bank Transfer,Spanish,Night,7,Small Business,susan.taylor849@yahoo.com,,0
19922,Joseph Martin,joseph.martin511@hotmail.com,Analytics Dashboard,Data Sync Issue,I am unable to access my account after entering the correct credentials.,Payment gateway timeout issue fixed and monitoring implemented.,High,Resolved,Web Form,Australia,57,Male,Free,21,15,5,54.9,222.83,2022-11-30,2022-12-10,No,No,iOS,Unknown,Bank Transfer,Chinese,Night,3,Small Business,joseph.martin511@hotmail.com,,0
136435,Jessica Moore,jessica.moore357@company.com,Subscription Service,Data Sync Issue,The system is not syncing data across devices properly.,The issue was escalated to engineering and resolved in the latest patch.,Urgent,In Progress,Web Form,Africa,61,Male,Free,44,13,4,55.3,145.03,2022-12-15,2022-12-16,Yes,Yes,Linux,Chrome,Bank Transfer,English,Evening,1,Corporate,jessica.moore357@company.com,,0
159077,Joseph Lopez,joseph.lopez14@outlook.com,Web Portal,Payment Problem,My subscription was cancelled without my request and I need clarification.,Payment gateway timeout issue fixed and monitoring implemented.,Urgent,Open,Web Form,South America,39,Other,Basic,52,17,4,49.96,83.51,2023-11-03,2023-11-11,Yes,No,Android,Chrome,Credit Card,Japanese,Morning,3,Small Business,joseph.lopez14@outlook.com,,0
35244,David Jackson,david.jackson768@icloud.com,Web Portal,Feature Request,The application crashes whenever I try to upload a file.,Security settings updated and customer notified of precautionary measures.,Low,Closed,Social Media,North America,58,Other,Premium,15,19,3,23.64,137.79,2023-05-01,2023-05-10,Yes,Yes,Android,Chrome,Credit Card,Chinese,Night,3,Corporate,david.jackson768@icloud.com,,0
197684,Robert Jackson,robert.jackson53@yahoo.com,API Service,Data Sync Issue,I found a bug in the latest update affecting report generation.,Explained billing breakdown and clarified applicable charges.,High,Closed,Social Media,Asia,27,Other,Basic,58,6,5,64.28,141.69,2024-11-12,2024-11-17,Yes,No,iOS,Safari,PayPal,English,Night,7,Individual,robert.jackson53@yahoo.com,,0
6407,Richard Lopez,richard.lopez150@outlook.com,Mobile App,Data Sync Issue,Two-factor authentication codes are not being delivered to my phone.,We have reset the account credentials and advised the customer to retry login.,High,Open,Chat,South America,23,Male,Premium,47,14,4,62.77,50.87,2023-02-22,2023-03-04,Yes,Yes,Linux,Safari,Debit Card,English,Evening,6,Small Business,richard.lopez150@outlook.com,,0
133558,Thomas Smith,thomas.smith863@company.com,Mobile App,Refund Request,My subscription was cancelled without my request and I need clarification.,The duplicate charge was reversed and refund processed within 3-5 business days.,Medium,Resolved,Email,South America,35,Other,Free,32,9,4,27.83,201.22,2022-10-08,2022-10-12,No,Yes,MacOS,Chrome,Bank Transfer,French,Afternoon,2,Individual,thomas.smith863@company.com,,0
138825,Elizabeth Brown,elizabeth.brown312@company.com,Cloud Storage,Account Suspension,The payment was deducted from my bank account but the transaction shows failed.,The issue was escalated to engineering and resolved in the latest patch.,Low,Pending Customer,Email,North America,63,Female,Enterprise,10,4,4,15.92,25.02,2024-11-23,2024-11-23,Yes,Yes,MacOS,Chrome,Credit Card,French,Morning,7,Small Business,elizabeth.brown312@company.com,2024-04-06,0
51113,William Hernandez,william.hernandez813@company.com,Payment Gateway,Security Concern,My subscription was cancelled without my request and I need clarification.,We have reset the account credentials and advised the customer to retry login.,High,Open,Social Media,South America,22,Other,Basic,18,5,2,63.26,14.62,2022-08-08,2022-08-17,No,No,Windows,Unknown,Debit Card,Japanese,Morning,4,Small Business,william.hernandez813@company.com,,0
166963,William Davis,william.davis691@gmail.com,Mobile App,Account Suspension,My subscription was cancelled without my request and I need clarification.,The duplicate charge was reversed and refund processed within 3-5 business days.,High,In Progress,Email,Europe,51,Female,Premium,12,9,2,1.82,47.46,2023-05-11,2023-05-22,No,No,Windows,Firefox,Bank Transfer,French,Afternoon,8,Individual,william.davis691@gmail.com,,0
83105,Robert Martinez,robert.martinez521@hotmail.com,E-commerce Store,Subscription Cancellation,The system is not syncing data across devices properly.,Data synchronization restored after backend service restart.,High,Open,Chat,Europe,45,Other,Enterprise,48,2,5,50.24,83.09,2024-01-17,2024-01-17,Yes,Yes,Windows,Safari,Credit Card,German,Morning,7,Individual,robert.martinez521@hotmail.com,,0
139372,James Williams,james.williams914@outlook.com,CRM Platform,Payment Problem,I am experiencing very slow performance while using the dashboard.,The duplicate charge was reversed and refund processed within 3-5 business days.,Low,Closed,Phone,North America,31,Female,Basic,55,5,3,31.78,14.63,2023-10-15,2023-10-29,No,Yes,iOS,Firefox,Crypto,French,Afternoon,4,Corporate,james.williams914@outlook.com,,0
23895,David Martin,david.martin565@company.com,Billing System,Account Suspension,I am experiencing very slow performance while using the dashboard.,Provided step-by-step troubleshooting instructions and issue resolved.,High,Open,Email,Europe,29,Other,Basic,54,17,3,48.81,229.72,2024-06-21,2024-06-21,No,Yes,MacOS,Edge,Debit Card,Japanese,Morning,10,Individual,david.martin565@company.com,,0
72714,Thomas Jackson,thomas.jackson595@outlook.com,Mobile App,Performance Issue,There seems to be a discrepancy in my billing statement for this month.,Payment gateway timeout issue fixed and monitoring implemented.,High,Open,Web Form,Australia,48,Female,Premium,2,3,2,34.46,89.97,2022-10-10,2022-10-24,No,No,Windows,Safari,PayPal,Spanish,Evening,8,Small Business,thomas.jackson595@outlook.com,,0
89885,Elizabeth Thomas,elizabeth.thomas363@company.com,E-commerce Store,Bug Report,There seems to be a discrepancy in my billing statement for this month.,Data synchronization restored after backend service restart.,High,Pending Customer,Social Media,South America,29,Male,Free,26,3,1,71.15,41.39,2022-01-15,2022-01-21,No,Yes,MacOS,Safari,Bank Transfer,French,Evening,9,Individual,elizabeth.thomas363@company.com,,0
28520,Sarah Taylor,sarah.taylor202@yahoo.com,Mobile App,Bug Report,I found a bug in the latest update affecting report generation.,Data synchronization restored after backend service restart.,Low,In Progress,Web Form,Europe,68,Male,Basic,52,4,1,45.16,33.96,2022-11-22,2022-11-29,No,No,Windows,Chrome,Crypto,French,Evening,1,Small Business,sarah.taylor202@yahoo.com,,0
146876,Michael Thomas,michael.thomas246@outlook.com,Mobile App,Feature Request,There seems to be a discrepancy in my billing statement for this month.,Provided step-by-step troubleshooting instructions and issue resolved.,Low,Resolved,Email,South America,49,Female,Free,31,17,3,5.45,205.32,2022-11-12,2022-11-19,Yes,No,Windows,Safari,Debit Card,Spanish,Evening,6,Corporate,michael.thomas246@outlook.com,,0
146417,Elizabeth Martin,elizabeth.martin611@outlook.com,Cloud Storage,Feature Request,I found a bug in the latest update affecting report generation.,Explained billing breakdown and clarified applicable charges.,Urgent,In Progress,Phone,Australia,33,Female,Premium,46,10,1,16.76,127.87,2024-12-17,2024-12-23,No,Yes,MacOS,Unknown,Debit Card,Spanish,Morning,9,Individual,elizabeth.martin611@outlook.com,,0
55294,Jennifer Brown,jennifer.brown124@icloud.com,Payment Gateway,Refund Request,The application crashes whenever I try to upload a file.,Provided step-by-step troubleshooting instructions and issue resolved.,High,Resolved,Email,Europe,60,Male,Premium,59,18,4,64.62,168.21,2023-01-23,2023-01-31,No,No,iOS,Unknown,Debit Card,French,Afternoon,1,Small Business,jennifer.brown124@icloud.com,,0
146875,Jennifer Brown,jennifer.brown379@icloud.com,Billing System,Security Concern,I found a bug in the latest update affecting report generation.,Bug logged internally and workaround shared with the customer.,Urgent,Pending Customer,Email,Africa,39,Male,Free,55,16,1,25.92,181.35,2022-11-16,2022-11-19,No,Yes,iOS,Firefox,PayPal,Chinese,Afternoon,10,Individual,jennifer.brown379@icloud.com,,0
24707,Charles Wilson,charles.wilson46@outlook.com,API Service,Performance Issue,The application crashes whenever I try to upload a file.,The duplicate charge was reversed and refund processed within 3-5 business days.,High,Open,Email,Asia,72,Other,Basic,23,8,5,6.24,153.57,2024-01-13,2024-01-19,No,Yes,Windows,Unknown,Bank Transfer,Japanese,Afternoon,1,Corporate,charles.wilson46@outlook.com,,0
109222,Susan Martin,susan.martin275@company.com,Subscription Service,Refund Request,The system is not syncing data across devices properly.,We have reset the account credentials and advised the customer to retry login.,Medium,Closed,Social Media,Europe,53,Other,Enterprise,16,3,1,54.99,97.76,2024-04-18,2024-04-29,Yes,No,Android,Unknown,Debit Card,German,Evening,10,Small Business,susan.martin275@company.com,,0
129532,Karen Hernandez,karen.hernandez880@yahoo.com,Subscription Service,Refund Request,The application crashes whenever I try to upload a file.,Subscription status corrected and confirmation email sent to customer.,Low,In Progress,Social Media,Asia,71,Male,Basic,1,3,5,37.21,208.97,2023-04-15,2023-04-28,Yes,Yes,Linux,Chrome,Debit Card,French,Afternoon,2,Corporate,karen.hernandez880@yahoo.com,,0
120940,Jennifer Rodriguez,jennifer.rodriguez774@company.com,Analytics Dashboard,Login Issue,I am experiencing very slow performance while using the dashboard.,Provided step-by-step troubleshooting instructions and issue resolved.,Medium,Closed,Email,South America,50,Female,Premium,32,8,1,64.93,231.38,2023-11-10,2023-11-12,Yes,No,Windows,Edge,PayPal,French,Evening,2,Individual,jennifer.rodriguez774@company.com,,0
2001,John Miller,john.miller143@outlook.com,Payment Gateway,Feature Request,The system is not syncing data across devices properly.,Security settings updated and customer notified of precautionary measures.,Urgent,Closed,Social Media,Europe,63,Female,Enterprise,23,14,4,23.04,58.34,2023-03-20,2023-04-02,Yes,No,MacOS,Chrome,Crypto,German,Morning,7,Small Business,john.miller143@outlook.com,,0
18159,Patricia Brown,patricia.brown215@icloud.com,API Service,Feature Request,I found a bug in the latest update affecting report generation.,Data synchronization restored after backend service restart.,Low,In Progress,Chat,Australia,65,Female,Basic,44,8,2,61.93,105.41,2022-04-16,2022-04-27,Yes,Yes,Android,Safari,Debit Card,Spanish,Night,1,Individual,patricia.brown215@icloud.com,,0
129425,Elizabeth Williams,elizabeth.williams665@yahoo.com,Cloud Storage,Feature Request,I am experiencing very slow performance while using the dashboard.,The issue was escalated to engineering and resolved in the latest patch.,Urgent,Resolved,Web Form,North America,41,Other,Basic,23,8,5,5.68,30.43,2024-11-23,2024-11-27,Yes,Yes,Windows,Chrome,Bank Transfer,Chinese,Night,6,Small Business,elizabeth.williams665@yahoo.com,,0
136056,Robert Thomas,robert.thomas363@gmail.com,Subscription Service,Performance Issue,The system is not syncing data across devices properly.,Security settings updated and customer notified of precautionary measures.,High,In Progress,Web Form,Asia,24,Other,Basic,33,1,2,71.96,46.33,2024-02-06,2024-02-11,No,Yes,Android,Unknown,Debit Card,German,Night,2,Small Business,robert.thomas363@gmail.com,,0
120213,David Brown,david.brown723@hotmail.com,Mobile App,Login Issue,I found a bug in the latest update affecting report generation.,Data synchronization restored after backend service restart.,Low,Resolved,Email,Asia,48,Other,Free,8,2,3,52.63,116.88,2023-04-28,2023-05-06,Yes,Yes,MacOS,Chrome,Credit Card,French,Afternoon,4,Individual,david.brown723@hotmail.com,,0
195537,Susan Gonzalez,susan.gonzalez877@outlook.com,API Service,Security Concern,The system is not syncing data across devices properly.,Security settings updated and customer notified of precautionary measures.,Medium,Closed,Phone,South America,70,Male,Free,33,3,1,57.19,13.92,2022-12-18,2022-12-19,Yes,No,Android,Chrome,Credit Card,German,Afternoon,7,Small Business,susan.gonzalez877@outlook.com,,0
44381,William Brown,william.brown856@icloud.com,Payment Gateway,Payment Problem,The application crashes whenever I try to upload a file.,The duplicate charge was reversed and refund processed within 3-5 business days.,Medium,Resolved,Phone,Asia,29,Male,Basic,4,1,3,50.46,66.49,2023-03-04,2023-03-05,No,Yes,Windows,Firefox,PayPal,French,Night,7,Small Business,william.brown856@icloud.com,,0
82025,Barbara Martinez,barbara.martinez781@hotmail.com,Payment Gateway,Account Suspension,Two-factor authentication codes are not being delivered to my phone.,The duplicate charge was reversed and refund processed within 3-5 business days.,High,Open,Email,Africa,36,Other,Basic,27,13,4,20.82,133.51,2023-09-27,2023-09-29,No,No,Windows,Unknown,Debit Card,German,Afternoon,10,Corporate,barbara.martinez781@hotmail.com,,0
185116,Patricia Brown,patricia.brown367@hotmail.com,Subscription Service,Security Concern,The application crashes whenever I try to upload a file.,The issue was escalated to engineering and resolved in the latest patch.,Urgent,Open,Social Media,Africa,71,Female,Enterprise,6,12,1,50.83,146.95,2023-01-14,2023-01-26,No,Yes,Windows,Unknown,Debit Card,French,Morning,2,Individual,patricia.brown367@hotmail.com,,0
69758,Jennifer Smith,jennifer.smith15@outlook.com,Billing System,Feature Request,I would like to request a refund for the recent charge.,Data synchronization restored after backend service restart.,Low,Closed,Phone,Australia,28,Other,Free,9,13,3,69.79,187.82,2024-11-20,2024-11-23,No,No,Linux,Chrome,Crypto,Spanish,Night,2,Individual,jennifer.smith15@outlook.com,,0
95371,Jessica Smith,jessica.smith948@yahoo.com,API Service,Security Concern,I am unable to access my account after entering the correct credentials.,The duplicate charge was reversed and refund processed within 3-5 business days.,Medium,Resolved,Chat,Europe,66,Female,Premium,20,4,3,53.77,179.63,2022-03-25,2022-03-28,Yes,Yes,Android,Firefox,Crypto,Japanese,Morning,1,Corporate,jessica.smith948@yahoo.com,,0
40821,Mary Anderson,mary.anderson624@gmail.com,Billing System,Security Concern,There seems to be a discrepancy in my billing statement for this month.,Provided step-by-step troubleshooting instructions and issue resolved.,Medium,Pending Customer,Phone,Australia,24,Male,Enterprise,22,17,1,20.38,95.04,2022-09-21,2022-09-30,No,Yes,Linux,Chrome,Bank Transfer,German,Night,8,Individual,mary.anderson624@gmail.com,,0
46641,Jennifer Smith,jennifer.smith564@outlook.com,Mobile App,Feature Request,I found a bug in the latest update affecting report generation.,Bug logged internally and workaround shared with the customer.,High,Pending Customer,Social Media,Europe,60,Other,Premium,25,4,1,20.62,207.38,2023-09-19,2023-09-27,Yes,Yes,Android,Firefox,Crypto,English,Morning,6,Small Business,jennifer.smith564@outlook.com,2023-09-14,1
110902,Elizabeth Jones,elizabeth.jones855@hotmail.com,Subscription Service,Security Concern,The payment was deducted from my bank account but the transaction shows failed.,Subscription status corrected and confirmation email sent to customer.,Low,Closed,Email,North America,70,Male,Free,54,13,4,69.08,50.41,2024-10-15,2024-10-24,No,No,MacOS,Chrome,Bank Transfer,English,Evening,3,Corporate,elizabeth.jones855@hotmail.com,,0
175775,Michael Taylor,michael.taylor346@outlook.com,Billing System,Security Concern,I found a bug in the latest update affecting report generation.,Explained billing breakdown and clarified applicable charges.,Low,Open,Chat,South America,50,Other,Free,35,6,1,53.78,4.94,2022-07-03,2022-07-07,Yes,Yes,Linux,Firefox,PayPal,Chinese,Afternoon,4,Individual,michael.taylor346@outlook.com,,0
120611,Thomas Smith,thomas.smith19@company.com,Payment Gateway,Data Sync Issue,I am experiencing very slow performance while using the dashboard.,Subscription status corrected and confirmation email sent to customer.,Urgent,Closed,Email,Asia,68,Female,Basic,6,2,5,33.8,139.08,2023-04-04,2023-04-05,No,Yes,Android,Edge,Bank Transfer,Spanish,Afternoon,2,Individual,thomas.smith19@company.com,,0
55995,Michael Taylor,michael.taylor415@icloud.com,Analytics Dashboard,Subscription Cancellation,I would like to request a refund for the recent charge.,We have reset the account credentials and advised the customer to retry login.,High,Resolved,Web Form,Africa,63,Male,Enterprise,31,10,4,13.52,201.96,2023-05-29,2023-06-06,No,Yes,Windows,Unknown,Debit Card,German,Night,10,Individual,michael.taylor415@icloud.com,,0
184877,Barbara Taylor,barbara.taylor457@hotmail.com,Subscription Service,Login Issue,I am experiencing very slow performance while using the dashboard.,We have reset the account credentials and advised the customer to retry login.,High,Open,Chat,Africa,68,Male,Basic,1,12,5,15.69,190.66,2024-04-17,2024-04-27,No,No,Linux,Chrome,Credit Card,French,Morning,3,Individual,barbara.taylor457@hotmail.com,,0
82531,Thomas Jones,thomas.jones539@gmail.com,Payment Gateway,Security Concern,The system is not syncing data across devices properly.,Security settings updated and customer notified of precautionary measures.,Medium,Pending Customer,Social Media,Asia,24,Male,Premium,46,3,2,46.96,166.34,2022-10-20,2022-11-03,Yes,No,MacOS,Safari,PayPal,Chinese,Morning,3,Individual,thomas.jones539@gmail.com,,0
108232,William Martin,william.martin29@hotmail.com,Payment Gateway,Payment Problem,I am experiencing very slow performance while using the dashboard.,The issue was escalated to engineering and resolved in the latest patch.,High,Open,Phone,North America,55,Male,Premium,47,0,1,40.65,167.47,2023-04-03,2023-04-09,No,No,Linux,Safari,Crypto,Spanish,Morning,5,Individual,william.martin29@hotmail.com,,0
130330,Jennifer Martinez,jennifer.martinez755@gmail.com,E-commerce Store,Bug Report,Two-factor authentication codes are not being delivered to my phone.,Payment gateway timeout issue fixed and monitoring implemented.,Low,Resolved,Chat,Asia,63,Other,Premium,15,16,5,14.83,4.04,2024-12-15,2024-12-16,Yes,No,iOS,Firefox,Crypto,French,Afternoon,10,Corporate,jennifer.martinez755@gmail.com,,0
8278,Sarah Jones,sarah.jones705@yahoo.com,CRM Platform,Subscription Cancellation,My subscription was cancelled without my request and I need clarification.,Explained billing breakdown and clarified applicable charges.,Low,Pending Customer,Chat,Europe,29,Other,Free,19,0,2,41.18,196.78,2023-04-26,2023-05-02,No,No,MacOS,Unknown,Debit Card,Chinese,Morning,5,Individual,sarah.jones705@yahoo.com,,0
167047,Barbara Jones,barbara.jones75@yahoo.com,API Service,Login Issue,I am experiencing very slow performance while using the dashboard.,We have reset the account credentials and advised the customer to retry login.,Medium,Pending Customer,Web Form,Australia,71,Male,Premium,32,5,2,26.27,127.65,2022-04-11,2022-04-15,Yes,No,Android,Safari,PayPal,English,Evening,6,Corporate,barbara.jones75@yahoo.com,,0
139564,Linda Davis,linda.davis252@company.com,Mobile App,Data Sync Issue,There seems to be a discrepancy in my billing statement for this month.,Explained billing breakdown and clarified applicable charges.,Urgent,Resolved,Phone,Australia,63,Female,Enterprise,27,8,5,43.33,106.01,2024-04-24,2024-05-01,Yes,Yes,Windows,Chrome,Crypto,Chinese,Evening,8,Individual,linda.davis252@company.com,,0
150048,Mary Martinez,mary.martinez515@company.com,Cloud Storage,Data Sync Issue,My subscription was cancelled without my request and I need clarification.,Subscription status corrected and confirmation email sent to customer.,Medium,Open,Web Form,Asia,53,Female,Free,59,6,1,14.23,204.21,2023-07-01,2023-07-15,Yes,No,Linux,Unknown,Bank Transfer,English,Evening,3,Small Business,mary.martinez515@company.com,,0
23344,Joseph Wilson,joseph.wilson75@hotmail.com,Web Portal,Bug Report,I am experiencing very slow performance while using the dashboard.,We have reset the account credentials and advised the customer to retry login.,Low,Open,Web Form,Europe,27,Other,Enterprise,22,7,1,27.65,56.1,2024-11-30,2024-12-11,No,No,MacOS,Unknown,Crypto,German,Night,10,Corporate,joseph.wilson75@hotmail.com,,0
158754,Patricia Wilson,patricia.wilson413@company.com,Payment Gateway,Login Issue,I am unable to access my account after entering the correct credentials.,We have reset the account credentials and advised the customer to retry login.,Urgent,In Progress,Social Media,Asia,50,Other,Basic,39,3,2,24.79,118.01,2023-08-14,2023-08-23,No,Yes,iOS,Firefox,Bank Transfer,French,Afternoon,4,Small Business,patricia.wilson413@company.com,,0
121635,Linda Taylor,linda.taylor28@company.com,Billing System,Account Suspension,I am unable to access my account after entering the correct credentials.,Data synchronization restored after backend service restart.,Low,Open,Social Media,Asia,66,Male,Enterprise,34,8,1,28.15,83.78,2024-12-21,2025-01-03,No,No,Linux,Unknown,Crypto,German,Night,8,Individual,linda.taylor28@company.com,,0
72977,John Gonzalez,john.gonzalez781@gmail.com,Subscription Service,Data Sync Issue,I am unable to access my account after entering the correct credentials.,The duplicate charge was reversed and refund processed within 3-5 business days.,Low,Pending Customer,Social Media,North America,73,Other,Free,41,12,4,70.2,208.98,2022-09-20,2022-09-28,Yes,No,Linux,Safari,PayPal,French,Afternoon,1,Individual,john.gonzalez781@gmail.com,,0
80627,Linda Jackson,linda.jackson468@gmail.com,API Service,Login Issue,I am unable to access my account after entering the correct credentials.,The duplicate charge was reversed and refund processed within 3-5 business days.,Urgent,Closed,Web Form,South America,57,Female,Enterprise,30,17,5,22.89,228.06,2022-02-15,2022-02-23,No,No,Windows,Safari,Credit Card,Japanese,Afternoon,2,Corporate,linda.jackson468@gmail.com,,0
81526,Robert Jones,robert.jones330@hotmail.com,Mobile App,Login Issue,My subscription was cancelled without my request and I need clarification.,Explained billing breakdown and clarified applicable charges.,Medium,Resolved,Social Media,Europe,45,Other,Basic,7,2,1,36.94,166.21,2023-05-25,2023-05-25,Yes,No,Linux,Unknown,PayPal,Japanese,Night,9,Individual,robert.jones330@hotmail.com,,0
185606,Patricia Williams,patricia.williams197@gmail.com,Mobile App,Data Sync Issue,I would like to request a refund for the recent charge.,Explained billing breakdown and clarified applicable charges.,Medium,Pending Customer,Phone,South America,65,Other,Enterprise,20,3,2,12.08,184.44,2023-11-07,2023-11-18,No,Yes,Linux,Unknown,Debit Card,French,Night,8,Small Business,patricia.williams197@gmail.com,,0
97082,John Brown,john.brown264@outlook.com,CRM Platform,Payment Problem,Two-factor authentication codes are not being delivered to my phone.,Subscription status corrected and confirmation email sent to customer.,Medium,In Progress,Social Media,North America,34,Male,Free,52,3,4,33.64,39.23,2023-04-02,2023-04-08,No,No,Android,Safari,Crypto,Spanish,Afternoon,3,Small Business,john.brown264@outlook.com,,0
50573,Joseph Rodriguez,joseph.rodriguez827@outlook.com,E-commerce Store,Subscription Cancellation,There seems to be a discrepancy in my billing statement for this month.,Payment gateway timeout issue fixed and monitoring implemented.,High,Pending Customer,Social Media,Asia,33,Male,Premium,14,1,4,62.82,25.02,2022-09-06,2022-09-14,No,Yes,Windows,Safari,Credit Card,German,Night,3,Small Business,joseph.rodriguez827@outlook.com,,0
40439,Richard Thomas,richard.thomas996@outlook.com,Analytics Dashboard,Subscription Cancellation,The application crashes whenever I try to upload a file.,Provided step-by-step troubleshooting instructions and issue resolved.,Urgent,Pending Customer,Social Media,Africa,27,Female,Premium,55,13,4,12.81,237.29,2024-02-02,2024-02-14,Yes,Yes,Windows,Firefox,Bank Transfer,Chinese,Morning,2,Individual,richard.thomas996@outlook.com,,0
82099,Linda Martinez,linda.martinez786@gmail.com,Billing System,Login Issue,I am experiencing very slow performance while using the dashboard.,Explained billing breakdown and clarified applicable charges.,High,Closed,Social Media,Africa,56,Male,Basic,60,10,5,49.75,170.23,2024-06-03,2024-06-09,No,No,MacOS,Unknown,Debit Card,German,Morning,7,Individual,linda.martinez786@gmail.com,,0
199012,Karen Moore,karen.moore687@company.com,Billing System,Bug Report,There seems to be a discrepancy in my billing statement for this month.,We have reset the account credentials and advised the customer to retry login.,Medium,Open,Phone,Australia,43,Male,Basic,42,18,3,32.31,217.69,2023-11-12,2023-11-18,No,Yes,Linux,Chrome,Debit Card,French,Morning,6,Small Business,karen.moore687@company.com,2022-10-18,0
71649,James Rodriguez,james.rodriguez422@gmail.com,Analytics Dashboard,Refund Request,The payment was deducted from my bank account but the transaction shows failed.,Bug logged internally and workaround shared with the customer.,High,Closed,Email,South America,30,Female,Free,21,0,4,67.96,24.15,2023-04-19,2023-04-26,Yes,Yes,Windows,Chrome,Bank Transfer,English,Evening,7,Small Business,james.rodriguez422@gmail.com,,0
29844,Richard Garcia,richard.garcia60@outlook.com,Payment Gateway,Account Suspension,My subscription was cancelled without my request and I need clarification.,Subscription status corrected and confirmation email sent to customer.,Low,In Progress,Chat,Europe,61,Female,Basic,24,7,4,49.68,187.74,2024-10-23,2024-11-04,No,No,Android,Firefox,Debit Card,Spanish,Afternoon,8,Small Business,richard.garcia60@outlook.com,,0
123674,Jessica Williams,jessica.williams921@outlook.com,Cloud Storage,Security Concern,The payment was deducted from my bank account but the transaction shows failed.,We have reset the account credentials and advised the customer to retry login.,Urgent,Closed,Email,South America,50,Female,Premium,52,7,2,5.69,186.56,2022-02-02,2022-02-11,No,No,Linux,Firefox,Credit Card,French,Morning,5,Individual,jessica.williams921@outlook.com,,0
78163,Charles Anderson,charles.anderson841@company.com,Cloud Storage,Refund Request,Two-factor authentication codes are not being delivered to my phone.,Security settings updated and customer notified of precautionary measures.,Urgent,In Progress,Phone,South America,40,Male,Free,6,10,5,69.59,197.15,2024-07-05,2024-07-12,Yes,Yes,Android,Edge,PayPal,French,Evening,3,Small Business,charles.anderson841@company.com,,0
124289,Michael Brown,michael.brown663@company.com,Web Portal,Bug Report,My subscription was cancelled without my request and I need clarification.,Subscription status corrected and confirmation email sent to customer.,Medium,Resolved,Chat,Africa,36,Other,Enterprise,21,10,2,23.52,190.47,2022-08-26,2022-09-04,Yes,No,Android,Edge,PayPal,German,Morning,1,Corporate,michael.brown663@company.com,,0
19596,Richard Hernandez,richard.hernandez816@company.com,Subscription Service,Security Concern,I am unable to access my account after entering the correct credentials.,We have reset the account credentials and advised the customer to retry login.,Urgent,Open,Email,Europe,33,Male,Enterprise,53,0,1,4.88,55.41,2022-01-15,2022-01-15,No,No,Android,Unknown,Bank Transfer,Chinese,Night,4,Individual,richard.hernandez816@company.com,,0
15511,Elizabeth Brown,elizabeth.brown70@company.com,E-commerce Store,Login Issue,The application crashes whenever I try to upload a file.,Security settings updated and customer notified of precautionary measures.,Urgent,Pending Customer,Phone,Australia,75,Male,Free,32,19,1,36.03,28.22,2022-07-02,2022-07-12,No,Yes,Android,Edge,Credit Card,Spanish,Afternoon,10,Small Business,elizabeth.brown70@company.com,,0
127763,James Wilson,james.wilson605@company.com,Analytics Dashboard,Performance Issue,I would like to request a refund for the recent charge.,The duplicate charge was reversed and refund processed within 3-5 business days.,High,Closed,Email,Europe,19,Other,Enterprise,49,15,1,39.18,169.54,2023-03-23,2023-03-27,Yes,Yes,Linux,Firefox,Crypto,French,Evening,3,Individual,james.wilson605@company.com,,0
26328,Sarah Anderson,sarah.anderson962@hotmail.com,Payment Gateway,Performance Issue,I am unable to access my account after entering the correct credentials.,Payment gateway timeout issue fixed and monitoring implemented.,High,In Progress,Chat,North America,49,Female,Basic,52,1,1,64.98,11.48,2023-11-08,2023-11-22,Yes,Yes,MacOS,Chrome,Credit Card,Japanese,Afternoon,1,Small Business,sarah.anderson962@hotmail.com,,0
143587,Linda Wilson,linda.wilson845@icloud.com,Cloud Storage,Bug Report,I would like to request a refund for the recent charge.,Payment gateway timeout issue fixed and monitoring implemented.,Urgent,Closed,Social Media,South America,65,Other,Free,22,17,1,36.05,168.08,2023-02-06,2023-02-16,Yes,Yes,Linux,Safari,Debit Card,Spanish,Afternoon,7,Corporate,linda.wilson845@icloud.com,,0
50307,Charles Brown,charles.brown378@icloud.com,Billing System,Refund Request,There seems to be a discrepancy in my billing statement for this month.,Payment gateway timeout issue fixed and monitoring implemented.,Urgent,In Progress,Chat,North America,27,Other,Free,57,14,1,66.36,239.15,2023-10-08,2023-10-19,Yes,No,iOS,Safari,Credit Card,Spanish,Evening,8,Individual,charles.brown378@icloud.com,,0
43655,John Hernandez,john.hernandez276@outlook.com,Mobile App,Refund Request,My subscription was cancelled without my request and I need clarification.,Bug logged internally and workaround shared with the customer.,High,Closed,Social Media,Australia,67,Other,Enterprise,23,3,2,53.98,47.94,2022-06-23,2022-07-03,Yes,Yes,MacOS,Unknown,Crypto,Japanese,Night,1,Corporate,john.hernandez276@outlook.com,,0
17839,Mary Wilson,mary.wilson772@company.com,API Service,Feature Request,My subscription was cancelled without my request and I need clarification.,The duplicate charge was reversed and refund processed within 3-5 business days.,Low,In Progress,Web Form,Asia,64,Other,Basic,29,20,5,13.87,115.07,2023-04-27,2023-05-05,No,Yes,MacOS,Safari,Credit Card,German,Night,10,Individual,mary.wilson772@company.com,,0
67512,Jennifer Williams,jennifer.williams465@icloud.com,API Service,Bug Report,I am unable to access my account after entering the correct credentials.,Provided step-by-step troubleshooting instructions and issue resolved.,Low,Open,Social Media,North America,57,Female,Premium,46,1,2,63.87,50.97,2024-12-05,2024-12-13,No,No,Windows,Chrome,Crypto,Japanese,Morning,10,Corporate,jennifer.williams465@icloud.com,,0
139009,Michael Garcia,michael.garcia571@icloud.com,Billing System,Performance Issue,The payment was deducted from my bank account but the transaction shows failed.,The issue was escalated to engineering and resolved in the latest patch.,High,Closed,Email,South America,42,Other,Premium,35,10,3,0.6,30.87,2024-09-08,2024-09-18,Yes,Yes,Linux,Safari,Debit Card,English,Afternoon,9,Small Business,michael.garcia571@icloud.com,,0
169065,David Taylor,david.taylor135@yahoo.com,Analytics Dashboard,Login Issue,The payment was deducted from my bank account but the transaction shows failed.,The duplicate charge was reversed and refund processed within 3-5 business days.,Medium,Pending Customer,Web Form,Australia,28,Female,Basic,3,2,4,23.95,219.33,2024-07-12,2024-07-15,No,Yes,Linux,Safari,Bank Transfer,Chinese,Night,3,Corporate,david.taylor135@yahoo.com,,0
47873,Richard Wilson,richard.wilson320@outlook.com,Analytics Dashboard,Subscription Cancellation,The system is not syncing data across devices properly.,Subscription status corrected and confirmation email sent to customer.,Low,Resolved,Chat,Africa,63,Other,Free,13,4,2,34.3,155.11,2023-10-21,2023-10-22,No,No,Linux,Safari,Credit Card,French,Night,9,Corporate,richard.wilson320@outlook.com,,0
15671,Karen Johnson,karen.johnson577@icloud.com,Billing System,Data Sync Issue,Two-factor authentication codes are not being delivered to my phone.,Subscription status corrected and confirmation email sent to customer.,Low,In Progress,Web Form,South America,41,Female,Premium,20,15,5,24.48,235.59,2022-12-11,2022-12-16,Yes,Yes,iOS,Edge,PayPal,Japanese,Evening,10,Individual,karen.johnson577@icloud.com,,0
188479,Sarah Rodriguez,sarah.rodriguez474@icloud.com,API Service,Refund Request,Two-factor authentication codes are not being delivered to my phone.,Payment gateway timeout issue fixed and monitoring implemented.,Medium,In Progress,Social Media,North America,48,Female,Premium,3,15,1,27.99,5.63,2023-08-08,2023-08-16,No,No,Android,Firefox,Debit Card,Spanish,Morning,7,Small Business,sarah.rodriguez474@icloud.com,,0
157362,Joseph Thomas,joseph.thomas206@gmail.com,API Service,Payment Problem,Two-factor authentication codes are not being delivered to my phone.,Data synchronization restored after backend service restart.,High,Open,Social Media,South America,74,Other,Premium,5,4,1,22.71,5.0,2023-07-05,2023-07-19,Yes,Yes,Linux,Firefox,Debit Card,Japanese,Night,10,Small Business,joseph.thomas206@gmail.com,,0
142206,Joseph Davis,joseph.davis700@icloud.com,CRM Platform,Feature Request,I am unable to access my account after entering the correct credentials.,Subscription status corrected and confirmation email sent to customer.,Urgent,Pending Customer,Web Form,South America,54,Female,Free,21,19,3,50.69,58.02,2023-09-09,2023-09-18,Yes,No,Windows,Chrome,PayPal,French,Evening,5,Corporate,joseph.davis700@icloud.com,,0
43667,David Taylor,david.taylor653@icloud.com,API Service,Performance Issue,I am experiencing very slow performance while using the dashboard.,The issue was escalated to engineering and resolved in the latest patch.,Urgent,Resolved,Phone,Australia,44,Male,Premium,37,7,1,19.04,83.31,2023-03-17,2023-03-21,No,Yes,MacOS,Firefox,Bank Transfer,Chinese,Afternoon,1,Corporate,david.taylor653@icloud.com,,0
74444,David Hernandez,david.hernandez554@gmail.com,E-commerce Store,Payment Problem,The payment was deducted from my bank account but the transaction shows failed.,Security settings updated and customer notified of precautionary measures.,Urgent,Closed,Phone,Africa,59,Female,Enterprise,50,11,4,41.47,89.42,2024-06-22,2024-07-02,Yes,Yes,iOS,Edge,PayPal,English,Night,8,Individual,david.hernandez554@gmail.com,2022-02-18,0
77541,Charles Taylor,charles.taylor422@hotmail.com,API Service,Subscription Cancellation,I found a bug in the latest update affecting report generation.,We have reset the account credentials and advised the customer to retry login.,Urgent,Pending Customer,Chat,Europe,37,Female,Premium,33,10,3,58.11,239.74,2024-10-16,2024-10-23,No,Yes,MacOS,Chrome,Credit Card,Spanish,Afternoon,1,Small Business,charles.taylor422@hotmail.com,,0
38872,Susan Wilson,susan.wilson962@company.com,E-commerce Store,Payment Problem,I am unable to access my account after entering the correct credentials.,We have reset the account credentials and advised the customer to retry login.,Urgent,In Progress,Web Form,North America,18,Male,Free,60,2,2,53.89,88.29,2024-09-11,2024-09-11,No,No,Windows,Firefox,PayPal,German,Morning,6,Individual,susan.wilson962@company.com,,0
47223,Robert Miller,robert.miller625@company.com,Billing System,Security Concern,I would like to request a refund for the recent charge.,The issue was escalated to engineering and resolved in the latest patch.,Low,Pending Customer,Web Form,South America,34,Other,Basic,10,10,1,47.58,201.15,2023-07-04,2023-07-18,Yes,Yes,MacOS,Edge,Credit Card,French,Night,6,Small Business,robert.miller625@company.com,,0
54465,James Davis,james.davis588@company.com,Billing System,Data Sync Issue,The payment was deducted from my bank account but the transaction shows failed.,Payment gateway timeout issue fixed and monitoring implemented.,Medium,In Progress,Social Media,Europe,30,Male,Basic,24,13,1,22.12,178.64,2023-04-28,2023-05-04,Yes,No,Linux,Firefox,Debit Card,English,Night,9,Corporate,james.davis588@company.com,,0
62723,Jessica Jones,jessica.jones223@company.com,Subscription Service,Account Suspension,I am experiencing very slow performance while using the dashboard.,Explained billing breakdown and clarified applicable charges.,High,Closed,Phone,North America,62,Other,Basic,27,16,4,36.9,65.21,2022-08-08,2022-08-08,Yes,Yes,MacOS,Edge,PayPal,Spanish,Evening,1,Corporate,jessica.jones223@company.com,,0
31626,Susan Johnson,susan.johnson546@gmail.com,Cloud Storage,Feature Request,The application crashes whenever I try to upload a file.,Bug logged internally and workaround shared with the customer.,Medium,Closed,Chat,North America,63,Male,Enterprise,45,0,3,35.17,119.17,2023-01-02,2023-01-08,Yes,No,Linux,Unknown,Credit Card,German,Afternoon,4,Corporate,susan.johnson546@gmail.com,,0
48174,Charles Martinez,charles.martinez144@yahoo.com,E-commerce Store,Security Concern,Two-factor authentication codes are not being delivered to my phone.,The duplicate charge was reversed and refund processed within 3-5 business days.,Medium,Open,Phone,Australia,70,Male,Free,32,10,3,37.98,79.41,2023-10-30,2023-11-03,Yes,Yes,MacOS,Edge,PayPal,French,Evening,7,Individual,charles.martinez144@yahoo.com,2022-03-09,0
144774,Jennifer Jones,jennifer.jones303@gmail.com,Cloud Storage,Data Sync Issue,I found a bug in the latest update affecting report generation.,We have reset the account credentials and advised the customer to retry login.,High,Closed,Phone,Europe,63,Female,Enterprise,13,9,1,11.66,235.34,2022-08-25,2022-08-29,Yes,No,MacOS,Firefox,Crypto,Japanese,Evening,1,Corporate,jennifer.jones303@gmail.com,,0
169044,Jessica Hernandez,jessica.hernandez339@gmail.com,Mobile App,Security Concern,Two-factor authentication codes are not being delivered to my phone.,Explained billing breakdown and clarified applicable charges.,Low,Open,Social Media,Europe,41,Female,Premium,52,6,5,40.92,208.02,2022-07-19,2022-07-21,Yes,Yes,iOS,Chrome,Debit Card,Chinese,Morning,10,Small Business,jessica.hernandez339@gmail.com,,0
89512,Charles Thomas,charles.thomas466@outlook.com,Subscription Service,Security Concern,I am experiencing very slow performance while using the dashboard.,Payment gateway timeout issue fixed and monitoring implemented.,Urgent,Closed,Social Media,South America,39,Male,Basic,11,7,5,68.43,84.74,2024-06-29,2024-07-01,Yes,No,iOS,Chrome,Credit Card,English,Evening,7,Individual,charles.thomas466@outlook.com,,0
17155,Linda Gonzalez,linda.gonzalez251@company.com,Payment Gateway,Account Suspension,There seems to be a discrepancy in my billing statement for this month.,Provided step-by-step troubleshooting instructions and issue resolved.,Urgent,In Progress,Phone,North America,38,Male,Basic,36,10,4,24.27,129.42,2023-06-30,2023-07-03,Yes,No,Windows,Edge,Crypto,Japanese,Morning,9,Corporate,linda.gonzalez251@company.com,,0
85728,John Smith,john.smith684@gmail.com,E-commerce Store,Payment Problem,I am experiencing very slow performance while using the dashboard.,Explained billing breakdown and clarified applicable charges.,Urgent,Pending Customer,Email,Africa,60,Other,Enterprise,8,17,4,54.59,93.37,2022-09-20,2022-10-02,No,No,iOS,Firefox,Debit Card,Chinese,Evening,2,Individual,john.smith684@gmail.com,,0
120246,John Davis,john.davis838@outlook.com,Cloud Storage,Security Concern,I am unable to access my account after entering the correct credentials.,We have reset the account credentials and advised the customer to retry login.,High,Open,Social Media,South America,29,Other,Enterprise,8,14,1,34.21,119.68,2024-07-16,2024-07-27,No,Yes,MacOS,Unknown,Credit Card,Chinese,Morning,10,Small Business,john.davis838@outlook.com,,0
193004,William Brown,william.brown108@gmail.com,Mobile App,Data Sync Issue,I am unable to access my account after entering the correct credentials.,Payment gateway timeout issue fixed and monitoring implemented.,High,Pending Customer,Email,Africa,69,Male,Enterprise,42,0,2,49.8,37.71,2023-03-31,2023-04-12,Yes,No,Windows,Chrome,Crypto,Spanish,Evening,10,Corporate,william.brown108@gmail.com,,0
141490,Karen Davis,karen.davis773@yahoo.com,CRM Platform,Login Issue,The payment was deducted from my bank account but the transaction shows failed.,We have reset the account credentials and advised the customer to retry login.,Low,Pending Customer,Email,North America,68,Female,Free,52,11,5,53.9,167.45,2024-01-05,2024-01-09,Yes,No,iOS,Edge,PayPal,Spanish,Evening,3,Small Business,karen.davis773@yahoo.com,,0
74188,Elizabeth Jones,elizabeth.jones33@yahoo.com,Mobile App,Security Concern,Two-factor authentication codes are not being delivered to my phone.,Payment gateway timeout issue fixed and monitoring implemented.,Low,Pending Customer,Social Media,Africa,18,Female,Basic,36,1,5,9.62,40.59,2023-03-29,2023-04-06,Yes,Yes,iOS,Unknown,Debit Card,Spanish,Morning,6,Individual,elizabeth.jones33@yahoo.com,,0
169712,Sarah Gonzalez,sarah.gonzalez353@icloud.com,E-commerce Store,Performance Issue,I would like to request a refund for the recent charge.,Data synchronization restored after backend service restart.,Urgent,Open,Email,Africa,53,Other,Enterprise,54,19,3,62.05,228.51,2024-09-20,2024-09-28,No,No,Android,Unknown,PayPal,French,Afternoon,5,Corporate,sarah.gonzalez353@icloud.com,,0
120480,William Jones,william.jones306@yahoo.com,Payment Gateway,Security Concern,I would like to request a refund for the recent charge.,The issue was escalated to engineering and resolved in the latest patch.,High,Open,Phone,Australia,71,Female,Premium,53,0,5,44.27,34.95,2023-09-07,2023-09-07,No,No,Android,Unknown,Credit Card,Spanish,Night,9,Corporate,william.jones306@yahoo.com,,0
5029,Patricia Davis,patricia.davis133@hotmail.com,Billing System,Feature Request,The payment was deducted from my bank account but the transaction shows failed.,Subscription status corrected and confirmation email sent to customer.,High,Open,Web Form,North America,64,Other,Enterprise,11,1,1,12.03,88.2,2023-12-07,2023-12-18,Yes,No,Android,Edge,Crypto,English,Afternoon,9,Small Business,patricia.davis133@hotmail.com,,0
113121,Michael Rodriguez,michael.rodriguez447@outlook.com,Subscription Service,Payment Problem,I found a bug in the latest update affecting report generation.,Security settings updated and customer notified of precautionary measures.,High,Pending Customer,Social Media,Asia,30,Other,Basic,42,18,1,20.05,95.52,2023-08-10,2023-08-18,Yes,No,Android,Safari,Debit Card,German,Evening,8,Individual,michael.rodriguez447@outlook.com,,0
25662,William Thomas,william.thomas674@gmail.com,Billing System,Feature Request,There seems to be a discrepancy in my billing statement for this month.,Data synchronization restored after backend service restart.,Urgent,Pending Customer,Chat,South America,27,Male,Premium,32,14,3,4.63,100.72,2024-03-07,2024-03-17,Yes,No,Linux,Edge,PayPal,French,Evening,1,Corporate,william.thomas674@gmail.com,,0
23294,Susan Wilson,susan.wilson629@gmail.com,Mobile App,Subscription Cancellation,I am experiencing very slow performance while using the dashboard.,The duplicate charge was reversed and refund processed within 3-5 business days.,Urgent,Closed,Phone,Africa,36,Female,Free,2,6,1,25.55,202.24,2024-09-25,2024-10-05,No,Yes,iOS,Edge,Bank Transfer,Spanish,Evening,1,Small Business,susan.wilson629@gmail.com,,0
102518,Karen Jackson,karen.jackson671@icloud.com,Payment Gateway,Performance Issue,The application crashes whenever I try to upload a file.,The duplicate charge was reversed and refund processed within 3-5 business days.,Medium,Resolved,Email,Asia,61,Female,Basic,43,18,5,41.28,74.12,2024-01-11,2024-01-23,No,No,Windows,Safari,Credit Card,French,Morning,6,Small Business,karen.jackson671@icloud.com,,0
69165,David Thomas,david.thomas621@icloud.com,API Service,Account Suspension,There seems to be a discrepancy in my billing statement for this month.,Payment gateway timeout issue fixed and monitoring implemented.,Low,Closed,Web Form,South America,21,Other,Basic,13,20,5,8.7,89.64,2022-07-06,2022-07-12,Yes,No,MacOS,Chrome,Crypto,German,Evening,2,Individual,david.thomas621@icloud.com,,0
65530,David Johnson,david.johnson748@hotmail.com,CRM Platform,Login Issue,I would like to request a refund for the recent charge.,We have reset the account credentials and advised the customer to retry login.,Low,In Progress,Web Form,South America,58,Other,Free,45,14,2,65.31,234.4,2022-01-27,2022-02-04,No,No,Windows,Safari,Crypto,German,Afternoon,10,Individual,david.johnson748@hotmail.com,,0
131566,John Williams,john.williams164@company.com,Analytics Dashboard,Security Concern,My subscription was cancelled without my request and I need clarification.,Subscription status corrected and confirmation email sent to customer.,High,Closed,Phone,Africa,73,Male,Free,7,16,5,52.93,56.69,2023-10-12,2023-10-14,No,No,Linux,Firefox,Credit Card,Spanish,Afternoon,1,Small Business,john.williams164@company.com,,0
58198,David Thomas,david.thomas494@outlook.com,Billing System,Performance Issue,Two-factor authentication codes are not being delivered to my phone.,Provided step-by-step troubleshooting instructions and issue resolved.,Low,Pending Customer,Web Form,Europe,18,Other,Premium,27,5,3,59.82,83.99,2023-04-08,2023-04-13,No,No,Linux,Chrome,Debit Card,French,Night,8,Small Business,david.thomas494@outlook.com,2023-01-17,0
121194,Robert Miller,robert.miller496@yahoo.com,Analytics Dashboard,Account Suspension,My subscription was cancelled without my request and I need clarification.,Bug logged internally and workaround shared with the customer.,Urgent,Closed,Web Form,Australia,25,Female,Enterprise,43,7,4,36.56,161.63,2022-10-03,2022-10-08,Yes,No,iOS,Unknown,Debit Card,Spanish,Afternoon,6,Individual,robert.miller496@yahoo.com,,0
68609,Sarah Williams,sarah.williams140@gmail.com,Subscription Service,Performance Issue,There seems to be a discrepancy in my billing statement for this month.,Data synchronization restored after backend service restart.,Urgent,Resolved,Web Form,Australia,60,Female,Basic,29,9,3,13.21,185.53,2022-12-22,2023-01-01,Yes,Yes,Android,Chrome,Bank Transfer,English,Morning,8,Individual,sarah.williams140@gmail.com,,0
175719,Mary Taylor,mary.taylor248@yahoo.com,API Service,Feature Request,My subscription was cancelled without my request and I need clarification.,Data synchronization restored after backend service restart.,Urgent,Open,Email,Europe,40,Female,Basic,33,7,5,50.83,101.44,2024-01-22,2024-01-22,Yes,Yes,Windows,Firefox,Bank Transfer,German,Afternoon,7,Small Business,mary.taylor248@yahoo.com,,0
83915,Elizabeth Miller,elizabeth.miller301@gmail.com,Web Portal,Refund Request,The payment was deducted from my bank account but the transaction shows failed.,The duplicate charge was reversed and refund processed within 3-5 business days.,Low,Closed,Chat,Asia,67,Other,Enterprise,1,15,5,25.7,101.99,2024-11-27,2024-12-11,Yes,Yes,MacOS,Unknown,Crypto,French,Evening,6,Small Business,elizabeth.miller301@gmail.com,,0
16470,Thomas Brown,thomas.brown233@yahoo.com,Web Portal,Feature Request,The payment was deducted from my bank account but the transaction shows failed.,Provided step-by-step troubleshooting instructions and issue resolved.,Low,In Progress,Social Media,Africa,39,Other,Enterprise,30,10,4,26.68,209.85,2023-07-30,2023-08-03,No,No,Windows,Safari,Bank Transfer,French,Night,7,Individual,thomas.brown233@yahoo.com,,0
199061,Charles Thomas,charles.thomas630@outlook.com,Analytics Dashboard,Performance Issue,I found a bug in the latest update affecting report generation.,Bug logged internally and workaround shared with the customer.,Urgent,Pending Customer,Email,North America,73,Male,Basic,39,11,4,33.61,74.44,2022-03-13,2022-03-22,No,Yes,Linux,Edge,Crypto,Japanese,Night,2,Corporate,charles.thomas630@outlook.com,,0
162444,Charles Gonzalez,charles.gonzalez247@gmail.com,Cloud Storage,Refund Request,I am unable to access my account after entering the correct credentials.,Explained billing breakdown and clarified applicable charges.,Low,Pending Customer,Email,North America,23,Female,Premium,12,4,3,8.15,31.32,2024-04-27,2024-05-06,Yes,No,iOS,Chrome,Crypto,English,Evening,8,Small Business,charles.gonzalez247@gmail.com,,0
40741,Mary Garcia,mary.garcia972@company.com,Mobile App,Performance Issue,The payment was deducted from my bank account but the transaction shows failed.,Provided step-by-step troubleshooting instructions and issue resolved.,Low,In Progress,Web Form,Asia,19,Male,Basic,34,6,5,14.36,7.05,2022-07-18,2022-07-30,No,Yes,MacOS,Safari,Debit Card,Spanish,Night,9,Small Business,mary.garcia972@company.com,,0
53942,Thomas Lopez,thomas.lopez76@company.com,Cloud Storage,Security Concern,I found a bug in the latest update affecting report generation.,Bug logged internally and workaround shared with the customer.,Urgent,In Progress,Email,Europe,43,Female,Free,19,11,3,26.0,159.1,2023-08-01,2023-08-04,Yes,Yes,Windows,Chrome,Credit Card,English,Evening,4,Small Business,thomas.lopez76@company.com,,0
94184,Charles Johnson,charles.johnson625@icloud.com,Web Portal,Security Concern,I am experiencing very slow performance while using the dashboard.,We have reset the account credentials and advised the customer to retry login.,High,In Progress,Chat,North America,35,Other,Basic,15,12,1,16.94,34.79,2023-05-07,2023-05-08,Yes,Yes,Windows,Edge,PayPal,German,Night,6,Small Business,charles.johnson625@icloud.com,,0
144396,Joseph Martin,joseph.martin252@gmail.com,Mobile App,Bug Report,Two-factor authentication codes are not being delivered to my phone.,The duplicate charge was reversed and refund processed within 3-5 business days.,Medium,Open,Web Form,North America,67,Male,Free,27,19,3,64.42,15.93,2022-11-27,2022-12-11,No,No,iOS,Edge,PayPal,Japanese,Afternoon,10,Individual,joseph.martin252@gmail.com,,0
197085,Patricia Johnson,patricia.johnson938@hotmail.com,Analytics Dashboard,Subscription Cancellation,The payment was deducted from my bank account but the transaction shows failed.,Data synchronization restored after backend service restart.,Urgent,Pending Customer,Phone,Asia,70,Male,Basic,32,0,1,32.0,216.64,2022-03-20,2022-03-26,No,No,Windows,Edge,Debit Card,German,Morning,5,Corporate,patricia.johnson938@hotmail.com,,0
89246,Michael Smith,michael.smith38@outlook.com,Web Portal,Security Concern,My subscription was cancelled without my request and I need clarification.,Data synchronization restored after backend service restart.,Medium,Open,Email,Africa,25,Female,Free,4,17,4,44.53,219.82,2024-04-10,2024-04-17,No,Yes,Android,Edge,Credit Card,English,Afternoon,9,Small Business,michael.smith38@outlook.com,,0
94986,Joseph Jones,joseph.jones453@hotmail.com,Payment Gateway,Performance Issue,There seems to be a discrepancy in my billing statement for this month.,Subscription status corrected and confirmation email sent to customer.,Urgent,Open,Phone,North America,29,Male,Premium,55,12,3,46.33,71.11,2022-03-21,2022-03-23,Yes,No,Windows,Unknown,Crypto,Spanish,Morning,7,Corporate,joseph.jones453@hotmail.com,,0
75100,Mary Smith,mary.smith740@yahoo.com,Cloud Storage,Security Concern,The application crashes whenever I try to upload a file.,Security settings updated and customer notified of precautionary measures.,Medium,Pending Customer,Web Form,Africa,60,Male,Basic,59,6,2,43.77,165.52,2023-08-17,2023-08-18,No,No,Android,Edge,PayPal,Spanish,Morning,6,Corporate,mary.smith740@yahoo.com,,0
43894,Sarah Davis,sarah.davis233@outlook.com,Cloud Storage,Refund Request,I am experiencing very slow performance while using the dashboard.,Bug logged internally and workaround shared with the customer.,Urgent,Closed,Web Form,Asia,47,Female,Free,45,10,3,16.17,68.54,2023-05-10,2023-05-20,Yes,No,iOS,Unknown,Bank Transfer,German,Morning,5,Individual,sarah.davis233@outlook.com,,0
59348,Mary Miller,mary.miller217@outlook.com,Cloud Storage,Subscription Cancellation,My subscription was cancelled without my request and I need clarification.,Provided step-by-step troubleshooting instructions and issue resolved.,High,Open,Social Media,North America,60,Other,Enterprise,18,5,3,25.0,55.45,2023-06-07,2023-06-19,No,Yes,Windows,Safari,Debit Card,French,Evening,5,Corporate,mary.miller217@outlook.com,,0
2176,Patricia Johnson,patricia.johnson834@gmail.com,Mobile App,Feature Request,The application crashes whenever I try to upload a file.,Subscription status corrected and confirmation email sent to customer.,High,Open,Social Media,Australia,21,Other,Basic,53,8,1,47.95,201.47,2022-02-10,2022-02-14,Yes,Yes,Linux,Edge,Bank Transfer,Chinese,Evening,9,Small Business,patricia.johnson834@gmail.com,,0
53595,Barbara Jones,barbara.jones997@gmail.com,CRM Platform,Data Sync Issue,There seems to be a discrepancy in my billing statement for this month.,Data synchronization restored after backend service restart.,High,Pending Customer,Web Form,South America,54,Female,Premium,60,11,3,59.17,31.81,2024-01-02,2024-01-15,Yes,No,Android,Firefox,Credit Card,French,Morning,6,Corporate,barbara.jones997@gmail.com,,0
85083,Richard Rodriguez,richard.rodriguez446@outlook.com,CRM Platform,Bug Report,I found a bug in the latest update affecting report generation.,Explained billing breakdown and clarified applicable charges.,High,Pending Customer,Phone,South America,38,Male,Enterprise,32,20,3,9.91,182.89,2024-11-25,2024-12-08,No,No,iOS,Edge,Crypto,Spanish,Afternoon,4,Individual,richard.rodriguez446@outlook.com,,0
85111,Jessica Garcia,jessica.garcia245@icloud.com,Subscription Service,Login Issue,I found a bug in the latest update affecting report generation.,We have reset the account credentials and advised the customer to retry login.,Low,Open,Social Media,Asia,28,Other,Premium,48,18,1,53.57,124.2,2024-09-15,2024-09-15,Yes,Yes,MacOS,Chrome,PayPal,Japanese,Evening,3,Small Business,jessica.garcia245@icloud.com,,0
189168,David Smith,david.smith374@gmail.com,Payment Gateway,Account Suspension,I am experiencing very slow performance while using the dashboard.,Bug logged internally and workaround shared with the customer.,Medium,Open,Web Form,Africa,38,Female,Enterprise,40,16,4,35.93,110.98,2022-10-17,2022-10-18,Yes,No,Android,Chrome,Crypto,Chinese,Evening,5,Individual,david.smith374@gmail.com,2022-06-22,0
47897,Linda Lopez,linda.lopez511@hotmail.com,E-commerce Store,Subscription Cancellation,I am experiencing very slow performance while using the dashboard.,Payment gateway timeout issue fixed and monitoring implemented.,Medium,Open,Phone,Asia,72,Other,Premium,9,1,2,39.41,95.01,2022-07-26,2022-07-30,Yes,No,Android,Chrome,Crypto,English,Night,4,Corporate,linda.lopez511@hotmail.com,,0
42708,Elizabeth Martinez,elizabeth.martinez884@hotmail.com,API Service,Data Sync Issue,The system is not syncing data across devices properly.,Security settings updated and customer notified of precautionary measures.,Medium,Open,Chat,Australia,47,Male,Enterprise,3,17,3,10.07,181.66,2024-03-01,2024-03-06,Yes,Yes,MacOS,Chrome,Bank Transfer,Japanese,Afternoon,5,Individual,elizabeth.martinez884@hotmail.com,,0
142059,Barbara Gonzalez,barbara.gonzalez96@company.com,CRM Platform,Account Suspension,The payment was deducted from my bank account but the transaction shows failed.,Bug logged internally and workaround shared with the customer.,Urgent,Resolved,Phone,Asia,22,Male,Enterprise,58,17,3,25.67,84.13,2022-04-03,2022-04-14,Yes,Yes,MacOS,Edge,Crypto,Spanish,Evening,7,Individual,barbara.gonzalez96@company.com,,0
31041,Joseph Garcia,joseph.garcia20@company.com,Billing System,Payment Problem,The system is not syncing data across devices properly.,Explained billing breakdown and clarified applicable charges.,Low,Open,Web Form,Europe,61,Female,Enterprise,9,9,1,20.92,71.55,2024-08-15,2024-08-19,Yes,No,Windows,Firefox,PayPal,French,Afternoon,6,Individual,joseph.garcia20@company.com,,0
174246,Patricia Moore,patricia.moore694@gmail.com,Payment Gateway,Account Suspension,Two-factor authentication codes are not being delivered to my phone.,Payment gateway timeout issue fixed and monitoring implemented.,Low,Open,Chat,Africa,20,Other,Enterprise,20,1,4,16.0,171.53,2024-05-04,2024-05-10,Yes,No,Windows,Firefox,Debit Card,German,Morning,8,Small Business,patricia.moore694@gmail.com,2024-03-18,0
100057,William Miller,william.miller574@gmail.com,Web Portal,Subscription Cancellation,The payment was deducted from my bank account but the transaction shows failed.,Provided step-by-step troubleshooting instructions and issue resolved.,Urgent,Pending Customer,Email,Australia,35,Other,Basic,21,12,4,0.95,148.82,2023-06-10,2023-06-12,No,Yes,Windows,Safari,Credit Card,English,Night,2,Small Business,william.miller574@gmail.com,,0
92092,Michael Jones,michael.jones595@yahoo.com,Cloud Storage,Feature Request,The payment was deducted from my bank account but the transaction shows failed.,Subscription status corrected and confirmation email sent to customer.,Medium,In Progress,Phone,Europe,46,Male,Enterprise,52,6,5,11.44,16.14,2022-11-30,2022-12-04,No,Yes,iOS,Firefox,Bank Transfer,German,Morning,7,Corporate,michael.jones595@yahoo.com,,0
57189,Thomas Martinez,thomas.martinez430@yahoo.com,Payment Gateway,Payment Problem,I found a bug in the latest update affecting report generation.,Provided step-by-step troubleshooting instructions and issue resolved.,Low,Resolved,Web Form,Australia,68,Male,Enterprise,41,4,1,39.33,88.47,2023-09-16,2023-09-24,Yes,Yes,Windows,Unknown,Debit Card,Spanish,Morning,10,Corporate,thomas.martinez430@yahoo.com,2023-01-13,0
35552,Michael Brown,michael.brown902@icloud.com,Analytics Dashboard,Feature Request,I am experiencing very slow performance while using the dashboard.,Bug logged internally and workaround shared with the customer.,Urgent,Resolved,Web Form,Africa,71,Male,Premium,15,7,5,40.21,216.39,2023-02-06,2023-02-19,No,No,Linux,Chrome,PayPal,Japanese,Night,5,Corporate,michael.brown902@icloud.com,,0
97637,Charles Anderson,charles.anderson447@company.com,Payment Gateway,Performance Issue,I am experiencing very slow performance while using the dashboard.,Security settings updated and customer notified of precautionary measures.,Urgent,In Progress,Web Form,Australia,19,Other,Enterprise,25,17,1,29.39,9.05,2023-02-14,2023-02-23,Yes,No,Android,Edge,Crypto,Chinese,Night,6,Small Business,charles.anderson447@company.com,,0
109963,Jennifer Gonzalez,jennifer.gonzalez377@company.com,API Service,Login Issue,The system is not syncing data across devices properly.,The duplicate charge was reversed and refund processed within 3-5 business days.,High,Open,Email,Asia,47,Female,Enterprise,40,15,1,2.07,146.48,2024-02-18,2024-03-03,Yes,No,Android,Safari,Crypto,English,Night,9,Individual,jennifer.gonzalez377@company.com,,0
88120,Michael Lopez,michael.lopez27@gmail.com,API Service,Data Sync Issue,The application crashes whenever I try to upload a file.,The issue was escalated to engineering and resolved in the latest patch.,High,In Progress,Social Media,Africa,29,Male,Premium,36,14,5,54.5,86.02,2023-11-23,2023-12-06,Yes,Yes,Windows,Unknown,Crypto,German,Morning,4,Individual,michael.lopez27@gmail.com,,0
140898,Mary Lopez,mary.lopez200@gmail.com,API Service,Bug Report,The payment was deducted from my bank account but the transaction shows failed.,The issue was escalated to engineering and resolved in the latest patch.,Urgent,Resolved,Email,Africa,51,Other,Premium,22,6,2,58.16,169.58,2024-07-13,2024-07-16,Yes,No,iOS,Firefox,Crypto,Japanese,Evening,2,Small Business,mary.lopez200@gmail.com,,0
81595,James Rodriguez,james.rodriguez488@outlook.com,Web Portal,Feature Request,I am unable to access my account after entering the correct credentials.,Payment gateway timeout issue fixed and monitoring implemented.,Low,Pending Customer,Chat,Asia,18,Other,Enterprise,20,7,2,15.46,218.44,2024-03-08,2024-03-17,Yes,No,iOS,Firefox,Bank Transfer,German,Afternoon,8,Individual,james.rodriguez488@outlook.com,,0
192695,Jessica Jackson,jessica.jackson755@outlook.com,Cloud Storage,Payment Problem,The payment was deducted from my bank account but the transaction shows failed.,Payment gateway timeout issue fixed and monitoring implemented.,High,Pending Customer,Chat,Asia,49,Other,Free,44,0,1,54.86,99.73,2024-08-08,2024-08-16,Yes,No,Linux,Edge,PayPal,Japanese,Morning,10,Small Business,jessica.jackson755@outlook.com,,0
153277,Patricia Johnson,patricia.johnson489@company.com,Billing System,Refund Request,The application crashes whenever I try to upload a file.,Payment gateway timeout issue fixed and monitoring implemented.,Urgent,Open,Social Media,South America,21,Female,Premium,36,14,5,23.64,176.41,2022-10-12,2022-10-23,No,No,Linux,Safari,Credit Card,English,Morning,2,Corporate,patricia.johnson489@company.com,,0
175575,Thomas Wilson,thomas.wilson790@hotmail.com,Web Portal,Payment Problem,There seems to be a discrepancy in my billing statement for this month.,Subscription status corrected and confirmation email sent to customer.,Medium,Pending Customer,Chat,Africa,63,Female,Free,22,16,5,38.41,215.57,2024-11-20,2024-11-24,No,No,Android,Firefox,Credit Card,Spanish,Evening,4,Individual,thomas.wilson790@hotmail.com,,0
13697,Susan Johnson,susan.johnson477@outlook.com,Billing System,Bug Report,I am unable to access my account after entering the correct credentials.,The issue was escalated to engineering and resolved in the latest patch.,Medium,Resolved,Email,Asia,75,Female,Basic,22,17,3,33.65,125.73,2024-07-19,2024-07-22,No,No,iOS,Chrome,Crypto,Chinese,Evening,4,Corporate,susan.johnson477@outlook.com,,0
164683,John Anderson,john.anderson970@company.com,Analytics Dashboard,Payment Problem,I would like to request a refund for the recent charge.,The duplicate charge was reversed and refund processed within 3-5 business days.,High,Closed,Phone,Australia,58,Female,Premium,7,18,5,71.12,141.6,2023-01-28,2023-02-07,No,Yes,Linux,Firefox,PayPal,Spanish,Night,8,Individual,john.anderson970@company.com,,0
183405,James Moore,james.moore146@company.com,Analytics Dashboard,Bug Report,I found a bug in the latest update affecting report generation.,Payment gateway timeout issue fixed and monitoring implemented.,Low,Closed,Phone,Africa,20,Other,Basic,40,4,5,35.18,79.38,2022-10-13,2022-10-27,No,Yes,Linux,Edge,Bank Transfer,Japanese,Morning,3,Corporate,james.moore146@company.com,,0
188416,James Anderson,james.anderson228@yahoo.com,Billing System,Data Sync Issue,I would like to request a refund for the recent charge.,Payment gateway timeout issue fixed and monitoring implemented.,Low,Closed,Phone,Asia,69,Male,Enterprise,9,5,1,53.75,99.59,2024-01-07,2024-01-13,Yes,Yes,Linux,Edge,Bank Transfer,Chinese,Night,4,Individual,james.anderson228@yahoo.com,,0
120720,William Smith,william.smith235@icloud.com,Web Portal,Subscription Cancellation,The application crashes whenever I try to upload a file.,Provided step-by-step troubleshooting instructions and issue resolved.,High,Pending Customer,Web Form,Asia,34,Female,Enterprise,17,19,5,70.65,180.25,2024-09-21,2024-09-28,Yes,No,iOS,Edge,Bank Transfer,French,Night,7,Individual,william.smith235@icloud.com,,0
88921,Patricia Davis,patricia.davis424@gmail.com,Subscription Service,Subscription Cancellation,The system is not syncing data across devices properly.,Bug logged internally and workaround shared with the customer.,Urgent,Closed,Web Form,Australia,67,Male,Free,49,14,5,5.81,23.58,2022-08-05,2022-08-05,Yes,No,Android,Edge,Debit Card,Spanish,Morning,9,Corporate,patricia.davis424@gmail.com,,0
90746,Michael Taylor,michael.taylor929@hotmail.com,CRM Platform,Feature Request,The system is not syncing data across devices properly.,The duplicate charge was reversed and refund processed within 3-5 business days.,Medium,In Progress,Email,Europe,46,Other,Premium,46,13,1,13.77,157.66,2023-12-09,2023-12-09,No,Yes,Windows,Edge,Crypto,Japanese,Evening,9,Corporate,michael.taylor929@hotmail.com,,0
132517,William Martin,william.martin305@gmail.com,CRM Platform,Performance Issue,There seems to be a discrepancy in my billing statement for this month.,Data synchronization restored after backend service restart.,Low,Pending Customer,Web Form,North America,21,Male,Enterprise,37,10,2,48.54,194.38,2024-10-18,2024-10-21,Yes,Yes,iOS,Firefox,Crypto,Chinese,Evening,10,Individual,william.martin305@gmail.com,,0
129339,Mary Jackson,mary.jackson24@company.com,Web Portal,Feature Request,The payment was deducted from my bank account but the transaction shows failed.,Data synchronization restored after backend service restart.,Low,Resolved,Phone,Africa,24,Other,Enterprise,6,17,4,21.11,209.13,2023-03-07,2023-03-12,No,Yes,Windows,Chrome,Bank Transfer,French,Afternoon,3,Small Business,mary.jackson24@company.com,,0
67749,Richard Miller,richard.miller723@hotmail.com,Billing System,Bug Report,The application crashes whenever I try to upload a file.,The duplicate charge was reversed and refund processed within 3-5 business days.,Medium,Open,Social Media,Europe,55,Female,Premium,42,14,4,31.27,79.17,2022-02-02,2022-02-10,Yes,No,Android,Safari,Credit Card,Spanish,Evening,8,Individual,richard.miller723@hotmail.com,,0
101962,Robert Thomas,robert.thomas585@gmail.com,Cloud Storage,Subscription Cancellation,My subscription was cancelled without my request and I need clarification.,Data synchronization restored after backend service restart.,Medium,In Progress,Chat,North America,52,Male,Basic,39,13,1,68.36,1.57,2024-10-02,2024-10-11,No,Yes,Windows,Firefox,Credit Card,French,Evening,6,Corporate,robert.thomas585@gmail.com,,0
2068,Robert Garcia,robert.garcia445@icloud.com,Cloud Storage,Performance Issue,I would like to request a refund for the recent charge.,We have reset the account credentials and advised the customer to retry login.,Medium,Closed,Phone,Asia,71,Female,Free,48,11,2,6.32,110.92,2024-10-21,2024-10-27,Yes,Yes,Windows,Firefox,Debit Card,English,Evening,9,Small Business,robert.garcia445@icloud.com,,0
161700,Charles Moore,charles.moore696@company.com,CRM Platform,Feature Request,The payment was deducted from my bank account but the transaction shows failed.,Provided step-by-step troubleshooting instructions and issue resolved.,Medium,Resolved,Web Form,Europe,74,Other,Enterprise,37,9,5,42.9,194.38,2022-10-23,2022-10-30,Yes,Yes,Linux,Safari,Bank Transfer,Japanese,Morning,8,Small Business,charles.moore696@company.com,,0
139925,Elizabeth Smith,elizabeth.smith613@yahoo.com,Payment Gateway,Feature Request,I am unable to access my account after entering the correct credentials.,Explained billing breakdown and clarified applicable charges.,Urgent,Closed,Email,South America,54,Other,Basic,57,14,2,37.93,215.45,2022-06-07,2022-06-08,No,No,Linux,Chrome,Credit Card,English,Night,8,Corporate,elizabeth.smith613@yahoo.com,,0
130147,Joseph Wilson,joseph.wilson813@company.com,CRM Platform,Subscription Cancellation,There seems to be a discrepancy in my billing statement for this month.,Explained billing breakdown and clarified applicable charges.,Urgent,Resolved,Email,North America,68,Other,Free,15,14,5,2.09,82.94,2024-10-25,2024-11-02,No,No,Windows,Firefox,Credit Card,French,Evening,1,Individual,joseph.wilson813@company.com,,0
1827,Jennifer Jackson,jennifer.jackson418@gmail.com,Web Portal,Refund Request,There seems to be a discrepancy in my billing statement for this month.,Subscription status corrected and confirmation email sent to customer.,High,In Progress,Phone,Europe,29,Male,Enterprise,53,1,3,16.01,189.82,2023-11-22,2023-11-30,Yes,No,iOS,Firefox,Debit Card,Spanish,Night,5,Corporate,jennifer.jackson418@gmail.com,,0
128361,Joseph Moore,joseph.moore918@hotmail.com,Payment Gateway,Bug Report,I am unable to access my account after entering the correct credentials.,Bug logged internally and workaround shared with the customer.,High,Open,Social Media,Asia,45,Female,Enterprise,26,15,3,16.46,112.25,2022-07-18,2022-07-19,Yes,No,iOS,Safari,Bank Transfer,Chinese,Night,7,Individual,joseph.moore918@hotmail.com,,0
73158,Linda Thomas,linda.thomas932@outlook.com,Subscription Service,Subscription Cancellation,I would like to request a refund for the recent charge.,Provided step-by-step troubleshooting instructions and issue resolved.,Urgent,Open,Phone,North America,51,Male,Enterprise,39,10,1,10.6,179.54,2023-08-28,2023-09-10,No,No,iOS,Safari,PayPal,Chinese,Afternoon,3,Small Business,linda.thomas932@outlook.com,,0
80125,William Lopez,william.lopez799@icloud.com,API Service,Payment Problem,I am unable to access my account after entering the correct credentials.,Explained billing breakdown and clarified applicable charges.,High,In Progress,Email,Europe,33,Male,Basic,31,7,3,46.66,48.72,2024-04-27,2024-05-07,Yes,No,Linux,Unknown,Crypto,Spanish,Evening,2,Individual,william.lopez799@icloud.com,,0
95396,Patricia Jackson,patricia.jackson906@icloud.com,Analytics Dashboard,Feature Request,The payment was deducted from my bank account but the transaction shows failed.,The duplicate charge was reversed and refund processed within 3-5 business days.,Urgent,Resolved,Chat,Europe,69,Female,Enterprise,54,8,4,51.56,150.19,2024-02-09,2024-02-21,No,Yes,Windows,Firefox,PayPal,German,Evening,9,Small Business,patricia.jackson906@icloud.com,,0
86351,Michael Thomas,michael.thomas385@company.com,CRM Platform,Login Issue,Two-factor authentication codes are not being delivered to my phone.,The issue was escalated to engineering and resolved in the latest patch.,High,In Progress,Chat,South America,46,Female,Free,40,5,2,43.52,215.37,2022-04-23,2022-05-04,Yes,No,iOS,Unknown,Bank Transfer,German,Afternoon,7,Small Business,michael.thomas385@company.com,,0
150667,Richard Wilson,richard.wilson893@hotmail.com,Payment Gateway,Subscription Cancellation,I am experiencing very slow performance while using the dashboard.,Subscription status corrected and confirmation email sent to customer.,Urgent,Pending Customer,Phone,Europe,62,Male,Free,14,3,5,38.95,102.99,2022-11-14,2022-11-14,Yes,Yes,Windows,Chrome,Debit Card,Japanese,Evening,4,Small Business,richard.wilson893@hotmail.com,,0
115440,Barbara Martinez,barbara.martinez481@gmail.com,Mobile App,Performance Issue,The system is not syncing data across devices properly.,Explained billing breakdown and clarified applicable charges.,Low,Closed,Phone,Australia,25,Female,Enterprise,28,15,3,49.52,79.12,2024-06-17,2024-06-21,No,No,Android,Chrome,Debit Card,German,Afternoon,10,Corporate,barbara.martinez481@gmail.com,,0
142745,Charles Smith,charles.smith36@icloud.com,Analytics Dashboard,Subscription Cancellation,The payment was deducted from my bank account but the transaction shows failed.,Bug logged internally and workaround shared with the customer.,High,In Progress,Phone,Australia,66,Other,Basic,41,3,1,64.75,53.3,2024-09-24,2024-10-06,Yes,No,Windows,Safari,PayPal,German,Morning,2,Small Business,charles.smith36@icloud.com,2024-04-22,0
85456,John Gonzalez,john.gonzalez484@gmail.com,Mobile App,Feature Request,I would like to request a refund for the recent charge.,Provided step-by-step troubleshooting instructions and issue resolved.,Low,Resolved,Chat,Australia,23,Male,Basic,11,13,3,31.44,38.34,2024-04-11,2024-04-25,No,No,Android,Edge,Bank Transfer,German,Morning,9,Small Business,john.gonzalez484@gmail.com,,0
21677,Elizabeth Martinez,elizabeth.martinez694@company.com,Subscription Service,Feature Request,I would like to request a refund for the recent charge.,Data synchronization restored after backend service restart.,Low,Resolved,Email,Asia,57,Male,Free,58,6,3,41.42,18.09,2023-10-12,2023-10-17,Yes,Yes,MacOS,Firefox,PayPal,Spanish,Afternoon,7,Small Business,elizabeth.martinez694@company.com,,0
175337,Elizabeth Lopez,elizabeth.lopez542@icloud.com,Billing System,Bug Report,The application crashes whenever I try to upload a file.,The duplicate charge was reversed and refund processed within 3-5 business days.,Medium,Pending Customer,Web Form,Asia,53,Female,Enterprise,55,5,2,0.83,185.24,2024-11-26,2024-11-27,No,No,Linux,Safari,Crypto,German,Morning,1,Corporate,elizabeth.lopez542@icloud.com,,0
36922,Karen Lopez,karen.lopez515@gmail.com,E-commerce Store,Account Suspension,I found a bug in the latest update affecting report generation.,We have reset the account credentials and advised the customer to retry login.,High,In Progress,Web Form,South America,41,Male,Enterprise,38,14,3,6.23,12.77,2022-08-19,2022-08-22,Yes,No,Android,Unknown,Crypto,Spanish,Night,7,Small Business,karen.lopez515@gmail.com,,0
34091,Mary Martinez,mary.martinez236@icloud.com,Analytics Dashboard,Login Issue,My subscription was cancelled without my request and I need clarification.,The duplicate charge was reversed and refund processed within 3-5 business days.,Urgent,Pending Customer,Web Form,South America,30,Female,Premium,38,14,4,45.02,228.51,2024-01-09,2024-01-11,No,No,MacOS,Firefox,Crypto,English,Afternoon,6,Corporate,mary.martinez236@icloud.com,,0
47570,Barbara Martin,barbara.martin807@icloud.com,API Service,Refund Request,I found a bug in the latest update affecting report generation.,We have reset the account credentials and advised the customer to retry login.,Low,In Progress,Web Form,Europe,51,Female,Premium,34,18,3,1.57,214.64,2023-02-14,2023-02-22,No,No,MacOS,Safari,Bank Transfer,English,Afternoon,4,Small Business,barbara.martin807@icloud.com,,0
170366,Mary Brown,mary.brown243@hotmail.com,Analytics Dashboard,Feature Request,I found a bug in the latest update affecting report generation.,Explained billing breakdown and clarified applicable charges.,Urgent,Resolved,Phone,Australia,19,Male,Premium,57,17,5,16.19,123.45,2022-07-23,2022-07-27,No,Yes,iOS,Firefox,Debit Card,English,Afternoon,2,Corporate,mary.brown243@hotmail.com,,0
76353,Patricia Rodriguez,patricia.rodriguez774@hotmail.com,Subscription Service,Refund Request,I found a bug in the latest update affecting report generation.,The duplicate charge was reversed and refund processed within 3-5 business days.,High,Resolved,Email,Africa,70,Male,Basic,3,9,1,33.97,88.01,2024-04-08,2024-04-15,Yes,No,Linux,Chrome,Crypto,Japanese,Morning,4,Individual,patricia.rodriguez774@hotmail.com,,0
153940,Elizabeth Williams,elizabeth.williams284@hotmail.com,Payment Gateway,Data Sync Issue,There seems to be a discrepancy in my billing statement for this month.,The issue was escalated to engineering and resolved in the latest patch.,Low,Pending Customer,Chat,Africa,46,Male,Premium,27,19,1,16.98,1.4,2023-08-16,2023-08-21,No,Yes,Linux,Safari,Debit Card,Japanese,Night,8,Corporate,elizabeth.williams284@hotmail.com,,0
20992,Sarah Garcia,sarah.garcia274@yahoo.com,E-commerce Store,Account Suspension,I found a bug in the latest update affecting report generation.,The issue was escalated to engineering and resolved in the latest patch.,Low,Resolved,Email,Asia,46,Other,Enterprise,35,1,4,71.01,75.34,2022-06-05,2022-06-07,Yes,Yes,iOS,Edge,Credit Card,Japanese,Afternoon,1,Corporate,sarah.garcia274@yahoo.com,,0
56013,Robert Moore,robert.moore339@yahoo.com,Mobile App,Account Suspension,I am unable to access my account after entering the correct credentials.,Explained billing breakdown and clarified applicable charges.,Low,In Progress,Phone,Asia,45,Male,Premium,11,7,1,48.41,231.86,2024-07-30,2024-08-12,No,Yes,Android,Unknown,Bank Transfer,German,Afternoon,10,Individual,robert.moore339@yahoo.com,2022-05-16,0
73648,Linda Gonzalez,linda.gonzalez741@outlook.com,Analytics Dashboard,Feature Request,The payment was deducted from my bank account but the transaction shows failed.,Data synchronization restored after backend service restart.,Low,Pending Customer,Email,South America,35,Other,Enterprise,59,7,4,49.97,111.74,2024-11-21,2024-11-21,Yes,No,Windows,Firefox,Bank Transfer,German,Afternoon,7,Corporate,linda.gonzalez741@outlook.com,,0
89472,Michael Wilson,michael.wilson107@company.com,API Service,Subscription Cancellation,There seems to be a discrepancy in my billing statement for this month.,Security settings updated and customer notified of precautionary measures.,High,Pending Customer,Phone,Asia,59,Other,Premium,13,2,2,71.42,56.16,2022-06-20,2022-06-22,No,No,Windows,Unknown,Crypto,Spanish,Afternoon,4,Individual,michael.wilson107@company.com,,0
103914,Jennifer Gonzalez,jennifer.gonzalez850@gmail.com,Billing System,Login Issue,The application crashes whenever I try to upload a file.,We have reset the account credentials and advised the customer to retry login.,Low,Open,Chat,Australia,58,Other,Basic,6,0,4,18.08,76.43,2022-02-14,2022-02-18,Yes,No,Linux,Edge,PayPal,German,Night,1,Corporate,jennifer.gonzalez850@gmail.com,,0
13620,Charles Miller,charles.miller640@yahoo.com,Cloud Storage,Account Suspension,The application crashes whenever I try to upload a file.,Bug logged internally and workaround shared with the customer.,Medium,Closed,Chat,North America,32,Male,Basic,12,20,3,67.52,185.25,2022-05-05,2022-05-12,No,Yes,Linux,Edge,Debit Card,German,Night,1,Individual,charles.miller640@yahoo.com,,0
26917,Robert Martin,robert.martin249@outlook.com,API Service,Payment Problem,I found a bug in the latest update affecting report generation.,Data synchronization restored after backend service restart.,High,Open,Email,Australia,62,Other,Free,45,7,1,6.17,159.09,2024-05-10,2024-05-18,No,No,Windows,Unknown,Debit Card,Spanish,Afternoon,3,Corporate,robert.martin249@outlook.com,,0
67402,James Wilson,james.wilson747@icloud.com,Analytics Dashboard,Security Concern,I am experiencing very slow performance while using the dashboard.,Provided step-by-step troubleshooting instructions and issue resolved.,Low,Pending Customer,Chat,Africa,30,Female,Basic,23,2,3,24.34,1.16,2023-08-30,2023-08-31,Yes,No,Windows,Unknown,PayPal,German,Evening,10,Corporate,james.wilson747@icloud.com,,0
122473,Richard Moore,richard.moore46@gmail.com,Billing System,Payment Problem,The application crashes whenever I try to upload a file.,Subscription status corrected and confirmation email sent to customer.,High,Resolved,Web Form,Europe,63,Male,Enterprise,7,1,4,23.03,185.74,2022-04-05,2022-04-16,No,No,iOS,Unknown,Bank Transfer,Chinese,Afternoon,9,Corporate,richard.moore46@gmail.com,,0
182872,David Anderson,david.anderson568@yahoo.com,Subscription Service,Refund Request,I found a bug in the latest update affecting report generation.,We have reset the account credentials and advised the customer to retry login.,Urgent,Resolved,Phone,Asia,27,Other,Enterprise,33,10,5,51.3,180.11,2023-06-23,2023-07-02,No,Yes,Windows,Unknown,Credit Card,English,Morning,8,Small Business,david.anderson568@yahoo.com,,0
127681,Joseph Jackson,joseph.jackson643@gmail.com,Analytics Dashboard,Bug Report,The system is not syncing data across devices properly.,The duplicate charge was reversed and refund processed within 3-5 business days.,High,In Progress,Social Media,Australia,40,Male,Premium,19,6,3,54.17,71.33,2023-08-15,2023-08-22,Yes,No,Android,Firefox,Bank Transfer,English,Night,5,Individual,joseph.jackson643@gmail.com,,0
34874,Elizabeth Thomas,elizabeth.thomas982@icloud.com,Mobile App,Feature Request,I am unable to access my account after entering the correct credentials.,Bug logged internally and workaround shared with the customer.,Medium,Resolved,Web Form,Africa,56,Other,Premium,21,11,5,44.23,9.16,2022-05-05,2022-05-09,No,No,Windows,Edge,Crypto,Japanese,Night,3,Individual,elizabeth.thomas982@icloud.com,,0
151533,Linda Johnson,linda.johnson506@company.com,Payment Gateway,Payment Problem,The system is not syncing data across devices properly.,The issue was escalated to engineering and resolved in the latest patch.,Medium,Closed,Chat,Europe,18,Male,Enterprise,36,13,4,48.72,202.53,2023-04-30,2023-05-02,No,No,Linux,Edge,PayPal,Spanish,Evening,8,Individual,linda.johnson506@company.com,2022-12-16,0
43438,James Wilson,james.wilson359@company.com,Payment Gateway,Bug Report,I would like to request a refund for the recent charge.,The issue was escalated to engineering and resolved in the latest patch.,High,Open,Chat,Africa,50,Male,Premium,50,17,2,27.32,223.34,2023-02-23,2023-03-03,No,Yes,MacOS,Unknown,Debit Card,French,Evening,1,Small Business,james.wilson359@company.com,,0
16224,Richard Martin,richard.martin481@hotmail.com,CRM Platform,Performance Issue,Two-factor authentication codes are not being delivered to my phone.,Provided step-by-step troubleshooting instructions and issue resolved.,High,Pending Customer,Phone,Africa,22,Male,Free,14,2,1,45.1,19.83,2023-05-19,2023-05-20,Yes,Yes,iOS,Firefox,Debit Card,German,Night,10,Small Business,richard.martin481@hotmail.com,,0
70362,Linda Hernandez,linda.hernandez909@yahoo.com,Subscription Service,Account Suspension,The payment was deducted from my bank account but the transaction shows failed.,Subscription status corrected and confirmation email sent to customer.,Urgent,Closed,Web Form,Asia,29,Female,Basic,19,3,1,40.67,103.08,2022-11-21,2022-12-05,Yes,No,MacOS,Firefox,PayPal,Chinese,Night,4,Individual,linda.hernandez909@yahoo.com,,0
135029,Elizabeth Martin,elizabeth.martin345@company.com,API Service,Subscription Cancellation,There seems to be a discrepancy in my billing statement for this month.,Explained billing breakdown and clarified applicable charges.,High,Closed,Email,Europe,35,Male,Basic,47,20,2,41.71,132.9,2024-07-31,2024-08-08,No,Yes,MacOS,Edge,PayPal,Japanese,Morning,8,Corporate,elizabeth.martin345@company.com,,0
94499,Patricia Garcia,patricia.garcia673@outlook.com,Subscription Service,Security Concern,The payment was deducted from my bank account but the transaction shows failed.,The issue was escalated to engineering and resolved in the latest patch.,Medium,In Progress,Web Form,Europe,41,Other,Enterprise,51,11,5,46.44,180.03,2023-02-10,2023-02-20,Yes,No,iOS,Safari,Crypto,Japanese,Afternoon,7,Corporate,patricia.garcia673@outlook.com,,0
167257,Barbara Smith,barbara.smith40@yahoo.com,API Service,Refund Request,I would like to request a refund for the recent charge.,Subscription status corrected and confirmation email sent to customer.,High,In Progress,Phone,Africa,56,Other,Premium,58,3,1,3.12,122.49,2024-04-21,2024-04-23,No,Yes,Windows,Chrome,Credit Card,French,Evening,5,Small Business,barbara.smith40@yahoo.com,,0
6972,James Wilson,james.wilson240@yahoo.com,Cloud Storage,Login Issue,The system is not syncing data across devices properly.,Provided step-by-step troubleshooting instructions and issue resolved.,Urgent,Open,Email,South America,32,Male,Premium,1,18,5,46.81,148.7,2022-08-17,2022-08-22,No,No,MacOS,Firefox,Debit Card,German,Night,10,Individual,james.wilson240@yahoo.com,,0
41955,Susan Anderson,susan.anderson798@company.com,API Service,Refund Request,Two-factor authentication codes are not being delivered to my phone.,Subscription status corrected and confirmation email sent to customer.,High,In Progress,Chat,North America,67,Male,Basic,37,19,2,51.9,123.22,2023-08-06,2023-08-16,Yes,No,MacOS,Safari,Credit Card,German,Night,1,Small Business,susan.anderson798@company.com,,0
13673,Joseph Taylor,joseph.taylor881@company.com,Mobile App,Refund Request,The application crashes whenever I try to upload a file.,Payment gateway timeout issue fixed and monitoring implemented.,Medium,Resolved,Phone,Australia,56,Female,Premium,23,13,1,29.93,35.04,2023-10-04,2023-10-14,No,No,iOS,Edge,Bank Transfer,French,Evening,1,Corporate,joseph.taylor881@company.com,,0
81934,Karen Davis,karen.davis294@company.com,Mobile App,Payment Problem,I found a bug in the latest update affecting report generation.,The duplicate charge was reversed and refund processed within 3-5 business days.,Urgent,Closed,Chat,Africa,52,Other,Basic,19,20,3,67.59,170.0,2024-01-23,2024-01-28,No,No,Linux,Firefox,Debit Card,Chinese,Evening,9,Corporate,karen.davis294@company.com,,0
117251,Patricia Jackson,patricia.jackson79@hotmail.com,Analytics Dashboard,Feature Request,The system is not syncing data across devices properly.,Explained billing breakdown and clarified applicable charges.,Low,Pending Customer,Phone,Europe,71,Male,Enterprise,58,0,4,21.58,132.71,2023-01-19,2023-01-22,Yes,Yes,Windows,Unknown,PayPal,Chinese,Afternoon,2,Corporate,patricia.jackson79@hotmail.com,,0
53026,James Gonzalez,james.gonzalez248@gmail.com,API Service,Performance Issue,The application crashes whenever I try to upload a file.,Data synchronization restored after backend service restart.,High,Pending Customer,Web Form,Africa,18,Male,Enterprise,2,11,3,26.12,210.93,2023-06-29,2023-07-07,No,Yes,MacOS,Chrome,Crypto,English,Evening,4,Individual,james.gonzalez248@gmail.com,,0
64686,William Thomas,william.thomas604@yahoo.com,Mobile App,Feature Request,The payment was deducted from my bank account but the transaction shows failed.,The duplicate charge was reversed and refund processed within 3-5 business days.,Urgent,Closed,Phone,North America,52,Male,Enterprise,51,13,4,47.32,86.55,2024-05-02,2024-05-07,Yes,No,Windows,Edge,Debit Card,Japanese,Evening,1,Corporate,william.thomas604@yahoo.com,,0
36002,Jennifer Rodriguez,jennifer.rodriguez636@company.com,Billing System,Data Sync Issue,I am experiencing very slow performance while using the dashboard.,Subscription status corrected and confirmation email sent to customer.,Medium,In Progress,Web Form,North America,24,Male,Basic,23,5,3,65.2,88.74,2024-11-26,2024-12-06,No,Yes,MacOS,Safari,PayPal,Japanese,Night,8,Small Business,jennifer.rodriguez636@company.com,,0
132278,Richard Thomas,richard.thomas482@outlook.com,Cloud Storage,Security Concern,I would like to request a refund for the recent charge.,We have reset the account credentials and advised the customer to retry login.,High,In Progress,Web Form,Asia,18,Male,Premium,14,10,5,36.63,163.67,2024-02-19,2024-02-25,No,Yes,MacOS,Chrome,PayPal,German,Morning,7,Small Business,richard.thomas482@outlook.com,,0
56919,Michael Davis,michael.davis562@gmail.com,Subscription Service,Refund Request,Two-factor authentication codes are not being delivered to my phone.,Bug logged internally and workaround shared with the customer.,Urgent,Resolved,Web Form,Europe,37,Other,Premium,35,7,3,17.95,147.01,2023-10-17,2023-10-22,Yes,No,MacOS,Unknown,PayPal,English,Afternoon,5,Corporate,michael.davis562@gmail.com,,0
147518,William Jones,william.jones501@hotmail.com,Subscription Service,Login Issue,There seems to be a discrepancy in my billing statement for this month.,We have reset the account credentials and advised the customer to retry login.,Low,Pending Customer,Email,North America,70,Male,Basic,54,14,2,15.74,3.2,2023-01-27,2023-01-27,Yes,Yes,iOS,Chrome,Crypto,Chinese,Night,7,Small Business,william.jones501@hotmail.com,,0
162021,Jessica Williams,jessica.williams437@outlook.com,Mobile App,Bug Report,I am unable to access my account after entering the correct credentials.,Provided step-by-step troubleshooting instructions and issue resolved.,Low,In Progress,Chat,South America,70,Female,Premium,46,12,2,52.87,212.25,2024-09-22,2024-10-05,Yes,Yes,MacOS,Edge,PayPal,English,Night,9,Small Business,jessica.williams437@outlook.com,2022-03-12,0
98646,Charles Miller,charles.miller247@icloud.com,API Service,Security Concern,My subscription was cancelled without my request and I need clarification.,Bug logged internally and workaround shared with the customer.,Low,Open,Social Media,Europe,53,Male,Premium,19,8,5,4.16,117.17,2023-10-13,2023-10-19,No,Yes,Windows,Edge,PayPal,French,Afternoon,3,Individual,charles.miller247@icloud.com,,0
60047,Karen Hernandez,karen.hernandez167@hotmail.com,CRM Platform,Subscription Cancellation,The system is not syncing data across devices properly.,Explained billing breakdown and clarified applicable charges.,High,Closed,Social Media,Australia,52,Male,Premium,19,7,4,45.61,12.14,2024-09-06,2024-09-12,Yes,No,Android,Unknown,Bank Transfer,English,Afternoon,8,Small Business,karen.hernandez167@hotmail.com,,0
89832,Jessica Miller,jessica.miller758@outlook.com,Billing System,Payment Problem,The application crashes whenever I try to upload a file.,Explained billing breakdown and clarified applicable charges.,Urgent,Pending Customer,Phone,Europe,31,Male,Premium,21,1,2,15.53,92.04,2024-01-15,2024-01-20,No,No,Windows,Chrome,Crypto,Chinese,Evening,4,Small Business,jessica.miller758@outlook.com,,0
19101,John Jackson,john.jackson31@outlook.com,Mobile App,Subscription Cancellation,I found a bug in the latest update affecting report generation.,The duplicate charge was reversed and refund processed within 3-5 business days.,Low,Resolved,Phone,South America,20,Other,Premium,4,13,5,51.23,210.66,2023-02-25,2023-02-26,Yes,Yes,Android,Firefox,Debit Card,Spanish,Evening,8,Small Business,john.jackson31@outlook.com,,0
83913,Patricia Jones,patricia.jones950@gmail.com,Subscription Service,Subscription Cancellation,There seems to be a discrepancy in my billing statement for this month.,Payment gateway timeout issue fixed and monitoring implemented.,Medium,Closed,Web Form,North America,46,Male,Premium,52,9,5,12.34,88.73,2022-06-20,2022-06-21,No,Yes,Windows,Chrome,Debit Card,German,Night,10,Individual,patricia.jones950@gmail.com,,0
198130,Karen Garcia,karen.garcia146@hotmail.com,CRM Platform,Payment Problem,I would like to request a refund for the recent charge.,Explained billing breakdown and clarified applicable charges.,Urgent,Closed,Social Media,Africa,19,Female,Premium,38,17,4,47.37,113.95,2022-08-30,2022-09-04,Yes,No,Windows,Firefox,PayPal,Spanish,Morning,4,Corporate,karen.garcia146@hotmail.com,,0
131797,Barbara Hernandez,barbara.hernandez68@outlook.com,API Service,Bug Report,There seems to be a discrepancy in my billing statement for this month.,Subscription status corrected and confirmation email sent to customer.,Low,Open,Chat,Asia,41,Other,Free,35,20,2,30.76,67.09,2022-01-20,2022-01-26,No,Yes,Windows,Unknown,Credit Card,German,Night,1,Corporate,barbara.hernandez68@outlook.com,,0
137372,Richard Williams,richard.williams763@yahoo.com,Analytics Dashboard,Performance Issue,The payment was deducted from my bank account but the transaction shows failed.,We have reset the account credentials and advised the customer to retry login.,High,In Progress,Social Media,South America,22,Male,Enterprise,46,12,4,54.17,10.49,2022-11-23,2022-12-03,Yes,No,Linux,Unknown,PayPal,German,Night,3,Individual,richard.williams763@yahoo.com,,0
33107,Susan Jackson,susan.jackson334@outlook.com,Payment Gateway,Payment Problem,The application crashes whenever I try to upload a file.,The duplicate charge was reversed and refund processed within 3-5 business days.,Low,Pending Customer,Web Form,South America,31,Other,Premium,6,0,4,27.85,158.09,2024-12-30,2025-01-04,No,No,Linux,Safari,Credit Card,Japanese,Afternoon,5,Small Business,susan.jackson334@outlook.com,,0
88335,Jennifer Rodriguez,jennifer.rodriguez503@gmail.com,Cloud Storage,Bug Report,I am experiencing very slow performance while using the dashboard.,The issue was escalated to engineering and resolved in the latest patch.,Urgent,In Progress,Email,North America,32,Female,Free,41,4,3,65.49,111.11,2023-06-22,2023-07-01,Yes,No,iOS,Firefox,Debit Card,Chinese,Afternoon,5,Individual,jennifer.rodriguez503@gmail.com,,0
26114,James Miller,james.miller9@yahoo.com,Billing System,Refund Request,There seems to be a discrepancy in my billing statement for this month.,The duplicate charge was reversed and refund processed within 3-5 business days.,High,Resolved,Social Media,North America,68,Male,Enterprise,58,20,4,42.18,136.91,2023-06-20,2023-06-27,No,Yes,Android,Unknown,PayPal,Japanese,Afternoon,1,Corporate,james.miller9@yahoo.com,,0
174716,Jessica Lopez,jessica.lopez314@icloud.com,Payment Gateway,Refund Request,I am experiencing very slow performance while using the dashboard.,We have reset the account credentials and advised the customer to retry login.,Low,Resolved,Chat,North America,68,Male,Basic,2,17,2,49.64,139.86,2022-09-02,2022-09-11,Yes,Yes,Linux,Safari,PayPal,German,Evening,6,Small Business,jessica.lopez314@icloud.com,,0
102484,Sarah Wilson,sarah.wilson262@hotmail.com,Web Portal,Bug Report,The system is not syncing data across devices properly.,Bug logged internally and workaround shared with the customer.,Low,Resolved,Phone,Asia,57,Other,Free,2,15,3,10.32,69.01,2024-03-04,2024-03-06,Yes,No,Android,Edge,Credit Card,Chinese,Morning,4,Corporate,sarah.wilson262@hotmail.com,2022-04-30,0
31441,Robert Thomas,robert.thomas756@gmail.com,Mobile App,Payment Problem,Two-factor authentication codes are not being delivered to my phone.,Bug logged internally and workaround shared with the customer.,Medium,Pending Customer,Chat,North America,34,Male,Premium,52,10,5,38.59,222.69,2024-03-14,2024-03-25,No,No,Windows,Chrome,Credit Card,Spanish,Evening,6,Small Business,robert.thomas756@gmail.com,,0
57302,Michael Smith,michael.smith472@hotmail.com,Web Portal,Login Issue,I found a bug in the latest update affecting report generation.,Payment gateway timeout issue fixed and monitoring implemented.,Urgent,Pending Customer,Social Media,Africa,27,Male,Premium,59,14,2,30.82,159.84,2023-01-26,2023-02-01,Yes,No,iOS,Chrome,Debit Card,Spanish,Evening,7,Individual,michael.smith472@hotmail.com,,0
186922,Susan Smith,susan.smith432@icloud.com,Billing System,Performance Issue,The application crashes whenever I try to upload a file.,Subscription status corrected and confirmation email sent to customer.,Urgent,Closed,Social Media,Australia,68,Male,Enterprise,17,16,5,3.26,95.85,2022-06-28,2022-07-10,Yes,No,Android,Firefox,Crypto,English,Afternoon,6,Individual,susan.smith432@icloud.com,,0
99682,Thomas Rodriguez,thomas.rodriguez255@outlook.com,API Service,Feature Request,I would like to request a refund for the recent charge.,We have reset the account credentials and advised the customer to retry login.,Medium,In Progress,Social Media,Asia,29,Female,Enterprise,16,1,5,15.16,23.62,2022-02-04,2022-02-15,No,No,Linux,Unknown,Bank Transfer,Chinese,Afternoon,3,Corporate,thomas.rodriguez255@outlook.com,,0
114975,Karen Martinez,karen.martinez792@company.com,E-commerce Store,Data Sync Issue,I am experiencing very slow performance while using the dashboard.,Bug logged internally and workaround shared with the customer.,Low,Pending Customer,Phone,Europe,50,Other,Enterprise,53,17,5,7.32,69.38,2022-05-09,2022-05-09,No,No,Android,Unknown,Credit Card,Spanish,Night,8,Corporate,karen.martinez792@company.com,,0
48522,Sarah Garcia,sarah.garcia334@hotmail.com,Cloud Storage,Security Concern,Two-factor authentication codes are not being delivered to my phone.,We have reset the account credentials and advised the customer to retry login.,Urgent,Pending Customer,Web Form,Europe,19,Other,Enterprise,47,18,3,64.14,206.78,2022-09-12,2022-09-16,Yes,Yes,MacOS,Edge,Debit Card,Chinese,Morning,2,Corporate,sarah.garcia334@hotmail.com,,0
4860,Jessica Gonzalez,jessica.gonzalez656@hotmail.com,Mobile App,Security Concern,There seems to be a discrepancy in my billing statement for this month.,Security settings updated and customer notified of precautionary measures.,Low,Resolved,Email,Australia,43,Other,Enterprise,39,19,5,39.67,118.41,2024-08-25,2024-08-31,No,Yes,Linux,Chrome,Bank Transfer,Japanese,Afternoon,9,Small Business,jessica.gonzalez656@hotmail.com,,0
101213,Mary Williams,mary.williams472@company.com,Web Portal,Feature Request,I am unable to access my account after entering the correct credentials.,The duplicate charge was reversed and refund processed within 3-5 business days.,High,Pending Customer,Web Form,North America,72,Female,Enterprise,18,14,4,72.0,212.78,2022-03-05,2022-03-19,No,Yes,MacOS,Edge,Crypto,Spanish,Morning,8,Corporate,mary.williams472@company.com,,0
4376,Jennifer Moore,jennifer.moore392@gmail.com,CRM Platform,Subscription Cancellation,The application crashes whenever I try to upload a file.,We have reset the account credentials and advised the customer to retry login.,High,Resolved,Chat,Australia,54,Other,Free,28,2,5,48.93,188.18,2022-10-07,2022-10-14,No,Yes,Windows,Firefox,Debit Card,German,Night,5,Individual,jennifer.moore392@gmail.com,,0
76407,Karen Miller,karen.miller495@hotmail.com,API Service,Subscription Cancellation,I am unable to access my account after entering the correct credentials.,Payment gateway timeout issue fixed and monitoring implemented.,Medium,Pending Customer,Web Form,South America,69,Male,Free,48,7,2,45.7,91.55,2023-08-12,2023-08-17,No,No,MacOS,Safari,PayPal,French,Night,4,Small Business,karen.miller495@hotmail.com,,0
97827,Charles Jones,charles.jones546@yahoo.com,CRM Platform,Payment Problem,The system is not syncing data across devices properly.,Explained billing breakdown and clarified applicable charges.,Urgent,Open,Phone,Australia,66,Female,Free,27,10,5,19.09,63.26,2024-09-09,2024-09-12,Yes,Yes,Android,Safari,Crypto,Chinese,Night,4,Corporate,charles.jones546@yahoo.com,,0
66348,Barbara Gonzalez,barbara.gonzalez795@gmail.com,Subscription Service,Feature Request,I found a bug in the latest update affecting report generation.,Security settings updated and customer notified of precautionary measures.,Urgent,Pending Customer,Chat,Africa,28,Female,Premium,58,10,5,30.41,225.32,2022-12-21,2022-12-26,No,Yes,iOS,Safari,Credit Card,Spanish,Night,3,Small Business,barbara.gonzalez795@gmail.com,,0
1154,Jessica Moore,jessica.moore886@gmail.com,Billing System,Feature Request,I would like to request a refund for the recent charge.,Provided step-by-step troubleshooting instructions and issue resolved.,High,Resolved,Phone,South America,18,Female,Basic,38,7,4,69.03,116.15,2022-10-16,2022-10-17,No,No,MacOS,Chrome,PayPal,German,Morning,8,Individual,jessica.moore886@gmail.com,,0
195441,Charles Lopez,charles.lopez360@outlook.com,Cloud Storage,Data Sync Issue,The system is not syncing data across devices properly.,The duplicate charge was reversed and refund processed within 3-5 business days.,Low,In Progress,Chat,Europe,32,Other,Free,19,9,5,60.41,175.92,2024-02-02,2024-02-09,No,No,Windows,Unknown,Debit Card,Chinese,Night,1,Small Business,charles.lopez360@outlook.com,,0
13235,Thomas Anderson,thomas.anderson844@outlook.com,Web Portal,Subscription Cancellation,There seems to be a discrepancy in my billing statement for this month.,Security settings updated and customer notified of precautionary measures.,High,Open,Chat,South America,75,Female,Basic,22,6,1,26.47,163.54,2023-07-07,2023-07-18,Yes,No,MacOS,Safari,Debit Card,Japanese,Evening,6,Individual,thomas.anderson844@outlook.com,,0
190574,Linda Moore,linda.moore973@company.com,E-commerce Store,Account Suspension,I found a bug in the latest update affecting report generation.,Security settings updated and customer notified of precautionary measures.,High,Closed,Web Form,Australia,57,Male,Free,40,17,2,28.22,239.75,2022-09-20,2022-09-30,Yes,No,MacOS,Chrome,Debit Card,English,Evening,7,Individual,linda.moore973@company.com,,0
68725,Patricia Jones,patricia.jones239@hotmail.com,Subscription Service,Refund Request,I am unable to access my account after entering the correct credentials.,Provided step-by-step troubleshooting instructions and issue resolved.,High,Pending Customer,Phone,Africa,61,Other,Enterprise,43,17,4,45.92,198.98,2024-04-10,2024-04-13,No,No,Windows,Chrome,Crypto,Spanish,Night,3,Individual,patricia.jones239@hotmail.com,,0
36816,Linda Martin,linda.martin886@icloud.com,API Service,Feature Request,There seems to be a discrepancy in my billing statement for this month.,The duplicate charge was reversed and refund processed within 3-5 business days.,Urgent,Pending Customer,Email,Europe,22,Male,Basic,24,14,3,17.36,224.53,2024-11-30,2024-12-12,Yes,No,Linux,Firefox,Crypto,German,Evening,1,Small Business,linda.martin886@icloud.com,,0
195943,Robert Jackson,robert.jackson956@yahoo.com,Billing System,Payment Problem,Two-factor authentication codes are not being delivered to my phone.,Provided step-by-step troubleshooting instructions and issue resolved.,Medium,Pending Customer,Email,North America,61,Female,Enterprise,37,8,2,37.18,194.02,2022-02-25,2022-03-04,Yes,Yes,Android,Edge,Debit Card,German,Evening,5,Individual,robert.jackson956@yahoo.com,,0
114051,Michael Jackson,michael.jackson900@company.com,Billing System,Data Sync Issue,The application crashes whenever I try to upload a file.,Explained billing breakdown and clarified applicable charges.,Low,Pending Customer,Phone,Europe,71,Male,Free,54,13,4,48.25,238.52,2024-09-09,2024-09-15,Yes,Yes,Windows,Firefox,Crypto,Japanese,Morning,10,Small Business,michael.jackson900@company.com,,0
40321,David Lopez,david.lopez653@icloud.com,API Service,Data Sync Issue,The application crashes whenever I try to upload a file.,The issue was escalated to engineering and resolved in the latest patch.,Medium,Closed,Email,Asia,27,Female,Basic,42,8,3,2.69,42.38,2023-12-22,2024-01-04,Yes,No,iOS,Unknown,Debit Card,Japanese,Morning,6,Corporate,david.lopez653@icloud.com,,0
42447,Patricia Anderson,patricia.anderson924@company.com,CRM Platform,Refund Request,Two-factor authentication codes are not being delivered to my phone.,Bug logged internally and workaround shared with the customer.,Urgent,In Progress,Social Media,Australia,37,Male,Premium,22,14,1,52.57,83.43,2023-03-03,2023-03-09,No,Yes,iOS,Firefox,PayPal,Spanish,Evening,2,Small Business,patricia.anderson924@company.com,,0
192234,Patricia Taylor,patricia.taylor344@icloud.com,E-commerce Store,Feature Request,There seems to be a discrepancy in my billing statement for this month.,Security settings updated and customer notified of precautionary measures.,Low,Resolved,Web Form,Australia,67,Female,Free,16,8,1,58.26,116.24,2023-03-01,2023-03-03,No,Yes,Linux,Chrome,Debit Card,English,Morning,4,Individual,patricia.taylor344@icloud.com,,0
131904,Joseph Moore,joseph.moore152@hotmail.com,API Service,Account Suspension,I am unable to access my account after entering the correct credentials.,Explained billing breakdown and clarified applicable charges.,Urgent,Open,Email,South America,66,Female,Premium,14,19,1,2.1,172.66,2024-02-29,2024-03-13,No,No,Linux,Safari,Debit Card,English,Evening,1,Corporate,joseph.moore152@hotmail.com,,0
71611,Robert Gonzalez,robert.gonzalez956@gmail.com,API Service,Subscription Cancellation,The payment was deducted from my bank account but the transaction shows failed.,Provided step-by-step troubleshooting instructions and issue resolved.,High,Resolved,Social Media,Africa,18,Female,Free,10,18,4,44.55,144.69,2023-08-18,2023-08-18,Yes,Yes,Windows,Safari,PayPal,German,Afternoon,5,Individual,robert.gonzalez956@gmail.com,,0
16221,Jessica Jackson,jessica.jackson284@yahoo.com,Web Portal,Payment Problem,My subscription was cancelled without my request and I need clarification.,Subscription status corrected and confirmation email sent to customer.,Medium,Pending Customer,Email,North America,37,Female,Basic,20,0,1,41.05,196.14,2024-11-30,2024-12-14,No,No,MacOS,Unknown,PayPal,French,Morning,5,Small Business,jessica.jackson284@yahoo.com,,0
319,Karen Brown,karen.brown317@yahoo.com,Mobile App,Bug Report,I found a bug in the latest update affecting report generation.,The duplicate charge was reversed and refund processed within 3-5 business days.,Medium,Pending Customer,Web Form,Asia,30,Male,Enterprise,14,20,1,17.52,174.35,2024-05-27,2024-06-08,No,No,MacOS,Safari,PayPal,Japanese,Morning,9,Small Business,karen.brown317@yahoo.com,,0
143699,Susan Garcia,susan.garcia411@icloud.com,Web Portal,Data Sync Issue,I am experiencing very slow performance while using the dashboard.,Subscription status corrected and confirmation email sent to customer.,Low,Closed,Social Media,Europe,68,Female,Basic,38,8,3,62.36,156.2,2022-03-27,2022-04-06,Yes,Yes,Linux,Safari,Crypto,German,Night,7,Corporate,susan.garcia411@icloud.com,,0
98495,Jennifer Johnson,jennifer.johnson714@icloud.com,Cloud Storage,Performance Issue,I would like to request a refund for the recent charge.,Security settings updated and customer notified of precautionary measures.,Low,Open,Email,North America,66,Other,Enterprise,13,2,3,33.89,154.27,2023-09-21,2023-09-29,No,No,Android,Unknown,PayPal,German,Morning,6,Corporate,jennifer.johnson714@icloud.com,,0
122199,Robert Moore,robert.moore290@icloud.com,Billing System,Subscription Cancellation,I would like to request a refund for the recent charge.,Explained billing breakdown and clarified applicable charges.,Medium,Pending Customer,Chat,North America,45,Male,Free,16,0,4,53.7,209.69,2023-11-29,2023-12-10,Yes,Yes,MacOS,Chrome,Crypto,Japanese,Evening,3,Corporate,robert.moore290@icloud.com,2022-06-30,0
168531,Richard Gonzalez,richard.gonzalez74@icloud.com,Analytics Dashboard,Account Suspension,The system is not syncing data across devices properly.,Explained billing breakdown and clarified applicable charges.,Medium,Pending Customer,Email,Africa,65,Female,Free,27,5,4,32.67,232.95,2024-07-21,2024-07-21,Yes,No,Linux,Chrome,PayPal,English,Afternoon,9,Corporate,richard.gonzalez74@icloud.com,,0
67646,James Jackson,james.jackson745@icloud.com,Analytics Dashboard,Data Sync Issue,There seems to be a discrepancy in my billing statement for this month.,We have reset the account credentials and advised the customer to retry login.,Urgent,In Progress,Chat,South America,22,Other,Premium,18,15,2,21.73,117.23,2023-07-04,2023-07-15,Yes,Yes,Windows,Safari,Bank Transfer,Japanese,Evening,4,Individual,james.jackson745@icloud.com,,0
191855,Susan Rodriguez,susan.rodriguez764@yahoo.com,Web Portal,Feature Request,Two-factor authentication codes are not being delivered to my phone.,The issue was escalated to engineering and resolved in the latest patch.,Low,Closed,Phone,Asia,42,Other,Free,44,15,1,20.05,176.06,2023-07-03,2023-07-12,Yes,No,MacOS,Firefox,Crypto,French,Evening,8,Small Business,susan.rodriguez764@yahoo.com,,0
111793,James Brown,james.brown880@gmail.com,API Service,Refund Request,The payment was deducted from my bank account but the transaction shows failed.,Bug logged internally and workaround shared with the customer.,High,Closed,Email,Asia,34,Other,Premium,54,4,3,46.95,62.01,2023-10-17,2023-10-19,No,No,Linux,Chrome,Crypto,French,Night,6,Individual,james.brown880@gmail.com,,0
124321,Susan Gonzalez,susan.gonzalez767@company.com,Web Portal,Payment Problem,There seems to be a discrepancy in my billing statement for this month.,We have reset the account credentials and advised the customer to retry login.,Low,Resolved,Social Media,Australia,18,Male,Free,21,1,3,1.86,221.08,2022-05-16,2022-05-18,No,No,iOS,Unknown,Credit Card,German,Morning,8,Corporate,susan.gonzalez767@company.com,,0
146920,Jessica Rodriguez,jessica.rodriguez697@company.com,Analytics Dashboard,Login Issue,There seems to be a discrepancy in my billing statement for this month.,Provided step-by-step troubleshooting instructions and issue resolved.,Medium,Resolved,Web Form,South America,25,Other,Basic,53,7,3,2.38,57.74,2023-06-14,2023-06-18,Yes,Yes,MacOS,Firefox,Crypto,Chinese,Afternoon,2,Small Business,jessica.rodriguez697@company.com,,0
96767,Sarah Davis,sarah.davis950@icloud.com,Analytics Dashboard,Refund Request,I am unable to access my account after entering the correct credentials.,Bug logged internally and workaround shared with the customer.,Medium,Closed,Email,Australia,24,Male,Premium,51,1,3,46.86,77.55,2023-11-05,2023-11-16,Yes,Yes,Windows,Firefox,Credit Card,Spanish,Evening,3,Individual,sarah.davis950@icloud.com,,0
199561,Elizabeth Wilson,elizabeth.wilson959@gmail.com,Billing System,Data Sync Issue,The system is not syncing data across devices properly.,Explained billing breakdown and clarified applicable charges.,High,Resolved,Chat,Europe,29,Female,Basic,7,12,4,11.32,227.57,2024-11-11,2024-11-24,No,No,iOS,Chrome,PayPal,Chinese,Afternoon,10,Corporate,elizabeth.wilson959@gmail.com,,0
143296,Susan Martinez,susan.martinez60@yahoo.com,Analytics Dashboard,Account Suspension,I would like to request a refund for the recent charge.,The duplicate charge was reversed and refund processed within 3-5 business days.,Urgent,Resolved,Web Form,South America,29,Female,Free,33,17,5,47.22,128.8,2023-07-30,2023-08-05,Yes,No,MacOS,Safari,PayPal,Chinese,Night,4,Corporate,susan.martinez60@yahoo.com,,0
185972,Karen Hernandez,karen.hernandez654@outlook.com,Billing System,Refund Request,There seems to be a discrepancy in my billing statement for this month.,Security settings updated and customer notified of precautionary measures.,Urgent,Pending Customer,Email,Asia,34,Male,Premium,49,4,1,25.22,75.81,2023-08-14,2023-08-19,No,No,Android,Edge,PayPal,Spanish,Evening,4,Small Business,karen.hernandez654@outlook.com,,0
64600,Elizabeth Davis,elizabeth.davis962@gmail.com,Payment Gateway,Account Suspension,Two-factor authentication codes are not being delivered to my phone.,We have reset the account credentials and advised the customer to retry login.,Urgent,Closed,Email,South America,30,Other,Basic,1,18,5,0.81,134.43,2023-02-22,2023-02-22,No,No,Android,Chrome,PayPal,Spanish,Night,9,Corporate,elizabeth.davis962@gmail.com,,0
136034,David Garcia,david.garcia265@icloud.com,Cloud Storage,Feature Request,The payment was deducted from my bank account but the transaction shows failed.,Subscription status corrected and confirmation email sent to customer.,Urgent,Open,Phone,Asia,63,Female,Premium,43,12,5,2.88,26.44,2022-05-20,2022-05-21,Yes,Yes,iOS,Unknown,Crypto,Japanese,Evening,2,Small Business,david.garcia265@icloud.com,,0
71598,Robert Smith,robert.smith190@gmail.com,CRM Platform,Account Suspension,I found a bug in the latest update affecting report generation.,Provided step-by-step troubleshooting instructions and issue resolved.,Low,Open,Social Media,North America,49,Female,Free,37,11,2,16.98,183.23,2022-03-30,2022-04-12,No,No,iOS,Firefox,PayPal,English,Afternoon,5,Small Business,robert.smith190@gmail.com,,0
181693,Karen Garcia,karen.garcia981@icloud.com,Billing System,Performance Issue,I am experiencing very slow performance while using the dashboard.,Subscription status corrected and confirmation email sent to customer.,Medium,Pending Customer,Chat,Asia,69,Female,Enterprise,43,13,5,39.37,209.22,2024-11-02,2024-11-11,No,Yes,MacOS,Safari,PayPal,Spanish,Evening,4,Small Business,karen.garcia981@icloud.com,,0
6079,Linda Martinez,linda.martinez139@outlook.com,Cloud Storage,Data Sync Issue,The payment was deducted from my bank account but the transaction shows failed.,Data synchronization restored after backend service restart.,Urgent,Pending Customer,Email,Europe,27,Male,Free,3,7,2,56.51,35.73,2022-03-31,2022-04-09,Yes,Yes,iOS,Unknown,PayPal,French,Afternoon,9,Small Business,linda.martinez139@outlook.com,,0
113498,Susan Jones,susan.jones56@company.com,Mobile App,Subscription Cancellation,The payment was deducted from my bank account but the transaction shows failed.,Bug logged internally and workaround shared with the customer.,Low,In Progress,Social Media,Africa,69,Female,Basic,34,5,2,32.47,135.5,2023-06-11,2023-06-22,Yes,Yes,MacOS,Firefox,PayPal,Chinese,Morning,8,Corporate,susan.jones56@company.com,,0
98350,Linda Garcia,linda.garcia666@outlook.com,API Service,Login Issue,The system is not syncing data across devices properly.,Provided step-by-step troubleshooting instructions and issue resolved.,Urgent,Resolved,Email,Europe,68,Female,Basic,11,3,4,32.86,196.16,2024-11-12,2024-11-25,No,No,Android,Firefox,PayPal,Chinese,Afternoon,1,Small Business,linda.garcia666@outlook.com,,0
199869,Linda Taylor,linda.taylor975@yahoo.com,Cloud Storage,Payment Problem,Two-factor authentication codes are not being delivered to my phone.,The issue was escalated to engineering and resolved in the latest patch.,Low,Resolved,Web Form,South America,70,Other,Basic,34,8,1,55.08,186.77,2022-01-14,2022-01-25,Yes,No,Linux,Safari,Debit Card,Japanese,Morning,4,Small Business,linda.taylor975@yahoo.com,,0
181356,Mary Martin,mary.martin621@company.com,Analytics Dashboard,Refund Request,I am unable to access my account after entering the correct credentials.,Data synchronization restored after backend service restart.,High,Pending Customer,Chat,Asia,66,Male,Free,53,4,3,24.0,150.99,2023-07-31,2023-08-05,No,Yes,Android,Edge,Debit Card,French,Night,2,Corporate,mary.martin621@company.com,,0
86103,Sarah Lopez,sarah.lopez452@hotmail.com,Billing System,Performance Issue,The system is not syncing data across devices properly.,We have reset the account credentials and advised the customer to retry login.,Urgent,Resolved,Social Media,Australia,49,Other,Premium,42,9,3,39.61,6.89,2024-10-04,2024-10-15,No,Yes,MacOS,Unknown,Crypto,German,Afternoon,10,Small Business,sarah.lopez452@hotmail.com,,0
171624,Linda Moore,linda.moore424@hotmail.com,Cloud Storage,Subscription Cancellation,Two-factor authentication codes are not being delivered to my phone.,Explained billing breakdown and clarified applicable charges.,High,Closed,Web Form,South America,55,Female,Enterprise,52,15,5,50.48,186.24,2023-06-30,2023-07-03,No,Yes,iOS,Edge,Crypto,Japanese,Evening,7,Corporate,linda.moore424@hotmail.com,,0
153084,Patricia Jackson,patricia.jackson111@company.com,API Service,Security Concern,The system is not syncing data across devices properly.,The issue was escalated to engineering and resolved in the latest patch.,Low,Closed,Phone,South America,58,Male,Basic,55,1,4,27.52,54.5,2023-01-10,2023-01-15,No,No,Linux,Safari,PayPal,Japanese,Night,1,Individual,patricia.jackson111@company.com,,0
87288,Joseph Anderson,joseph.anderson751@company.com,API Service,Bug Report,I am experiencing very slow performance while using the dashboard.,The issue was escalated to engineering and resolved in the latest patch.,Urgent,Open,Email,Australia,47,Male,Premium,30,1,1,66.58,222.23,2023-09-11,2023-09-22,No,No,iOS,Firefox,Crypto,French,Afternoon,10,Individual,joseph.anderson751@company.com,,0
105718,Karen Gonzalez,karen.gonzalez265@yahoo.com,Payment Gateway,Payment Problem,Two-factor authentication codes are not being delivered to my phone.,We have reset the account credentials and advised the customer to retry login.,High,Open,Phone,Africa,72,Female,Premium,51,17,2,36.42,189.37,2024-12-09,2024-12-11,Yes,Yes,iOS,Chrome,Credit Card,German,Evening,8,Individual,karen.gonzalez265@yahoo.com,,0
57470,Charles Garcia,charles.garcia506@hotmail.com,Web Portal,Feature Request,The application crashes whenever I try to upload a file.,The issue was escalated to engineering and resolved in the latest patch.,High,Closed,Social Media,Asia,60,Male,Premium,15,20,3,21.31,85.87,2023-12-12,2023-12-23,No,No,Windows,Firefox,Crypto,English,Evening,1,Individual,charles.garcia506@hotmail.com,,0
82762,Mary Johnson,mary.johnson862@yahoo.com,Analytics Dashboard,Account Suspension,I am experiencing very slow performance while using the dashboard.,We have reset the account credentials and advised the customer to retry login.,Urgent,Resolved,Email,Europe,37,Female,Basic,18,13,4,11.11,141.96,2022-03-11,2022-03-16,Yes,Yes,MacOS,Safari,Debit Card,French,Morning,5,Corporate,mary.johnson862@yahoo.com,,0
119182,Linda Anderson,linda.anderson993@outlook.com,Cloud Storage,Login Issue,The system is not syncing data across devices properly.,The issue was escalated to engineering and resolved in the latest patch.,Low,Open,Phone,Australia,27,Female,Enterprise,25,0,4,53.91,218.26,2023-05-12,2023-05-25,No,No,iOS,Chrome,Debit Card,Chinese,Afternoon,4,Small Business,linda.anderson993@outlook.com,,0
32884,James Anderson,james.anderson50@icloud.com,Payment Gateway,Refund Request,I would like to request a refund for the recent charge.,Data synchronization restored after backend service restart.,Urgent,In Progress,Social Media,Australia,42,Female,Premium,6,11,4,32.37,142.12,2022-06-02,2022-06-11,Yes,Yes,Android,Edge,Bank Transfer,German,Afternoon,3,Corporate,james.anderson50@icloud.com,,0
39766,Jennifer Brown,jennifer.brown154@company.com,Cloud Storage,Feature Request,I am unable to access my account after entering the correct credentials.,We have reset the account credentials and advised the customer to retry login.,Medium,Pending Customer,Email,Africa,55,Male,Premium,3,9,2,34.14,138.66,2023-08-16,2023-08-16,No,No,Android,Chrome,Debit Card,Spanish,Afternoon,7,Corporate,jennifer.brown154@company.com,,0
171298,James Lopez,james.lopez454@hotmail.com,E-commerce Store,Bug Report,My subscription was cancelled without my request and I need clarification.,Explained billing breakdown and clarified applicable charges.,Low,Resolved,Phone,Europe,59,Male,Enterprise,26,9,2,70.22,239.22,2024-08-04,2024-08-09,Yes,Yes,MacOS,Unknown,PayPal,French,Evening,7,Individual,james.lopez454@hotmail.com,,0
99976,Charles Hernandez,charles.hernandez640@yahoo.com,E-commerce Store,Security Concern,There seems to be a discrepancy in my billing statement for this month.,Explained billing breakdown and clarified applicable charges.,Low,Open,Chat,South America,24,Female,Basic,26,9,2,21.25,33.36,2024-08-04,2024-08-13,Yes,Yes,Windows,Chrome,Crypto,Spanish,Morning,3,Small Business,charles.hernandez640@yahoo.com,,0
178445,David Lopez,david.lopez434@icloud.com,CRM Platform,Refund Request,The system is not syncing data across devices properly.,The issue was escalated to engineering and resolved in the latest patch.,High,Resolved,Chat,Africa,60,Female,Premium,35,14,4,18.04,227.13,2022-12-24,2022-12-27,Yes,No,Linux,Safari,Debit Card,Japanese,Morning,3,Small Business,david.lopez434@icloud.com,,0
145618,John Brown,john.brown837@hotmail.com,E-commerce Store,Account Suspension,I would like to request a refund for the recent charge.,Provided step-by-step troubleshooting instructions and issue resolved.,Medium,Closed,Chat,Asia,48,Other,Enterprise,51,7,3,18.24,223.27,2023-02-12,2023-02-20,Yes,Yes,MacOS,Edge,PayPal,Japanese,Evening,9,Individual,john.brown837@hotmail.com,,0
152586,John Jones,john.jones826@gmail.com,Web Portal,Bug Report,I am experiencing very slow performance while using the dashboard.,Security settings updated and customer notified of precautionary measures.,Urgent,Open,Social Media,Asia,41,Other,Free,60,0,3,30.99,154.14,2023-05-07,2023-05-17,No,Yes,MacOS,Chrome,Crypto,Chinese,Afternoon,9,Corporate,john.jones826@gmail.com,,0
28259,Thomas Martin,thomas.martin3@hotmail.com,Analytics Dashboard,Payment Problem,My subscription was cancelled without my request and I need clarification.,The duplicate charge was reversed and refund processed within 3-5 business days.,Medium,In Progress,Email,Australia,62,Female,Free,14,13,5,2.04,54.26,2023-08-20,2023-08-24,Yes,No,Linux,Safari,Credit Card,Japanese,Night,4,Individual,thomas.martin3@hotmail.com,,0
108970,John Jackson,john.jackson755@company.com,API Service,Subscription Cancellation,There seems to be a discrepancy in my billing statement for this month.,Security settings updated and customer notified of precautionary measures.,High,In Progress,Chat,Europe,74,Male,Basic,6,1,1,49.7,15.76,2022-07-13,2022-07-27,Yes,Yes,iOS,Safari,Crypto,French,Afternoon,8,Small Business,john.jackson755@company.com,,0
22577,Robert Gonzalez,robert.gonzalez393@icloud.com,Analytics Dashboard,Feature Request,There seems to be a discrepancy in my billing statement for this month.,Data synchronization restored after backend service restart.,Medium,Closed,Email,Africa,44,Other,Premium,7,12,3,3.48,90.28,2023-04-18,2023-04-27,Yes,No,Linux,Firefox,Credit Card,French,Night,4,Individual,robert.gonzalez393@icloud.com,,0
133958,John Johnson,john.johnson859@hotmail.com,Subscription Service,Subscription Cancellation,There seems to be a discrepancy in my billing statement for this month.,We have reset the account credentials and advised the customer to retry login.,Medium,In Progress,Web Form,Europe,66,Other,Enterprise,24,5,1,42.94,123.74,2023-09-27,2023-10-10,Yes,Yes,Android,Unknown,Credit Card,German,Evening,7,Small Business,john.johnson859@hotmail.com,,0
130683,Barbara Gonzalez,barbara.gonzalez280@yahoo.com,CRM Platform,Account Suspension,I found a bug in the latest update affecting report generation.,Bug logged internally and workaround shared with the customer.,Low,In Progress,Social Media,South America,50,Male,Basic,23,8,2,16.89,12.07,2023-12-02,2023-12-04,No,Yes,Windows,Firefox,Debit Card,French,Night,10,Corporate,barbara.gonzalez280@yahoo.com,,0
123406,Linda Williams,linda.williams115@outlook.com,Billing System,Data Sync Issue,The system is not syncing data across devices properly.,Payment gateway timeout issue fixed and monitoring implemented.,Medium,Closed,Web Form,North America,36,Male,Premium,28,6,4,29.23,55.19,2023-10-16,2023-10-22,No,Yes,iOS,Edge,Crypto,German,Afternoon,4,Corporate,linda.williams115@outlook.com,,0
155763,Sarah Martinez,sarah.martinez951@hotmail.com,Web Portal,Subscription Cancellation,Two-factor authentication codes are not being delivered to my phone.,We have reset the account credentials and advised the customer to retry login.,High,In Progress,Phone,North America,30,Male,Basic,41,19,2,51.77,135.68,2024-08-18,2024-09-01,Yes,No,MacOS,Firefox,Bank Transfer,Chinese,Afternoon,4,Individual,sarah.martinez951@hotmail.com,,0
18448,Jessica Davis,jessica.davis388@icloud.com,Cloud Storage,Subscription Cancellation,The payment was deducted from my bank account but the transaction shows failed.,The issue was escalated to engineering and resolved in the latest patch.,Low,Closed,Email,South America,30,Female,Enterprise,7,14,3,38.95,160.34,2024-05-16,2024-05-22,No,Yes,iOS,Firefox,Debit Card,Chinese,Morning,2,Individual,jessica.davis388@icloud.com,,0
121143,Linda Anderson,linda.anderson916@outlook.com,CRM Platform,Payment Problem,The system is not syncing data across devices properly.,Bug logged internally and workaround shared with the customer.,Urgent,Pending Customer,Phone,Australia,50,Other,Enterprise,46,3,3,39.16,227.16,2024-10-03,2024-10-04,No,No,Windows,Edge,Bank Transfer,Spanish,Evening,7,Individual,linda.anderson916@outlook.com,,0
8537,Mary Smith,mary.smith834@company.com,Analytics Dashboard,Data Sync Issue,The payment was deducted from my bank account but the transaction shows failed.,Subscription status corrected and confirmation email sent to customer.,High,In Progress,Phone,Australia,75,Female,Basic,9,2,4,43.13,57.84,2024-08-05,2024-08-14,Yes,Yes,MacOS,Safari,Crypto,Spanish,Evening,8,Individual,mary.smith834@company.com,,0
17182,Sarah Lopez,sarah.lopez184@outlook.com,Subscription Service,Feature Request,I am unable to access my account after entering the correct credentials.,The issue was escalated to engineering and resolved in the latest patch.,Urgent,Resolved,Web Form,Africa,49,Female,Free,9,3,5,31.34,172.1,2023-10-11,2023-10-19,No,No,Android,Unknown,PayPal,German,Afternoon,1,Individual,sarah.lopez184@outlook.com,,0
19479,William Jones,william.jones126@company.com,Analytics Dashboard,Refund Request,The payment was deducted from my bank account but the transaction shows failed.,Provided step-by-step troubleshooting instructions and issue resolved.,Urgent,Open,Web Form,Europe,38,Other,Enterprise,4,18,1,67.77,134.44,2022-12-25,2023-01-07,Yes,Yes,iOS,Unknown,Crypto,French,Afternoon,1,Small Business,william.jones126@company.com,,0
140067,Jessica Miller,jessica.miller315@yahoo.com,API Service,Subscription Cancellation,The system is not syncing data across devices properly.,Security settings updated and customer notified of precautionary measures.,Urgent,Resolved,Web Form,Asia,30,Male,Basic,52,16,3,29.47,122.76,2023-10-26,2023-10-31,Yes,No,MacOS,Firefox,Credit Card,Spanish,Night,10,Corporate,jessica.miller315@yahoo.com,,0
75736,Sarah Smith,sarah.smith103@hotmail.com,API Service,Payment Problem,I am experiencing very slow performance while using the dashboard.,We have reset the account credentials and advised the customer to retry login.,Urgent,Closed,Email,Australia,66,Female,Basic,4,1,5,4.85,105.72,2022-01-22,2022-01-27,No,Yes,MacOS,Firefox,Debit Card,English,Morning,8,Corporate,sarah.smith103@hotmail.com,,0
12861,Barbara Miller,barbara.miller226@hotmail.com,Cloud Storage,Account Suspension,The application crashes whenever I try to upload a file.,The duplicate charge was reversed and refund processed within 3-5 business days.,Urgent,Resolved,Email,South America,21,Other,Free,34,16,2,41.35,188.57,2023-03-01,2023-03-08,Yes,Yes,iOS,Unknown,Credit Card,German,Evening,4,Corporate,barbara.miller226@hotmail.com,,0
154758,Karen Brown,karen.brown39@icloud.com,Billing System,Performance Issue,There seems to be a discrepancy in my billing statement for this month.,Bug logged internally and workaround shared with the customer.,High,Pending Customer,Web Form,North America,39,Female,Free,22,0,3,14.26,101.44,2024-01-29,2024-01-29,No,Yes,Windows,Unknown,Crypto,French,Night,8,Corporate,karen.brown39@icloud.com,,0
74180,John Davis,john.davis287@yahoo.com,Analytics Dashboard,Subscription Cancellation,My subscription was cancelled without my request and I need clarification.,Provided step-by-step troubleshooting instructions and issue resolved.,Medium,Resolved,Phone,Australia,50,Other,Enterprise,56,16,5,62.14,198.8,2023-10-07,2023-10-15,Yes,Yes,Windows,Edge,Debit Card,French,Morning,3,Individual,john.davis287@yahoo.com,,0
132018,James Davis,james.davis612@hotmail.com,API Service,Payment Problem,The application crashes whenever I try to upload a file.,The issue was escalated to engineering and resolved in the latest patch.,Medium,In Progress,Web Form,Africa,35,Other,Basic,9,14,4,31.27,83.01,2022-08-18,2022-08-28,Yes,Yes,Android,Firefox,Crypto,Japanese,Afternoon,5,Corporate,james.davis612@hotmail.com,,0
115012,Linda Hernandez,linda.hernandez900@hotmail.com,Cloud Storage,Bug Report,I am unable to access my account after entering the correct credentials.,Security settings updated and customer notified of precautionary measures.,High,In Progress,Social Media,North America,35,Female,Premium,12,12,2,46.56,201.8,2022-10-17,2022-10-18,Yes,Yes,Windows,Chrome,Crypto,English,Evening,9,Individual,linda.hernandez900@hotmail.com,,0
174905,Sarah Williams,sarah.williams699@outlook.com,E-commerce Store,Security Concern,Two-factor authentication codes are not being delivered to my phone.,Bug logged internally and workaround shared with the customer.,Urgent,Pending Customer,Chat,Australia,48,Other,Free,17,12,2,7.83,40.31,2024-09-12,2024-09-19,Yes,Yes,Android,Edge,Debit Card,Japanese,Morning,4,Individual,sarah.williams699@outlook.com,,0
97139,Linda Taylor,linda.taylor203@company.com,Analytics Dashboard,Performance Issue,The application crashes whenever I try to upload a file.,We have reset the account credentials and advised the customer to retry login.,High,Pending Customer,Web Form,Africa,39,Other,Free,34,1,1,31.99,43.54,2022-11-02,2022-11-09,No,Yes,iOS,Firefox,PayPal,English,Morning,3,Small Business,linda.taylor203@company.com,,0
150203,William Moore,william.moore522@yahoo.com,Mobile App,Login Issue,My subscription was cancelled without my request and I need clarification.,Explained billing breakdown and clarified applicable charges.,Urgent,In Progress,Web Form,Asia,44,Female,Free,24,14,4,65.48,140.26,2023-06-03,2023-06-07,Yes,Yes,MacOS,Safari,Crypto,Chinese,Afternoon,1,Individual,william.moore522@yahoo.com,,0
20466,Jessica Anderson,jessica.anderson727@gmail.com,Cloud Storage,Login Issue,I found a bug in the latest update affecting report generation.,Data synchronization restored after backend service restart.,High,Resolved,Web Form,North America,75,Other,Premium,48,6,1,20.16,49.35,2022-08-13,2022-08-15,Yes,No,Linux,Unknown,Crypto,English,Evening,4,Individual,jessica.anderson727@gmail.com,,0
12454,David Rodriguez,david.rodriguez65@yahoo.com,API Service,Account Suspension,The system is not syncing data across devices properly.,Explained billing breakdown and clarified applicable charges.,Low,Closed,Web Form,South America,46,Female,Free,16,1,4,56.39,7.63,2024-02-11,2024-02-18,No,Yes,iOS,Edge,Credit Card,English,Night,4,Individual,david.rodriguez65@yahoo.com,,0
149037,John Gonzalez,john.gonzalez434@icloud.com,Payment Gateway,Bug Report,I found a bug in the latest update affecting report generation.,Payment gateway timeout issue fixed and monitoring implemented.,Medium,In Progress,Phone,Asia,26,Other,Enterprise,23,9,2,15.88,189.76,2023-10-26,2023-11-08,Yes,Yes,iOS,Firefox,Bank Transfer,English,Evening,4,Small Business,john.gonzalez434@icloud.com,,0
175913,Linda Smith,linda.smith741@icloud.com,Cloud Storage,Performance Issue,My subscription was cancelled without my request and I need clarification.,Security settings updated and customer notified of precautionary measures.,Urgent,In Progress,Chat,Africa,23,Male,Free,33,7,2,9.66,237.4,2023-11-23,2023-12-01,Yes,Yes,Android,Safari,PayPal,Spanish,Evening,4,Small Business,linda.smith741@icloud.com,,0
195761,Richard Thomas,richard.thomas994@gmail.com,Billing System,Subscription Cancellation,Two-factor authentication codes are not being delivered to my phone.,Provided step-by-step troubleshooting instructions and issue resolved.,Medium,Pending Customer,Web Form,North America,33,Other,Free,25,2,1,22.62,200.63,2022-12-11,2022-12-15,No,No,MacOS,Edge,Bank Transfer,Japanese,Evening,1,Individual,richard.thomas994@gmail.com,,0
82460,Karen Johnson,karen.johnson789@company.com,Payment Gateway,Account Suspension,I found a bug in the latest update affecting report generation.,Provided step-by-step troubleshooting instructions and issue resolved.,Urgent,Open,Chat,Europe,49,Female,Free,58,15,5,28.81,169.44,2022-09-02,2022-09-12,Yes,No,Linux,Unknown,Debit Card,French,Morning,7,Individual,karen.johnson789@company.com,,0
14403,James Anderson,james.anderson395@company.com,API Service,Login Issue,Two-factor authentication codes are not being delivered to my phone.,Subscription status corrected and confirmation email sent to customer.,Low,Open,Social Media,Europe,41,Female,Premium,32,13,4,42.48,145.01,2022-03-15,2022-03-29,Yes,No,MacOS,Safari,Bank Transfer,Japanese,Afternoon,9,Individual,james.anderson395@company.com,,0
93516,Richard Moore,richard.moore39@icloud.com,Cloud Storage,Refund Request,There seems to be a discrepancy in my billing statement for this month.,Subscription status corrected and confirmation email sent to customer.,Low,Closed,Chat,Australia,74,Other,Basic,8,17,1,28.69,123.4,2023-05-27,2023-05-31,Yes,Yes,iOS,Unknown,PayPal,Spanish,Night,8,Corporate,richard.moore39@icloud.com,,0
16622,Susan Johnson,susan.johnson778@gmail.com,API Service,Data Sync Issue,I found a bug in the latest update affecting report generation.,Explained billing breakdown and clarified applicable charges.,Medium,Open,Phone,North America,64,Female,Basic,6,5,2,1.7,115.93,2023-06-27,2023-07-01,No,No,MacOS,Unknown,PayPal,Spanish,Night,5,Corporate,susan.johnson778@gmail.com,,0
98230,Jessica Moore,jessica.moore191@hotmail.com,Subscription Service,Performance Issue,Two-factor authentication codes are not being delivered to my phone.,Payment gateway timeout issue fixed and monitoring implemented.,High,In Progress,Web Form,Europe,36,Male,Enterprise,35,12,5,64.52,161.95,2022-01-09,2022-01-09,No,Yes,MacOS,Firefox,Crypto,Chinese,Night,1,Small Business,jessica.moore191@hotmail.com,,0
36074,Elizabeth Anderson,elizabeth.anderson401@company.com,E-commerce Store,Account Suspension,I found a bug in the latest update affecting report generation.,Provided step-by-step troubleshooting instructions and issue resolved.,Urgent,In Progress,Social Media,Australia,25,Other,Free,57,12,2,46.07,88.5,2022-01-19,2022-02-02,Yes,No,MacOS,Safari,Crypto,Chinese,Night,8,Corporate,elizabeth.anderson401@company.com,,0
160307,Mary Garcia,mary.garcia676@yahoo.com,Billing System,Performance Issue,I would like to request a refund for the recent charge.,The issue was escalated to engineering and resolved in the latest patch.,Medium,Resolved,Email,South America,71,Female,Enterprise,8,19,4,35.28,129.02,2024-01-18,2024-01-21,No,Yes,Linux,Firefox,Credit Card,Spanish,Morning,1,Small Business,mary.garcia676@yahoo.com,,0
158484,James Thomas,james.thomas153@icloud.com,Cloud Storage,Login Issue,The system is not syncing data across devices properly.,Provided step-by-step troubleshooting instructions and issue resolved.,High,Pending Customer,Web Form,Asia,32,Male,Free,36,16,4,26.72,28.21,2022-04-17,2022-04-19,Yes,No,Linux,Unknown,Bank Transfer,Japanese,Night,1,Small Business,james.thomas153@icloud.com,,0
17487,Joseph Martin,joseph.martin257@yahoo.com,Billing System,Performance Issue,The system is not syncing data across devices properly.,Security settings updated and customer notified of precautionary measures.,Low,Pending Customer,Chat,North America,20,Female,Enterprise,46,14,4,53.38,191.14,2024-09-26,2024-10-10,No,No,Linux,Unknown,Crypto,French,Afternoon,4,Corporate,joseph.martin257@yahoo.com,,0
136256,Thomas Taylor,thomas.taylor647@company.com,Web Portal,Login Issue,The application crashes whenever I try to upload a file.,Provided step-by-step troubleshooting instructions and issue resolved.,Low,Resolved,Phone,South America,32,Female,Basic,59,13,2,23.07,146.65,2023-04-19,2023-04-19,No,Yes,Linux,Edge,Crypto,French,Evening,3,Small Business,thomas.taylor647@company.com,,0
164182,Karen Martinez,karen.martinez461@yahoo.com,CRM Platform,Account Suspension,I would like to request a refund for the recent charge.,Subscription status corrected and confirmation email sent to customer.,Urgent,Pending Customer,Social Media,Australia,27,Female,Basic,16,10,4,55.57,88.8,2024-05-08,2024-05-17,No,Yes,Windows,Safari,PayPal,Japanese,Night,8,Small Business,karen.martinez461@yahoo.com,,0
145085,William Thomas,william.thomas732@hotmail.com,Mobile App,Performance Issue,I found a bug in the latest update affecting report generation.,The issue was escalated to engineering and resolved in the latest patch.,Medium,Resolved,Chat,North America,72,Male,Premium,14,5,3,63.45,228.47,2023-11-06,2023-11-16,No,No,iOS,Unknown,Crypto,Chinese,Morning,1,Corporate,william.thomas732@hotmail.com,2022-07-01,0
161733,Mary Jackson,mary.jackson503@gmail.com,Payment Gateway,Performance Issue,The payment was deducted from my bank account but the transaction shows failed.,Explained billing breakdown and clarified applicable charges.,High,Closed,Chat,Asia,19,Female,Premium,45,16,4,60.08,93.71,2022-09-23,2022-10-02,No,Yes,Linux,Chrome,PayPal,French,Evening,2,Corporate,mary.jackson503@gmail.com,,0
158849,Jennifer Lopez,jennifer.lopez762@gmail.com,API Service,Subscription Cancellation,The system is not syncing data across devices properly.,Security settings updated and customer notified of precautionary measures.,Urgent,In Progress,Web Form,Australia,62,Female,Free,46,18,4,59.38,39.12,2022-05-15,2022-05-25,Yes,Yes,MacOS,Chrome,Crypto,Spanish,Evening,9,Small Business,jennifer.lopez762@gmail.com,,0
89536,Sarah Gonzalez,sarah.gonzalez963@gmail.com,Web Portal,Login Issue,I found a bug in the latest update affecting report generation.,Provided step-by-step troubleshooting instructions and issue resolved.,Low,Resolved,Social Media,Africa,26,Female,Premium,38,4,4,50.15,151.92,2022-12-14,2022-12-28,Yes,Yes,Linux,Safari,Crypto,English,Night,7,Individual,sarah.gonzalez963@gmail.com,,0
140952,John Gonzalez,john.gonzalez118@yahoo.com,Billing System,Performance Issue,I found a bug in the latest update affecting report generation.,Payment gateway timeout issue fixed and monitoring implemented.,Urgent,Open,Email,Asia,63,Female,Basic,42,3,3,32.41,224.66,2022-07-18,2022-07-23,Yes,No,MacOS,Unknown,Bank Transfer,Spanish,Afternoon,1,Small Business,john.gonzalez118@yahoo.com,,0
24968,Richard Johnson,richard.johnson721@company.com,CRM Platform,Login Issue,I found a bug in the latest update affecting report generation.,We have reset the account credentials and advised the customer to retry login.,Low,Resolved,Social Media,Africa,58,Male,Premium,4,14,1,69.08,115.18,2024-12-06,2024-12-08,Yes,Yes,Windows,Unknown,Credit Card,Spanish,Evening,7,Corporate,richard.johnson721@company.com,,0
157645,Mary Williams,mary.williams103@yahoo.com,Analytics Dashboard,Subscription Cancellation,Two-factor authentication codes are not being delivered to my phone.,We have reset the account credentials and advised the customer to retry login.,High,Resolved,Social Media,Australia,69,Male,Premium,22,0,1,15.85,126.29,2023-03-20,2023-03-24,No,No,Android,Unknown,Bank Transfer,German,Night,8,Individual,mary.williams103@yahoo.com,,0
95238,Robert Miller,robert.miller872@company.com,Billing System,Bug Report,I would like to request a refund for the recent charge.,Data synchronization restored after backend service restart.,Low,Closed,Email,Africa,49,Male,Free,1,1,1,57.89,139.21,2022-12-04,2022-12-09,No,Yes,Windows,Firefox,Crypto,Spanish,Morning,7,Small Business,robert.miller872@company.com,,0
184689,James Miller,james.miller419@icloud.com,Billing System,Payment Problem,The application crashes whenever I try to upload a file.,The duplicate charge was reversed and refund processed within 3-5 business days.,Medium,Resolved,Email,South America,38,Female,Premium,9,6,4,2.74,186.6,2023-10-25,2023-11-08,No,No,Android,Chrome,PayPal,English,Evening,8,Individual,james.miller419@icloud.com,,0
190261,Barbara Jackson,barbara.jackson334@icloud.com,Analytics Dashboard,Account Suspension,I am unable to access my account after entering the correct credentials.,The duplicate charge was reversed and refund processed within 3-5 business days.,Medium,In Progress,Chat,Asia,33,Female,Basic,44,7,2,57.35,209.38,2023-08-28,2023-09-07,No,No,Linux,Firefox,Credit Card,French,Night,2,Small Business,barbara.jackson334@icloud.com,,0
1138,Barbara Davis,barbara.davis688@gmail.com,Billing System,Performance Issue,There seems to be a discrepancy in my billing statement for this month.,Security settings updated and customer notified of precautionary measures.,High,Open,Chat,South America,31,Other,Premium,28,0,4,36.14,184.59,2023-06-10,2023-06-15,No,Yes,MacOS,Firefox,Bank Transfer,German,Afternoon,10,Corporate,barbara.davis688@gmail.com,,0
739,Richard Hernandez,richard.hernandez702@outlook.com,API Service,Bug Report,The application crashes whenever I try to upload a file.,We have reset the account credentials and advised the customer to retry login.,Medium,In Progress,Phone,Asia,37,Female,Free,20,16,5,36.19,144.21,2024-02-23,2024-03-07,No,Yes,Android,Edge,Credit Card,Spanish,Morning,6,Corporate,richard.hernandez702@outlook.com,2023-10-07,0
11530,Joseph Moore,joseph.moore490@hotmail.com,CRM Platform,Login Issue,The system is not syncing data across devices properly.,Explained billing breakdown and clarified applicable charges.,Low,Open,Social Media,Africa,38,Female,Premium,48,20,2,9.97,218.2,2023-11-29,2023-12-04,Yes,No,iOS,Chrome,Debit Card,English,Afternoon,10,Corporate,joseph.moore490@hotmail.com,,0
80448,Jessica Johnson,jessica.johnson919@yahoo.com,CRM Platform,Security Concern,My subscription was cancelled without my request and I need clarification.,Payment gateway timeout issue fixed and monitoring implemented.,Low,Pending Customer,Social Media,Australia,49,Female,Premium,17,11,2,67.31,59.46,2022-12-25,2022-12-26,Yes,No,Windows,Firefox,Credit Card,French,Afternoon,9,Small Business,jessica.johnson919@yahoo.com,,0
17018,Susan Lopez,susan.lopez912@outlook.com,Web Portal,Performance Issue,The payment was deducted from my bank account but the transaction shows failed.,Bug logged internally and workaround shared with the customer.,High,Pending Customer,Email,South America,34,Male,Basic,13,20,3,51.97,127.3,2024-12-27,2025-01-10,Yes,No,Linux,Edge,Bank Transfer,French,Evening,1,Small Business,susan.lopez912@outlook.com,,0
97774,Mary Jackson,mary.jackson980@company.com,Mobile App,Payment Problem,There seems to be a discrepancy in my billing statement for this month.,The issue was escalated to engineering and resolved in the latest patch.,High,In Progress,Email,North America,30,Male,Free,54,13,4,67.31,54.79,2022-09-23,2022-10-07,Yes,No,Windows,Chrome,Crypto,English,Evening,5,Small Business,mary.jackson980@company.com,,0
39481,Charles Moore,charles.moore891@yahoo.com,Web Portal,Bug Report,The application crashes whenever I try to upload a file.,Provided step-by-step troubleshooting instructions and issue resolved.,Low,Closed,Phone,Africa,55,Other,Enterprise,36,4,2,1.81,64.52,2024-06-02,2024-06-11,No,Yes,iOS,Edge,Credit Card,Japanese,Evening,9,Small Business,charles.moore891@yahoo.com,,0
15484,Thomas Martin,thomas.martin306@outlook.com,Subscription Service,Payment Problem,There seems to be a discrepancy in my billing statement for this month.,We have reset the account credentials and advised the customer to retry login.,High,Closed,Email,Europe,23,Male,Free,36,15,1,34.4,131.73,2023-08-31,2023-09-10,Yes,Yes,Windows,Chrome,Bank Transfer,English,Night,10,Individual,thomas.martin306@outlook.com,,0
42688,Barbara Johnson,barbara.johnson973@hotmail.com,Mobile App,Refund Request,I am experiencing very slow performance while using the dashboard.,We have reset the account credentials and advised the customer to retry login.,Low,Closed,Web Form,Europe,33,Other,Free,14,2,5,8.2,50.65,2024-10-19,2024-10-24,No,Yes,iOS,Safari,Credit Card,Japanese,Evening,9,Small Business,barbara.johnson973@hotmail.com,,0
173778,Joseph Martinez,joseph.martinez894@icloud.com,Payment Gateway,Bug Report,I found a bug in the latest update affecting report generation.,We have reset the account credentials and advised the customer to retry login.,Low,Open,Phone,Asia,21,Female,Basic,32,12,3,17.1,178.2,2024-05-20,2024-05-21,No,Yes,MacOS,Unknown,PayPal,Japanese,Afternoon,1,Individual,joseph.martinez894@icloud.com,,0
100044,Susan Martinez,susan.martinez95@outlook.com,Web Portal,Account Suspension,I found a bug in the latest update affecting report generation.,Provided step-by-step troubleshooting instructions and issue resolved.,High,Closed,Chat,Europe,57,Male,Premium,5,19,5,19.45,144.29,2024-08-09,2024-08-21,Yes,Yes,Linux,Unknown,Crypto,Chinese,Evening,4,Small Business,susan.martinez95@outlook.com,,0
64807,Mary Williams,mary.williams986@gmail.com,E-commerce Store,Feature Request,I would like to request a refund for the recent charge.,We have reset the account credentials and advised the customer to retry login.,High,Open,Phone,North America,26,Male,Premium,39,14,2,3.63,123.91,2023-09-27,2023-10-04,Yes,No,MacOS,Firefox,Debit Card,English,Evening,10,Individual,mary.williams986@gmail.com,,0
119259,Patricia Jackson,patricia.jackson541@yahoo.com,Payment Gateway,Data Sync Issue,The application crashes whenever I try to upload a file.,Bug logged internally and workaround shared with the customer.,High,Pending Customer,Email,Australia,64,Male,Enterprise,37,2,3,8.32,31.92,2024-04-09,2024-04-16,Yes,Yes,Windows,Safari,Debit Card,Chinese,Afternoon,9,Corporate,patricia.jackson541@yahoo.com,,0
158468,Richard Hernandez,richard.hernandez462@outlook.com,Billing System,Payment Problem,The system is not syncing data across devices properly.,Explained billing breakdown and clarified applicable charges.,Urgent,Pending Customer,Chat,North America,57,Other,Enterprise,13,15,1,3.62,146.42,2023-02-17,2023-02-24,Yes,No,Android,Unknown,Debit Card,Chinese,Afternoon,2,Individual,richard.hernandez462@outlook.com,,0
97222,Robert Jones,robert.jones893@icloud.com,API Service,Account Suspension,I am experiencing very slow performance while using the dashboard.,Explained billing breakdown and clarified applicable charges.,Urgent,In Progress,Chat,South America,49,Female,Basic,1,16,4,16.24,5.39,2024-07-11,2024-07-14,No,Yes,iOS,Firefox,Debit Card,Japanese,Night,6,Small Business,robert.jones893@icloud.com,,0
89480,Karen Martinez,karen.martinez240@yahoo.com,Billing System,Bug Report,I would like to request a refund for the recent charge.,Security settings updated and customer notified of precautionary measures.,Low,Pending Customer,Chat,Europe,70,Male,Basic,54,2,4,21.89,70.01,2023-06-25,2023-06-30,Yes,No,MacOS,Firefox,Credit Card,French,Morning,3,Individual,karen.martinez240@yahoo.com,,0
51495,Robert Lopez,robert.lopez330@outlook.com,Mobile App,Data Sync Issue,Two-factor authentication codes are not being delivered to my phone.,Provided step-by-step troubleshooting instructions and issue resolved.,Low,Pending Customer,Chat,Australia,60,Other,Enterprise,23,3,2,34.78,52.43,2024-04-21,2024-04-26,Yes,No,Android,Firefox,Crypto,Spanish,Evening,2,Individual,robert.lopez330@outlook.com,2023-10-20,0
16825,William Moore,william.moore442@gmail.com,Payment Gateway,Account Suspension,I am experiencing very slow performance while using the dashboard.,Explained billing breakdown and clarified applicable charges.,Urgent,Pending Customer,Email,Australia,37,Other,Basic,33,18,3,27.8,195.43,2022-06-18,2022-06-26,Yes,Yes,Linux,Unknown,Bank Transfer,English,Morning,6,Small Business,william.moore442@gmail.com,,0
2649,John Garcia,john.garcia127@yahoo.com,Payment Gateway,Subscription Cancellation,I am unable to access my account after entering the correct credentials.,Subscription status corrected and confirmation email sent to customer.,Medium,Closed,Social Media,Australia,56,Other,Enterprise,51,1,2,71.67,177.19,2023-04-27,2023-05-07,Yes,Yes,Android,Firefox,Credit Card,German,Morning,1,Corporate,john.garcia127@yahoo.com,,0
22267,Sarah Brown,sarah.brown73@company.com,Subscription Service,Refund Request,I am unable to access my account after entering the correct credentials.,Explained billing breakdown and clarified applicable charges.,Medium,Pending Customer,Phone,North America,28,Other,Basic,33,0,4,2.29,24.31,2024-01-15,2024-01-27,Yes,No,MacOS,Firefox,Crypto,Japanese,Night,4,Small Business,sarah.brown73@company.com,,0
189814,Barbara Smith,barbara.smith692@company.com,Cloud Storage,Login Issue,My subscription was cancelled without my request and I need clarification.,Subscription status corrected and confirmation email sent to customer.,High,Pending Customer,Email,Africa,35,Female,Premium,31,5,5,23.72,124.45,2024-11-24,2024-12-01,Yes,Yes,Android,Unknown,PayPal,French,Night,8,Individual,barbara.smith692@company.com,,0
45113,Barbara Gonzalez,barbara.gonzalez755@company.com,Web Portal,Data Sync Issue,I would like to request a refund for the recent charge.,Explained billing breakdown and clarified applicable charges.,High,In Progress,Phone,Europe,26,Other,Free,55,0,4,48.77,182.09,2024-02-10,2024-02-19,Yes,No,iOS,Unknown,Bank Transfer,French,Afternoon,3,Individual,barbara.gonzalez755@company.com,,0
2530,Susan Smith,susan.smith746@icloud.com,Cloud Storage,Account Suspension,There seems to be a discrepancy in my billing statement for this month.,The duplicate charge was reversed and refund processed within 3-5 business days.,High,In Progress,Phone,Europe,25,Male,Premium,16,19,5,60.04,223.73,2022-08-10,2022-08-20,Yes,Yes,MacOS,Chrome,Bank Transfer,Chinese,Night,5,Small Business,susan.smith746@icloud.com,,0
126767,Susan Taylor,susan.taylor362@company.com,CRM Platform,Refund Request,The application crashes whenever I try to upload a file.,Provided step-by-step troubleshooting instructions and issue resolved.,High,Open,Phone,Europe,54,Other,Free,50,5,3,22.07,108.89,2024-07-30,2024-07-31,No,Yes,Linux,Chrome,Credit Card,Japanese,Night,5,Individual,susan.taylor362@company.com,,0
90264,Barbara Jones,barbara.jones573@icloud.com,Analytics Dashboard,Subscription Cancellation,There seems to be a discrepancy in my billing statement for this month.,Payment gateway timeout issue fixed and monitoring implemented.,Medium,Closed,Social Media,Asia,29,Male,Basic,41,3,3,38.47,2.58,2023-12-07,2023-12-09,Yes,No,MacOS,Unknown,Bank Transfer,Chinese,Morning,3,Small Business,barbara.jones573@icloud.com,,0
29915,David Lopez,david.lopez660@icloud.com,Billing System,Data Sync Issue,There seems to be a discrepancy in my billing statement for this month.,Subscription status corrected and confirmation email sent to customer.,Urgent,In Progress,Social Media,South America,49,Female,Enterprise,51,5,3,32.96,68.72,2022-04-23,2022-05-03,No,Yes,iOS,Safari,Debit Card,Chinese,Night,8,Small Business,david.lopez660@icloud.com,,0
121953,Mary Thomas,mary.thomas792@gmail.com,Subscription Service,Security Concern,The system is not syncing data across devices properly.,Subscription status corrected and confirmation email sent to customer.,Medium,Closed,Web Form,Asia,31,Other,Premium,7,0,3,43.23,5.19,2023-06-10,2023-06-15,No,No,iOS,Safari,PayPal,German,Night,4,Small Business,mary.thomas792@gmail.com,,0
184894,Michael Moore,michael.moore13@hotmail.com,Payment Gateway,Subscription Cancellation,The payment was deducted from my bank account but the transaction shows failed.,Explained billing breakdown and clarified applicable charges.,Low,Pending Customer,Web Form,Africa,18,Female,Enterprise,47,4,5,23.77,177.29,2022-07-12,2022-07-19,No,Yes,MacOS,Edge,Bank Transfer,French,Afternoon,2,Small Business,michael.moore13@hotmail.com,,0
169087,Elizabeth Davis,elizabeth.davis881@icloud.com,API Service,Feature Request,My subscription was cancelled without my request and I need clarification.,The issue was escalated to engineering and resolved in the latest patch.,Urgent,Closed,Email,Australia,24,Female,Premium,50,3,2,40.61,180.44,2024-01-14,2024-01-24,No,Yes,Windows,Firefox,PayPal,Spanish,Morning,1,Individual,elizabeth.davis881@icloud.com,,0
107261,Michael Davis,michael.davis283@yahoo.com,Cloud Storage,Data Sync Issue,I would like to request a refund for the recent charge.,We have reset the account credentials and advised the customer to retry login.,Urgent,Resolved,Phone,Europe,38,Male,Free,45,13,5,31.19,136.47,2022-03-10,2022-03-14,Yes,Yes,MacOS,Safari,Crypto,German,Evening,3,Small Business,michael.davis283@yahoo.com,,0
20395,Barbara Jackson,barbara.jackson874@hotmail.com,Cloud Storage,Login Issue,There seems to be a discrepancy in my billing statement for this month.,The duplicate charge was reversed and refund processed within 3-5 business days.,Medium,Pending Customer,Web Form,South America,50,Other,Free,34,19,1,53.11,6.83,2024-06-24,2024-06-27,No,No,Windows,Edge,PayPal,French,Evening,10,Corporate,barbara.jackson874@hotmail.com,,0
184310,Mary Garcia,mary.garcia821@icloud.com,Web Portal,Payment Problem,I am unable to access my account after entering the correct credentials.,Bug logged internally and workaround shared with the customer.,Urgent,Closed,Phone,Australia,25,Female,Basic,9,8,2,50.91,151.92,2024-12-19,2024-12-31,No,Yes,Android,Edge,Crypto,Spanish,Afternoon,10,Corporate,mary.garcia821@icloud.com,,0
53533,Patricia Brown,patricia.brown300@yahoo.com,Mobile App,Login Issue,I would like to request a refund for the recent charge.,Explained billing breakdown and clarified applicable charges.,Low,Resolved,Email,Europe,55,Female,Enterprise,54,19,1,47.2,139.56,2023-06-20,2023-06-25,Yes,Yes,MacOS,Firefox,Debit Card,English,Night,5,Small Business,patricia.brown300@yahoo.com,,0
91745,Jennifer Johnson,jennifer.johnson377@company.com,E-commerce Store,Data Sync Issue,I would like to request a refund for the recent charge.,Data synchronization restored after backend service restart.,High,In Progress,Phone,Africa,31,Other,Premium,21,13,4,67.12,65.13,2023-10-22,2023-10-22,Yes,Yes,iOS,Firefox,Bank Transfer,English,Morning,9,Individual,jennifer.johnson377@company.com,,0
119524,John Martinez,john.martinez508@yahoo.com,Analytics Dashboard,Login Issue,Two-factor authentication codes are not being delivered to my phone.,Security settings updated and customer notified of precautionary measures.,High,Pending Customer,Social Media,North America,54,Other,Enterprise,22,4,4,11.51,14.51,2023-12-10,2023-12-20,Yes,Yes,Android,Chrome,Bank Transfer,German,Evening,1,Small Business,john.martinez508@yahoo.com,,0
38657,Robert Johnson,robert.johnson553@company.com,CRM Platform,Performance Issue,Two-factor authentication codes are not being delivered to my phone.,Security settings updated and customer notified of precautionary measures.,Medium,Open,Email,North America,46,Other,Premium,55,19,5,54.84,64.01,2023-04-26,2023-05-03,Yes,Yes,Windows,Safari,Bank Transfer,German,Morning,9,Individual,robert.johnson553@company.com,,0
168473,Patricia Moore,patricia.moore395@company.com,Web Portal,Login Issue,Two-factor authentication codes are not being delivered to my phone.,Explained billing breakdown and clarified applicable charges.,Medium,Open,Chat,Africa,63,Female,Premium,60,0,3,29.9,110.58,2022-07-28,2022-08-03,Yes,Yes,iOS,Safari,Bank Transfer,Japanese,Afternoon,1,Small Business,patricia.moore395@company.com,,0
136395,David Hernandez,david.hernandez428@company.com,Subscription Service,Data Sync Issue,My subscription was cancelled without my request and I need clarification.,Bug logged internally and workaround shared with the customer.,Low,Resolved,Social Media,South America,71,Female,Enterprise,17,19,3,13.75,24.82,2022-08-03,2022-08-07,No,Yes,Android,Unknown,Bank Transfer,German,Morning,6,Small Business,david.hernandez428@company.com,,0
194669,Sarah Thomas,sarah.thomas714@gmail.com,Cloud Storage,Security Concern,I found a bug in the latest update affecting report generation.,The duplicate charge was reversed and refund processed within 3-5 business days.,Medium,Closed,Chat,South America,73,Female,Premium,26,11,2,50.37,91.37,2022-02-09,2022-02-16,No,No,Windows,Chrome,Bank Transfer,French,Afternoon,2,Individual,sarah.thomas714@gmail.com,,0
62589,John Davis,john.davis227@icloud.com,E-commerce Store,Feature Request,Two-factor authentication codes are not being delivered to my phone.,Explained billing breakdown and clarified applicable charges.,Low,Closed,Social Media,Australia,75,Male,Enterprise,49,17,2,60.87,138.09,2023-11-03,2023-11-10,No,No,Linux,Chrome,Crypto,Chinese,Night,8,Small Business,john.davis227@icloud.com,,0
97128,Jessica Johnson,jessica.johnson323@yahoo.com,Mobile App,Refund Request,My subscription was cancelled without my request and I need clarification.,Provided step-by-step troubleshooting instructions and issue resolved.,Low,Resolved,Phone,Asia,48,Female,Free,35,1,1,23.46,221.29,2022-06-10,2022-06-10,Yes,No,Linux,Safari,Credit Card,Chinese,Afternoon,10,Individual,jessica.johnson323@yahoo.com,,0
124166,Sarah Hernandez,sarah.hernandez342@company.com,Cloud Storage,Account Suspension,I found a bug in the latest update affecting report generation.,The issue was escalated to engineering and resolved in the latest patch.,Low,Open,Social Media,South America,75,Female,Basic,10,5,2,23.14,136.15,2022-12-11,2022-12-22,No,Yes,Linux,Unknown,Crypto,Japanese,Evening,3,Small Business,sarah.hernandez342@company.com,,0
114651,James Johnson,james.johnson365@company.com,Mobile App,Subscription Cancellation,I am unable to access my account after entering the correct credentials.,Provided step-by-step troubleshooting instructions and issue resolved.,Low,Open,Web Form,Africa,56,Female,Basic,11,8,2,5.46,75.23,2023-10-09,2023-10-20,Yes,Yes,Windows,Edge,Credit Card,Japanese,Morning,8,Individual,james.johnson365@company.com,,0
163178,Barbara Garcia,barbara.garcia682@outlook.com,E-commerce Store,Login Issue,There seems to be a discrepancy in my billing statement for this month.,Data synchronization restored after backend service restart.,Medium,Pending Customer,Web Form,Asia,23,Female,Free,60,18,3,50.29,226.44,2022-04-26,2022-05-04,Yes,Yes,MacOS,Edge,PayPal,German,Morning,2,Corporate,barbara.garcia682@outlook.com,,0
158458,Richard Moore,richard.moore465@company.com,Web Portal,Feature Request,I am experiencing very slow performance while using the dashboard.,The issue was escalated to engineering and resolved in the latest patch.,Low,Pending Customer,Email,Africa,25,Male,Enterprise,28,13,1,47.66,232.03,2024-02-16,2024-03-01,Yes,No,Android,Edge,Debit Card,Spanish,Morning,8,Small Business,richard.moore465@company.com,,0
63383,Charles Gonzalez,charles.gonzalez440@company.com,E-commerce Store,Feature Request,Two-factor authentication codes are not being delivered to my phone.,The issue was escalated to engineering and resolved in the latest patch.,Urgent,Resolved,Chat,South America,45,Male,Enterprise,53,14,4,27.05,107.52,2023-11-26,2023-12-10,Yes,Yes,Android,Chrome,PayPal,French,Afternoon,4,Corporate,charles.gonzalez440@company.com,2023-04-04,0
156242,James Gonzalez,james.gonzalez122@hotmail.com,E-commerce Store,Security Concern,The system is not syncing data across devices properly.,The issue was escalated to engineering and resolved in the latest patch.,Urgent,Resolved,Chat,Asia,40,Other,Premium,59,3,5,46.06,143.78,2024-12-27,2025-01-03,No,Yes,Windows,Unknown,Debit Card,English,Morning,9,Corporate,james.gonzalez122@hotmail.com,,0
194824,Linda Moore,linda.moore370@gmail.com,API Service,Feature Request,I found a bug in the latest update affecting report generation.,The duplicate charge was reversed and refund processed within 3-5 business days.,Low,Open,Phone,Europe,60,Female,Free,27,15,1,10.45,180.43,2022-09-17,2022-09-27,Yes,No,Linux,Unknown,Crypto,Japanese,Evening,9,Individual,linda.moore370@gmail.com,,0
30956,Charles Davis,charles.davis274@outlook.com,Payment Gateway,Refund Request,Two-factor authentication codes are not being delivered to my phone.,Bug logged internally and workaround shared with the customer.,Low,Open,Email,South America,61,Female,Free,15,4,3,11.55,202.45,2024-02-07,2024-02-18,Yes,No,MacOS,Edge,Bank Transfer,Japanese,Afternoon,5,Corporate,charles.davis274@outlook.com,,0
194513,Mary Wilson,mary.wilson782@outlook.com,Analytics Dashboard,Security Concern,There seems to be a discrepancy in my billing statement for this month.,Data synchronization restored after backend service restart.,Low,Closed,Social Media,North America,50,Male,Enterprise,32,1,2,60.51,135.6,2024-10-20,2024-10-26,Yes,Yes,MacOS,Chrome,Debit Card,English,Night,4,Individual,mary.wilson782@outlook.com,,0
89285,Elizabeth Jackson,elizabeth.jackson114@hotmail.com,E-commerce Store,Account Suspension,The system is not syncing data across devices properly.,Data synchronization restored after backend service restart.,High,Pending Customer,Social Media,North America,74,Male,Enterprise,10,20,3,69.2,85.26,2024-12-04,2024-12-14,Yes,Yes,Linux,Safari,PayPal,Chinese,Morning,9,Small Business,elizabeth.jackson114@hotmail.com,,0
39021,Thomas Williams,thomas.williams658@hotmail.com,CRM Platform,Bug Report,I am unable to access my account after entering the correct credentials.,We have reset the account credentials and advised the customer to retry login.,Medium,Closed,Chat,Europe,24,Other,Free,10,14,4,35.61,189.81,2022-06-07,2022-06-20,No,Yes,MacOS,Chrome,Debit Card,Chinese,Morning,2,Corporate,thomas.williams658@hotmail.com,,0
83113,Karen Jackson,karen.jackson561@icloud.com,Payment Gateway,Bug Report,There seems to be a discrepancy in my billing statement for this month.,The issue was escalated to engineering and resolved in the latest patch.,Low,In Progress,Email,Australia,56,Female,Free,46,1,3,64.48,43.28,2023-03-24,2023-04-06,No,No,iOS,Firefox,Crypto,French,Evening,5,Corporate,karen.jackson561@icloud.com,,0
114573,Sarah Wilson,sarah.wilson502@outlook.com,E-commerce Store,Account Suspension,My subscription was cancelled without my request and I need clarification.,Subscription status corrected and confirmation email sent to customer.,Low,Closed,Chat,Africa,61,Female,Premium,59,17,5,34.85,100.36,2024-08-07,2024-08-11,No,Yes,Android,Edge,Crypto,French,Morning,2,Individual,sarah.wilson502@outlook.com,,0
70840,Sarah Moore,sarah.moore257@gmail.com,Subscription Service,Payment Problem,There seems to be a discrepancy in my billing statement for this month.,The issue was escalated to engineering and resolved in the latest patch.,Medium,Closed,Chat,Africa,59,Other,Premium,37,12,3,8.84,40.22,2022-10-14,2022-10-22,No,Yes,Windows,Firefox,Bank Transfer,Japanese,Night,9,Small Business,sarah.moore257@gmail.com,,0
90869,Richard Davis,richard.davis677@yahoo.com,Analytics Dashboard,Feature Request,The system is not syncing data across devices properly.,Data synchronization restored after backend service restart.,Medium,In Progress,Chat,Asia,71,Male,Free,51,10,3,34.75,232.61,2022-11-28,2022-12-08,Yes,No,Android,Edge,Bank Transfer,Chinese,Evening,10,Individual,richard.davis677@yahoo.com,,0
45149,William Davis,william.davis563@gmail.com,CRM Platform,Data Sync Issue,There seems to be a discrepancy in my billing statement for this month.,Data synchronization restored after backend service restart.,Low,Closed,Chat,Asia,19,Female,Enterprise,36,20,5,50.57,7.83,2024-03-02,2024-03-14,No,Yes,Linux,Chrome,Debit Card,Spanish,Night,5,Corporate,william.davis563@gmail.com,,0
106131,Jessica Jones,jessica.jones766@hotmail.com,CRM Platform,Security Concern,I am experiencing very slow performance while using the dashboard.,Payment gateway timeout issue fixed and monitoring implemented.,Low,Open,Chat,South America,61,Female,Premium,1,18,5,11.1,122.85,2024-12-25,2025-01-03,Yes,No,Windows,Unknown,Debit Card,German,Morning,5,Small Business,jessica.jones766@hotmail.com,,0
195185,Mary Williams,mary.williams782@gmail.com,Billing System,Login Issue,My subscription was cancelled without my request and I need clarification.,Provided step-by-step troubleshooting instructions and issue resolved.,Urgent,Resolved,Chat,Africa,71,Male,Premium,58,16,2,24.16,145.11,2024-08-25,2024-08-27,No,No,iOS,Chrome,Debit Card,English,Morning,2,Small Business,mary.williams782@gmail.com,,0
110100,Charles Williams,charles.williams195@gmail.com,Billing System,Refund Request,I am experiencing very slow performance while using the dashboard.,We have reset the account credentials and advised the customer to retry login.,High,Open,Chat,Asia,73,Male,Free,37,13,2,50.0,204.32,2022-08-15,2022-08-26,Yes,No,Windows,Edge,Crypto,Chinese,Morning,8,Corporate,charles.williams195@gmail.com,,0
48002,James Rodriguez,james.rodriguez727@yahoo.com,Cloud Storage,Subscription Cancellation,Two-factor authentication codes are not being delivered to my phone.,Provided step-by-step troubleshooting instructions and issue resolved.,Medium,In Progress,Email,North America,30,Female,Premium,6,1,1,61.61,92.7,2023-09-27,2023-10-10,No,No,MacOS,Unknown,Credit Card,English,Morning,7,Small Business,james.rodriguez727@yahoo.com,,0
25431,Patricia Taylor,patricia.taylor732@hotmail.com,Billing System,Security Concern,The system is not syncing data across devices properly.,Explained billing breakdown and clarified applicable charges.,Urgent,Pending Customer,Email,Australia,72,Male,Enterprise,60,4,4,44.55,210.26,2022-10-11,2022-10-18,No,Yes,Android,Edge,Debit Card,English,Afternoon,1,Small Business,patricia.taylor732@hotmail.com,,0
52094,Richard Miller,richard.miller859@gmail.com,CRM Platform,Security Concern,I am experiencing very slow performance while using the dashboard.,Bug logged internally and workaround shared with the customer.,Urgent,Resolved,Social Media,Asia,39,Other,Free,17,12,5,10.77,160.64,2022-02-02,2022-02-15,Yes,No,MacOS,Safari,Crypto,Spanish,Night,5,Individual,richard.miller859@gmail.com,,0
81874,Michael Taylor,michael.taylor193@company.com,Payment Gateway,Feature Request,I am experiencing very slow performance while using the dashboard.,Provided step-by-step troubleshooting instructions and issue resolved.,Low,Closed,Email,Asia,52,Female,Enterprise,9,1,5,27.15,65.97,2022-09-02,2022-09-10,Yes,Yes,iOS,Chrome,Debit Card,French,Evening,2,Individual,michael.taylor193@company.com,,0
133505,William Wilson,william.wilson155@company.com,Web Portal,Subscription Cancellation,I found a bug in the latest update affecting report generation.,Data synchronization restored after backend service restart.,Urgent,Resolved,Social Media,Europe,18,Other,Premium,25,0,3,22.99,166.87,2023-06-20,2023-06-28,No,No,Linux,Unknown,Bank Transfer,German,Afternoon,10,Corporate,william.wilson155@company.com,,0
63288,Charles Moore,charles.moore979@gmail.com,Analytics Dashboard,Account Suspension,I am unable to access my account after entering the correct credentials.,Bug logged internally and workaround shared with the customer.,Medium,Closed,Chat,Africa,35,Male,Enterprise,14,7,4,64.6,15.66,2022-11-30,2022-12-06,No,Yes,MacOS,Edge,Bank Transfer,Chinese,Evening,9,Individual,charles.moore979@gmail.com,,0
194401,Linda Martinez,linda.martinez586@gmail.com,Analytics Dashboard,Performance Issue,There seems to be a discrepancy in my billing statement for this month.,Provided step-by-step troubleshooting instructions and issue resolved.,Medium,In Progress,Phone,Europe,65,Female,Enterprise,10,1,3,14.34,200.17,2023-03-10,2023-03-19,No,Yes,Android,Chrome,PayPal,Japanese,Morning,2,Individual,linda.martinez586@gmail.com,,0
146473,Susan Thomas,susan.thomas164@outlook.com,CRM Platform,Bug Report,I am experiencing very slow performance while using the dashboard.,Provided step-by-step troubleshooting instructions and issue resolved.,Urgent,Open,Phone,South America,57,Other,Enterprise,29,17,5,67.77,86.68,2023-05-09,2023-05-16,Yes,No,MacOS,Edge,Crypto,Spanish,Evening,6,Small Business,susan.thomas164@outlook.com,,0
178794,Sarah Jackson,sarah.jackson64@outlook.com,Subscription Service,Account Suspension,There seems to be a discrepancy in my billing statement for this month.,Explained billing breakdown and clarified applicable charges.,Low,Open,Web Form,Asia,58,Other,Enterprise,9,11,2,44.8,12.89,2023-03-31,2023-04-13,Yes,No,Android,Chrome,Bank Transfer,Spanish,Afternoon,1,Individual,sarah.jackson64@outlook.com,,0
167284,Richard Miller,richard.miller883@gmail.com,E-commerce Store,Security Concern,The system is not syncing data across devices properly.,The duplicate charge was reversed and refund processed within 3-5 business days.,High,Closed,Social Media,Europe,42,Male,Free,24,20,2,67.77,235.6,2024-10-01,2024-10-14,No,No,Linux,Edge,Crypto,Spanish,Morning,5,Small Business,richard.miller883@gmail.com,,0
15974,John Davis,john.davis855@gmail.com,Web Portal,Account Suspension,My subscription was cancelled without my request and I need clarification.,The issue was escalated to engineering and resolved in the latest patch.,Medium,Pending Customer,Phone,Africa,61,Other,Free,20,4,3,7.14,81.53,2022-01-13,2022-01-21,No,No,MacOS,Unknown,Debit Card,French,Afternoon,7,Individual,john.davis855@gmail.com,,0
112222,Robert Miller,robert.miller242@company.com,Analytics Dashboard,Subscription Cancellation,I would like to request a refund for the recent charge.,Security settings updated and customer notified of precautionary measures.,Urgent,In Progress,Chat,Australia,30,Male,Free,8,15,3,54.25,82.27,2023-09-09,2023-09-14,No,No,Windows,Safari,Credit Card,Spanish,Night,5,Corporate,robert.miller242@company.com,,0
183904,Charles Davis,charles.davis724@outlook.com,Billing System,Payment Problem,The system is not syncing data across devices properly.,Bug logged internally and workaround shared with the customer.,High,Pending Customer,Phone,Asia,71,Female,Basic,51,20,3,34.07,3.49,2024-02-09,2024-02-22,Yes,Yes,MacOS,Unknown,Crypto,Chinese,Afternoon,8,Small Business,charles.davis724@outlook.com,,0
135896,David Hernandez,david.hernandez227@hotmail.com,Billing System,Refund Request,I am unable to access my account after entering the correct credentials.,Data synchronization restored after backend service restart.,Medium,Pending Customer,Social Media,North America,50,Female,Premium,16,6,4,6.28,223.03,2022-11-21,2022-11-23,No,Yes,Android,Safari,Credit Card,Chinese,Evening,1,Small Business,david.hernandez227@hotmail.com,,0
164874,Joseph Johnson,joseph.johnson9@icloud.com,Web Portal,Performance Issue,I am experiencing very slow performance while using the dashboard.,Subscription status corrected and confirmation email sent to customer.,Medium,Open,Chat,Europe,34,Other,Basic,46,11,5,17.53,127.45,2022-12-19,2022-12-31,Yes,No,Android,Chrome,Crypto,English,Night,5,Corporate,joseph.johnson9@icloud.com,,0
3407,Patricia Johnson,patricia.johnson799@yahoo.com,Payment Gateway,Data Sync Issue,I would like to request a refund for the recent charge.,Security settings updated and customer notified of precautionary measures.,Urgent,Open,Web Form,South America,41,Other,Premium,48,6,1,63.47,54.29,2023-10-01,2023-10-01,Yes,No,MacOS,Edge,Bank Transfer,French,Morning,2,Corporate,patricia.johnson799@yahoo.com,,0
103879,Jessica Thomas,jessica.thomas643@hotmail.com,Cloud Storage,Login Issue,I am unable to access my account after entering the correct credentials.,Provided step-by-step troubleshooting instructions and issue resolved.,Medium,Open,Social Media,South America,71,Female,Premium,4,19,1,50.87,76.8,2022-11-22,2022-11-24,No,Yes,Windows,Edge,Debit Card,French,Evening,5,Individual,jessica.thomas643@hotmail.com,,0
51443,Patricia Gonzalez,patricia.gonzalez886@yahoo.com,Web Portal,Account Suspension,The payment was deducted from my bank account but the transaction shows failed.,Explained billing breakdown and clarified applicable charges.,Urgent,In Progress,Social Media,Australia,40,Other,Premium,33,3,5,42.66,44.54,2022-01-29,2022-02-12,No,No,iOS,Unknown,Credit Card,Spanish,Afternoon,9,Individual,patricia.gonzalez886@yahoo.com,,0
174588,Linda Martin,linda.martin684@company.com,Web Portal,Account Suspension,Two-factor authentication codes are not being delivered to my phone.,The duplicate charge was reversed and refund processed within 3-5 business days.,High,Open,Email,Asia,35,Male,Enterprise,6,0,5,30.42,5.83,2023-12-31,2024-01-13,No,Yes,Linux,Unknown,PayPal,Chinese,Morning,6,Small Business,linda.martin684@company.com,,0
74394,Elizabeth Thomas,elizabeth.thomas686@yahoo.com,E-commerce Store,Refund Request,The application crashes whenever I try to upload a file.,Bug logged internally and workaround shared with the customer.,Urgent,In Progress,Email,Africa,74,Other,Enterprise,2,11,2,48.13,68.0,2024-09-01,2024-09-12,Yes,Yes,MacOS,Safari,Debit Card,Spanish,Afternoon,3,Small Business,elizabeth.thomas686@yahoo.com,,0
4919,Susan Garcia,susan.garcia650@hotmail.com,Cloud Storage,Refund Request,I found a bug in the latest update affecting report generation.,The issue was escalated to engineering and resolved in the latest patch.,Medium,Pending Customer,Phone,South America,28,Other,Basic,11,12,4,63.56,186.08,2023-10-18,2023-10-28,Yes,No,Android,Safari,PayPal,Japanese,Evening,4,Corporate,susan.garcia650@hotmail.com,,0
117427,Charles Miller,charles.miller856@yahoo.com,Payment Gateway,Data Sync Issue,I am experiencing very slow performance while using the dashboard.,Security settings updated and customer notified of precautionary measures.,Low,Pending Customer,Chat,South America,62,Female,Enterprise,18,3,5,46.21,47.9,2023-02-08,2023-02-21,Yes,No,MacOS,Safari,Crypto,English,Night,7,Small Business,charles.miller856@yahoo.com,,0
10448,Elizabeth Thomas,elizabeth.thomas823@yahoo.com,CRM Platform,Data Sync Issue,There seems to be a discrepancy in my billing statement for this month.,Provided step-by-step troubleshooting instructions and issue resolved.,High,Open,Chat,Asia,56,Other,Premium,38,4,4,63.53,165.82,2023-09-12,2023-09-15,No,No,iOS,Unknown,Credit Card,Japanese,Night,5,Corporate,elizabeth.thomas823@yahoo.com,,0
29785,David Gonzalez,david.gonzalez438@company.com,E-commerce Store,Bug Report,Two-factor authentication codes are not being delivered to my phone.,Security settings updated and customer notified of precautionary measures.,High,Resolved,Phone,North America,42,Other,Enterprise,59,12,3,58.25,66.09,2024-05-16,2024-05-27,Yes,No,MacOS,Chrome,Bank Transfer,German,Afternoon,5,Individual,david.gonzalez438@company.com,,0
171913,Charles Davis,charles.davis63@icloud.com,E-commerce Store,Feature Request,My subscription was cancelled without my request and I need clarification.,The issue was escalated to engineering and resolved in the latest patch.,Urgent,Open,Social Media,Asia,58,Male,Free,17,3,3,70.27,174.07,2024-02-21,2024-02-26,No,Yes,MacOS,Unknown,PayPal,Japanese,Afternoon,7,Individual,charles.davis63@icloud.com,2022-06-21,0
345,Michael Martinez,michael.martinez952@company.com,Cloud Storage,Login Issue,I would like to request a refund for the recent charge.,Explained billing breakdown and clarified applicable charges.,Low,Pending Customer,Email,Australia,47,Female,Premium,23,3,1,25.51,173.66,2024-11-21,2024-12-04,No,No,Windows,Chrome,Bank Transfer,German,Afternoon,2,Corporate,michael.martinez952@company.com,2024-06-28,0
16860,Susan Rodriguez,susan.rodriguez160@company.com,E-commerce Store,Payment Problem,I am unable to access my account after entering the correct credentials.,Security settings updated and customer notified of precautionary measures.,Urgent,Closed,Chat,North America,43,Male,Enterprise,59,12,4,32.72,38.95,2022-11-26,2022-12-06,No,Yes,Linux,Unknown,PayPal,Japanese,Evening,1,Corporate,susan.rodriguez160@company.com,,0
154505,Barbara Johnson,barbara.johnson470@yahoo.com,Web Portal,Subscription Cancellation,I found a bug in the latest update affecting report generation.,The duplicate charge was reversed and refund processed within 3-5 business days.,High,Pending Customer,Social Media,Africa,56,Male,Basic,47,15,1,56.19,198.29,2022-12-11,2022-12-14,Yes,No,MacOS,Safari,PayPal,French,Afternoon,6,Corporate,barbara.johnson470@yahoo.com,,0
149670,Robert Garcia,robert.garcia859@yahoo.com,E-commerce Store,Performance Issue,The system is not syncing data across devices properly.,Subscription status corrected and confirmation email sent to customer.,High,In Progress,Web Form,Europe,19,Other,Basic,13,11,5,36.23,52.1,2022-10-22,2022-11-01,No,Yes,Linux,Safari,Debit Card,Chinese,Evening,1,Individual,robert.garcia859@yahoo.com,,0
138308,James Miller,james.miller336@yahoo.com,E-commerce Store,Account Suspension,I would like to request a refund for the recent charge.,Data synchronization restored after backend service restart.,Medium,Closed,Web Form,Asia,64,Male,Free,43,4,3,44.77,46.07,2024-12-07,2024-12-16,No,No,MacOS,Firefox,Bank Transfer,French,Evening,2,Small Business,james.miller336@yahoo.com,,0
186122,Richard Jones,richard.jones901@company.com,Billing System,Payment Problem,The payment was deducted from my bank account but the transaction shows failed.,Bug logged internally and workaround shared with the customer.,Low,Pending Customer,Web Form,Asia,28,Other,Enterprise,18,12,3,42.45,189.9,2022-11-03,2022-11-11,Yes,No,MacOS,Firefox,Bank Transfer,German,Morning,5,Individual,richard.jones901@company.com,,0
155251,David Moore,david.moore61@icloud.com,CRM Platform,Feature Request,The application crashes whenever I try to upload a file.,Bug logged internally and workaround shared with the customer.,Medium,Closed,Social Media,South America,32,Other,Free,56,14,4,5.5,171.53,2023-07-12,2023-07-15,No,No,Linux,Firefox,Crypto,Chinese,Evening,6,Individual,david.moore61@icloud.com,,0
34569,Sarah Jackson,sarah.jackson486@outlook.com,Subscription Service,Performance Issue,My subscription was cancelled without my request and I need clarification.,Payment gateway timeout issue fixed and monitoring implemented.,Medium,Resolved,Email,North America,50,Other,Enterprise,41,4,1,17.23,173.94,2024-04-07,2024-04-21,Yes,Yes,Android,Edge,Debit Card,German,Night,6,Small Business,sarah.jackson486@outlook.com,,0
162229,Susan Smith,susan.smith175@yahoo.com,E-commerce Store,Performance Issue,I would like to request a refund for the recent charge.,Explained billing breakdown and clarified applicable charges.,High,Closed,Email,North America,45,Other,Free,28,13,4,5.47,227.18,2023-09-21,2023-10-04,Yes,No,Linux,Edge,Crypto,Spanish,Morning,5,Small Business,susan.smith175@yahoo.com,,0
79864,Thomas Brown,thomas.brown401@outlook.com,Subscription Service,Performance Issue,My subscription was cancelled without my request and I need clarification.,We have reset the account credentials and advised the customer to retry login.,Medium,Resolved,Email,North America,58,Other,Free,2,9,1,34.48,187.65,2022-04-10,2022-04-22,No,Yes,Windows,Firefox,Crypto,German,Evening,5,Small Business,thomas.brown401@outlook.com,,0
149388,Thomas Anderson,thomas.anderson603@company.com,Cloud Storage,Feature Request,My subscription was cancelled without my request and I need clarification.,Payment gateway timeout issue fixed and monitoring implemented.,Low,Resolved,Chat,North America,20,Male,Enterprise,16,15,1,32.08,143.19,2024-03-16,2024-03-17,No,Yes,iOS,Safari,Debit Card,Japanese,Night,7,Corporate,thomas.anderson603@company.com,,0
117347,William Garcia,william.garcia712@icloud.com,Analytics Dashboard,Payment Problem,I am experiencing very slow performance while using the dashboard.,Explained billing breakdown and clarified applicable charges.,Urgent,Pending Customer,Social Media,North America,32,Other,Basic,26,6,4,64.62,91.1,2023-09-02,2023-09-04,Yes,Yes,Android,Edge,Debit Card,Spanish,Evening,6,Individual,william.garcia712@icloud.com,,0
40437,Joseph Rodriguez,joseph.rodriguez956@outlook.com,Subscription Service,Performance Issue,My subscription was cancelled without my request and I need clarification.,Security settings updated and customer notified of precautionary measures.,Urgent,Open,Chat,Australia,36,Female,Premium,25,6,3,58.92,18.25,2024-02-19,2024-02-21,No,No,Android,Edge,Debit Card,Spanish,Night,3,Corporate,joseph.rodriguez956@outlook.com,,0
101482,David Smith,david.smith931@gmail.com,Billing System,Bug Report,Two-factor authentication codes are not being delivered to my phone.,We have reset the account credentials and advised the customer to retry login.,Urgent,Open,Chat,Asia,61,Female,Premium,6,4,3,64.91,139.78,2023-11-11,2023-11-12,No,Yes,Linux,Unknown,Bank Transfer,English,Night,9,Corporate,david.smith931@gmail.com,,0
57075,Linda Davis,linda.davis201@gmail.com,Mobile App,Account Suspension,I am experiencing very slow performance while using the dashboard.,Explained billing breakdown and clarified applicable charges.,Medium,Closed,Web Form,Europe,18,Female,Free,11,11,1,50.95,70.51,2022-10-11,2022-10-17,Yes,No,Linux,Chrome,Crypto,Spanish,Afternoon,5,Small Business,linda.davis201@gmail.com,,0
161225,Linda Lopez,linda.lopez302@icloud.com,Mobile App,Feature Request,The system is not syncing data across devices properly.,Data synchronization restored after backend service restart.,Low,Closed,Email,Australia,50,Female,Premium,51,14,3,21.75,88.57,2024-06-13,2024-06-27,Yes,Yes,MacOS,Safari,PayPal,Japanese,Night,5,Corporate,linda.lopez302@icloud.com,,0
4306,Linda Williams,linda.williams875@company.com,CRM Platform,Subscription Cancellation,I am experiencing very slow performance while using the dashboard.,Explained billing breakdown and clarified applicable charges.,Urgent,Resolved,Chat,Asia,32,Male,Premium,20,19,5,27.11,95.87,2022-08-14,2022-08-17,No,No,iOS,Chrome,Bank Transfer,English,Evening,1,Individual,linda.williams875@company.com,,0
164342,John Gonzalez,john.gonzalez257@company.com,API Service,Security Concern,Two-factor authentication codes are not being delivered to my phone.,The issue was escalated to engineering and resolved in the latest patch.,High,Resolved,Phone,Africa,47,Other,Premium,13,16,3,27.08,13.2,2022-02-04,2022-02-08,Yes,No,Windows,Safari,Crypto,German,Afternoon,9,Individual,john.gonzalez257@company.com,,0
33416,Thomas Lopez,thomas.lopez542@company.com,Payment Gateway,Payment Problem,The application crashes whenever I try to upload a file.,Payment gateway timeout issue fixed and monitoring implemented.,Medium,Pending Customer,Chat,Africa,33,Male,Free,33,14,5,36.29,195.66,2022-02-18,2022-02-20,No,No,iOS,Firefox,Bank Transfer,German,Afternoon,4,Small Business,thomas.lopez542@company.com,,0
20783,Thomas Martinez,thomas.martinez804@gmail.com,CRM Platform,Data Sync Issue,My subscription was cancelled without my request and I need clarification.,Data synchronization restored after backend service restart.,Low,Closed,Social Media,Australia,30,Female,Premium,3,0,5,17.63,154.14,2023-02-23,2023-02-27,Yes,Yes,Android,Edge,Bank Transfer,English,Night,5,Small Business,thomas.martinez804@gmail.com,,0
110094,Jessica Jones,jessica.jones125@outlook.com,E-commerce Store,Performance Issue,Two-factor authentication codes are not being delivered to my phone.,Security settings updated and customer notified of precautionary measures.,Medium,Open,Social Media,Europe,37,Female,Enterprise,36,3,4,48.69,229.84,2024-08-05,2024-08-11,Yes,No,MacOS,Chrome,Bank Transfer,French,Morning,3,Corporate,jessica.jones125@outlook.com,,0
81990,Michael Brown,michael.brown247@gmail.com,Web Portal,Refund Request,The application crashes whenever I try to upload a file.,We have reset the account credentials and advised the customer to retry login.,Urgent,Pending Customer,Social Media,Africa,50,Other,Premium,1,13,1,0.52,140.0,2024-02-17,2024-02-17,Yes,No,iOS,Chrome,Debit Card,Chinese,Evening,7,Individual,michael.brown247@gmail.com,,0
134803,David Moore,david.moore773@outlook.com,API Service,Payment Problem,I would like to request a refund for the recent charge.,Subscription status corrected and confirmation email sent to customer.,Urgent,Open,Email,North America,42,Female,Free,23,20,4,64.29,191.88,2023-01-12,2023-01-22,No,No,MacOS,Edge,Crypto,German,Night,4,Individual,david.moore773@outlook.com,,0
44362,Jennifer Brown,jennifer.brown100@company.com,CRM Platform,Data Sync Issue,My subscription was cancelled without my request and I need clarification.,The duplicate charge was reversed and refund processed within 3-5 business days.,Urgent,Pending Customer,Social Media,Europe,44,Other,Premium,40,0,1,48.88,37.6,2022-07-25,2022-08-01,Yes,Yes,Windows,Unknown,Bank Transfer,English,Night,3,Individual,jennifer.brown100@company.com,,0
84248,Robert Martin,robert.martin865@outlook.com,Analytics Dashboard,Performance Issue,There seems to be a discrepancy in my billing statement for this month.,Security settings updated and customer notified of precautionary measures.,Urgent,Pending Customer,Chat,Australia,36,Male,Premium,60,14,3,13.95,98.26,2024-04-25,2024-04-25,No,Yes,Linux,Safari,Debit Card,Chinese,Afternoon,1,Small Business,robert.martin865@outlook.com,,0
147147,Barbara Anderson,barbara.anderson826@hotmail.com,Mobile App,Subscription Cancellation,My subscription was cancelled without my request and I need clarification.,Provided step-by-step troubleshooting instructions and issue resolved.,Medium,Open,Chat,Australia,20,Female,Premium,40,5,5,56.14,25.18,2022-12-18,2022-12-30,Yes,No,Linux,Edge,Bank Transfer,French,Morning,7,Corporate,barbara.anderson826@hotmail.com,,0
157052,Linda Lopez,linda.lopez494@gmail.com,E-commerce Store,Security Concern,I found a bug in the latest update affecting report generation.,We have reset the account credentials and advised the customer to retry login.,Medium,Closed,Email,Europe,73,Other,Free,20,12,5,54.72,176.16,2023-03-12,2023-03-17,No,No,Windows,Unknown,Debit Card,English,Morning,4,Individual,linda.lopez494@gmail.com,,0
85617,Joseph Martin,joseph.martin835@company.com,Cloud Storage,Performance Issue,The system is not syncing data across devices properly.,Security settings updated and customer notified of precautionary measures.,High,Closed,Web Form,South America,27,Other,Enterprise,17,12,2,26.31,182.76,2024-11-02,2024-11-12,Yes,No,Linux,Edge,Crypto,Spanish,Afternoon,7,Corporate,joseph.martin835@company.com,,0
112505,Richard Anderson,richard.anderson211@yahoo.com,Payment Gateway,Data Sync Issue,I am unable to access my account after entering the correct credentials.,Security settings updated and customer notified of precautionary measures.,High,Open,Social Media,Asia,29,Other,Free,26,0,1,46.65,81.77,2024-02-28,2024-03-03,Yes,No,Linux,Edge,Credit Card,German,Night,8,Corporate,richard.anderson211@yahoo.com,,0
171509,Michael Miller,michael.miller776@yahoo.com,Payment Gateway,Performance Issue,The payment was deducted from my bank account but the transaction shows failed.,Payment gateway timeout issue fixed and monitoring implemented.,Low,Resolved,Email,South America,69,Female,Basic,51,2,5,34.54,236.52,2024-02-20,2024-02-29,Yes,No,Android,Unknown,Debit Card,Spanish,Night,6,Small Business,michael.miller776@yahoo.com,,0
9754,Thomas Jones,thomas.jones939@gmail.com,Payment Gateway,Account Suspension,My subscription was cancelled without my request and I need clarification.,Data synchronization restored after backend service restart.,High,Resolved,Phone,North America,49,Female,Free,2,17,1,38.81,186.09,2023-07-14,2023-07-15,Yes,Yes,Android,Unknown,Bank Transfer,French,Night,1,Small Business,thomas.jones939@gmail.com,,0
194497,David Thomas,david.thomas413@icloud.com,Cloud Storage,Login Issue,The application crashes whenever I try to upload a file.,Subscription status corrected and confirmation email sent to customer.,Medium,Closed,Social Media,Europe,62,Female,Enterprise,33,4,4,10.85,79.09,2024-10-20,2024-10-24,No,No,Windows,Chrome,PayPal,Spanish,Night,4,Corporate,david.thomas413@icloud.com,,0
75949,Mary Wilson,mary.wilson121@hotmail.com,Web Portal,Bug Report,I am unable to access my account after entering the correct credentials.,Explained billing breakdown and clarified applicable charges.,High,Pending Customer,Social Media,South America,34,Male,Free,60,20,4,1.98,221.58,2024-11-24,2024-12-05,No,No,MacOS,Firefox,Bank Transfer,French,Evening,10,Individual,mary.wilson121@hotmail.com,,0
100671,Robert Thomas,robert.thomas499@company.com,Subscription Service,Subscription Cancellation,There seems to be a discrepancy in my billing statement for this month.,The issue was escalated to engineering and resolved in the latest patch.,Urgent,In Progress,Social Media,Asia,19,Male,Premium,11,9,3,51.56,59.56,2023-10-31,2023-11-10,Yes,No,Windows,Unknown,PayPal,English,Night,4,Small Business,robert.thomas499@company.com,,0
165914,Sarah Rodriguez,sarah.rodriguez279@outlook.com,Web Portal,Security Concern,There seems to be a discrepancy in my billing statement for this month.,We have reset the account credentials and advised the customer to retry login.,Low,Open,Social Media,North America,50,Female,Enterprise,44,7,1,67.85,176.44,2024-08-15,2024-08-26,No,Yes,MacOS,Firefox,Bank Transfer,Japanese,Evening,2,Individual,sarah.rodriguez279@outlook.com,,0
143043,Charles Jackson,charles.jackson156@hotmail.com,Mobile App,Data Sync Issue,The application crashes whenever I try to upload a file.,Data synchronization restored after backend service restart.,Urgent,Resolved,Email,Australia,23,Male,Enterprise,34,9,5,47.26,69.84,2023-08-24,2023-08-27,No,No,Windows,Firefox,Credit Card,Japanese,Morning,6,Individual,charles.jackson156@hotmail.com,,0
152510,Jennifer Gonzalez,jennifer.gonzalez279@icloud.com,Analytics Dashboard,Refund Request,I am experiencing very slow performance while using the dashboard.,Provided step-by-step troubleshooting instructions and issue resolved.,Medium,Open,Social Media,South America,33,Female,Free,7,2,4,56.0,132.94,2024-06-18,2024-06-20,Yes,Yes,Android,Chrome,Bank Transfer,Chinese,Evening,10,Corporate,jennifer.gonzalez279@icloud.com,,0
135794,Susan Miller,susan.miller618@hotmail.com,Subscription Service,Data Sync Issue,The system is not syncing data across devices properly.,Bug logged internally and workaround shared with the customer.,Low,In Progress,Email,Australia,49,Male,Premium,1,7,2,21.88,59.97,2023-11-21,2023-11-25,No,No,Windows,Unknown,PayPal,English,Afternoon,8,Corporate,susan.miller618@hotmail.com,,0
6951,Barbara Martinez,barbara.martinez905@hotmail.com,Payment Gateway,Login Issue,The application crashes whenever I try to upload a file.,Security settings updated and customer notified of precautionary measures.,Medium,Closed,Social Media,Asia,37,Female,Enterprise,10,6,3,27.6,137.73,2023-08-30,2023-09-13,No,Yes,Windows,Unknown,Debit Card,Chinese,Morning,9,Individual,barbara.martinez905@hotmail.com,,0
73915,Joseph Lopez,joseph.lopez870@hotmail.com,Subscription Service,Bug Report,My subscription was cancelled without my request and I need clarification.,The duplicate charge was reversed and refund processed within 3-5 business days.,Medium,Open,Social Media,Asia,64,Other,Free,55,10,2,33.35,10.47,2023-10-23,2023-11-02,No,No,Linux,Safari,Crypto,English,Night,6,Small Business,joseph.lopez870@hotmail.com,,0
135628,Richard Rodriguez,richard.rodriguez118@company.com,Billing System,Login Issue,There seems to be a discrepancy in my billing statement for this month.,The duplicate charge was reversed and refund processed within 3-5 business days.,Medium,Closed,Email,South America,56,Other,Premium,43,2,2,10.87,52.47,2024-03-22,2024-04-02,Yes,No,Windows,Chrome,Debit Card,Chinese,Evening,6,Small Business,richard.rodriguez118@company.com,2022-05-25,0
18020,Thomas Jackson,thomas.jackson336@hotmail.com,Web Portal,Refund Request,Two-factor authentication codes are not being delivered to my phone.,Data synchronization restored after backend service restart.,Urgent,Open,Web Form,Asia,31,Female,Free,52,9,2,59.9,108.8,2022-07-14,2022-07-15,Yes,No,Android,Firefox,Bank Transfer,Spanish,Afternoon,10,Individual,thomas.jackson336@hotmail.com,,0
23191,Barbara Wilson,barbara.wilson609@hotmail.com,Web Portal,Performance Issue,My subscription was cancelled without my request and I need clarification.,Data synchronization restored after backend service restart.,Urgent,Open,Email,Africa,44,Other,Basic,22,3,2,30.52,78.56,2022-03-23,2022-03-24,Yes,No,Linux,Chrome,Bank Transfer,French,Night,9,Corporate,barbara.wilson609@hotmail.com,,0
173137,Elizabeth Rodriguez,elizabeth.rodriguez236@outlook.com,Payment Gateway,Feature Request,Two-factor authentication codes are not being delivered to my phone.,Provided step-by-step troubleshooting instructions and issue resolved.,High,Resolved,Email,North America,34,Other,Premium,50,12,5,11.55,173.14,2022-07-29,2022-08-06,No,Yes,Linux,Chrome,Credit Card,Japanese,Evening,1,Small Business,elizabeth.rodriguez236@outlook.com,,0
1110,Barbara Moore,barbara.moore657@gmail.com,Billing System,Bug Report,There seems to be a discrepancy in my billing statement for this month.,Payment gateway timeout issue fixed and monitoring implemented.,Medium,Open,Email,South America,26,Female,Free,26,18,5,44.28,224.34,2024-09-05,2024-09-18,No,No,iOS,Safari,Bank Transfer,Spanish,Night,1,Individual,barbara.moore657@gmail.com,,0
165185,Karen Johnson,karen.johnson688@outlook.com,Cloud Storage,Login Issue,There seems to be a discrepancy in my billing statement for this month.,Bug logged internally and workaround shared with the customer.,Urgent,Resolved,Phone,North America,61,Other,Basic,14,20,3,42.51,144.47,2024-03-24,2024-04-05,No,Yes,Android,Chrome,Bank Transfer,Japanese,Evening,3,Small Business,karen.johnson688@outlook.com,,0
130324,Sarah Jackson,sarah.jackson611@icloud.com,E-commerce Store,Security Concern,Two-factor authentication codes are not being delivered to my phone.,The issue was escalated to engineering and resolved in the latest patch.,Low,Closed,Web Form,North America,67,Male,Premium,46,10,3,5.32,235.56,2022-03-06,2022-03-06,No,No,iOS,Unknown,Crypto,French,Morning,1,Small Business,sarah.jackson611@icloud.com,,0
153932,Joseph Jones,joseph.jones970@outlook.com,Analytics Dashboard,Bug Report,I would like to request a refund for the recent charge.,We have reset the account credentials and advised the customer to retry login.,Urgent,In Progress,Web Form,Asia,32,Female,Enterprise,5,5,4,6.93,24.61,2023-09-28,2023-10-07,No,Yes,MacOS,Chrome,Debit Card,French,Evening,1,Small Business,joseph.jones970@outlook.com,,0
5483,William Martinez,william.martinez768@company.com,Analytics Dashboard,Payment Problem,My subscription was cancelled without my request and I need clarification.,Provided step-by-step troubleshooting instructions and issue resolved.,Urgent,In Progress,Web Form,Asia,57,Female,Basic,22,19,5,64.33,50.02,2023-07-20,2023-07-29,No,No,iOS,Edge,Debit Card,German,Night,6,Individual,william.martinez768@company.com,,0
112027,Richard Davis,richard.davis741@yahoo.com,Billing System,Performance Issue,The application crashes whenever I try to upload a file.,Explained billing breakdown and clarified applicable charges.,Medium,Pending Customer,Phone,Australia,63,Female,Basic,46,8,3,4.7,197.58,2023-03-14,2023-03-14,No,Yes,MacOS,Firefox,Crypto,Japanese,Afternoon,4,Corporate,richard.davis741@yahoo.com,,0
173114,Charles Anderson,charles.anderson861@gmail.com,Mobile App,Performance Issue,I am experiencing very slow performance while using the dashboard.,Bug logged internally and workaround shared with the customer.,Low,In Progress,Phone,South America,61,Male,Basic,17,18,1,46.28,222.21,2022-09-15,2022-09-21,Yes,No,iOS,Chrome,Debit Card,Japanese,Morning,9,Small Business,charles.anderson861@gmail.com,,0
137562,Joseph Jones,joseph.jones31@yahoo.com,Mobile App,Feature Request,The payment was deducted from my bank account but the transaction shows failed.,Provided step-by-step troubleshooting instructions and issue resolved.,High,Pending Customer,Social Media,Africa,34,Other,Free,42,12,4,52.77,221.38,2023-05-29,2023-06-01,Yes,No,Linux,Firefox,Crypto,German,Morning,10,Small Business,joseph.jones31@yahoo.com,,0
118841,John Thomas,john.thomas502@yahoo.com,Mobile App,Login Issue,I am experiencing very slow performance while using the dashboard.,Subscription status corrected and confirmation email sent to customer.,High,In Progress,Email,South America,26,Female,Enterprise,14,13,5,67.72,200.94,2023-10-10,2023-10-12,Yes,Yes,Android,Edge,Crypto,English,Afternoon,2,Corporate,john.thomas502@yahoo.com,,0
35242,Michael Rodriguez,michael.rodriguez390@gmail.com,E-commerce Store,Login Issue,The application crashes whenever I try to upload a file.,Payment gateway timeout issue fixed and monitoring implemented.,High,In Progress,Email,Asia,70,Male,Premium,55,11,2,51.78,48.97,2024-06-18,2024-06-21,No,Yes,MacOS,Unknown,Debit Card,Spanish,Evening,4,Individual,michael.rodriguez390@gmail.com,,0
41390,Sarah Moore,sarah.moore472@icloud.com,Subscription Service,Refund Request,I found a bug in the latest update affecting report generation.,The issue was escalated to engineering and resolved in the latest patch.,Low,Pending Customer,Phone,South America,42,Male,Premium,15,10,2,68.64,155.96,2022-12-02,2022-12-16,No,Yes,Windows,Edge,Bank Transfer,French,Morning,4,Corporate,sarah.moore472@icloud.com,,0
168025,John Taylor,john.taylor304@icloud.com,Web Portal,Subscription Cancellation,My subscription was cancelled without my request and I need clarification.,Subscription status corrected and confirmation email sent to customer.,Medium,Pending Customer,Phone,Asia,71,Male,Basic,23,14,4,25.34,29.53,2023-12-24,2024-01-05,Yes,Yes,Linux,Edge,PayPal,German,Afternoon,7,Individual,john.taylor304@icloud.com,,0
131956,Jennifer Johnson,jennifer.johnson589@outlook.com,E-commerce Store,Login Issue,My subscription was cancelled without my request and I need clarification.,Security settings updated and customer notified of precautionary measures.,Low,In Progress,Chat,Africa,38,Other,Enterprise,49,8,4,23.32,66.2,2022-07-16,2022-07-21,Yes,Yes,Windows,Chrome,Credit Card,German,Morning,3,Corporate,jennifer.johnson589@outlook.com,,0
71213,Sarah Lopez,sarah.lopez265@company.com,E-commerce Store,Bug Report,I am experiencing very slow performance while using the dashboard.,Bug logged internally and workaround shared with the customer.,Urgent,In Progress,Social Media,Africa,39,Male,Premium,43,15,3,16.07,36.79,2022-03-22,2022-03-22,Yes,Yes,MacOS,Unknown,Crypto,English,Morning,6,Corporate,sarah.lopez265@company.com,,0
140237,Elizabeth Jones,elizabeth.jones970@gmail.com,Analytics Dashboard,Security Concern,My subscription was cancelled without my request and I need clarification.,Payment gateway timeout issue fixed and monitoring implemented.,High,Pending Customer,Phone,Australia,32,Other,Enterprise,22,14,3,26.38,69.45,2024-01-29,2024-02-03,No,No,MacOS,Chrome,Bank Transfer,Chinese,Evening,9,Corporate,elizabeth.jones970@gmail.com,,0
172482,Jessica Wilson,jessica.wilson575@outlook.com,Web Portal,Data Sync Issue,I am unable to access my account after entering the correct credentials.,The issue was escalated to engineering and resolved in the latest patch.,High,Resolved,Chat,Africa,36,Other,Enterprise,19,9,4,20.34,184.13,2022-09-20,2022-09-30,Yes,Yes,Linux,Edge,Credit Card,English,Night,7,Individual,jessica.wilson575@outlook.com,,0
74456,David Garcia,david.garcia293@company.com,Payment Gateway,Login Issue,The application crashes whenever I try to upload a file.,Bug logged internally and workaround shared with the customer.,Urgent,Pending Customer,Web Form,North America,39,Female,Free,17,12,4,17.22,61.87,2023-08-01,2023-08-05,No,No,Windows,Safari,Credit Card,Japanese,Morning,2,Individual,david.garcia293@company.com,2022-09-27,0
113078,Sarah Moore,sarah.moore706@icloud.com,Cloud Storage,Subscription Cancellation,Two-factor authentication codes are not being delivered to my phone.,The duplicate charge was reversed and refund processed within 3-5 business days.,Urgent,Pending Customer,Social Media,Europe,22,Male,Premium,53,9,3,12.88,90.0,2023-11-11,2023-11-22,Yes,No,iOS,Firefox,Bank Transfer,German,Afternoon,3,Corporate,sarah.moore706@icloud.com,,0
16402,Mary Anderson,mary.anderson562@icloud.com,Payment Gateway,Refund Request,I found a bug in the latest update affecting report generation.,Explained billing breakdown and clarified applicable charges.,High,Pending Customer,Email,Africa,54,Other,Enterprise,1,1,1,62.2,208.29,2023-03-13,2023-03-26,No,Yes,iOS,Unknown,Bank Transfer,English,Morning,1,Small Business,mary.anderson562@icloud.com,,0
35347,Michael Hernandez,michael.hernandez564@yahoo.com,Subscription Service,Security Concern,There seems to be a discrepancy in my billing statement for this month.,Payment gateway timeout issue fixed and monitoring implemented.,High,Open,Chat,South America,21,Female,Enterprise,24,14,1,61.1,70.33,2024-07-03,2024-07-16,No,No,MacOS,Edge,Bank Transfer,Chinese,Morning,10,Individual,michael.hernandez564@yahoo.com,,0
120482,Charles Jones,charles.jones964@gmail.com,Web Portal,Subscription Cancellation,My subscription was cancelled without my request and I need clarification.,We have reset the account credentials and advised the customer to retry login.,Low,In Progress,Phone,North America,33,Female,Enterprise,1,6,1,58.98,141.35,2024-03-19,2024-03-31,No,No,Android,Firefox,Crypto,English,Morning,4,Corporate,charles.jones964@gmail.com,,0
169229,Michael Garcia,michael.garcia357@yahoo.com,Analytics Dashboard,Payment Problem,There seems to be a discrepancy in my billing statement for this month.,Subscription status corrected and confirmation email sent to customer.,Low,Closed,Chat,Asia,61,Other,Free,3,6,5,16.63,145.28,2022-09-16,2022-09-19,Yes,No,Linux,Safari,Bank Transfer,English,Evening,1,Small Business,michael.garcia357@yahoo.com,,0
67251,Barbara Williams,barbara.williams73@hotmail.com,Payment Gateway,Performance Issue,Two-factor authentication codes are not being delivered to my phone.,Provided step-by-step troubleshooting instructions and issue resolved.,Medium,In Progress,Phone,Africa,65,Male,Enterprise,19,4,2,28.15,66.53,2023-08-09,2023-08-16,Yes,Yes,Windows,Edge,Crypto,English,Night,4,Corporate,barbara.williams73@hotmail.com,2022-09-15,0
161455,David Taylor,david.taylor367@hotmail.com,Analytics Dashboard,Data Sync Issue,I would like to request a refund for the recent charge.,Security settings updated and customer notified of precautionary measures.,Urgent,Resolved,Web Form,South America,25,Other,Basic,38,10,5,66.39,119.88,2022-09-03,2022-09-03,No,Yes,iOS,Edge,Credit Card,English,Afternoon,2,Small Business,david.taylor367@hotmail.com,,0
136346,Michael Gonzalez,michael.gonzalez409@outlook.com,API Service,Data Sync Issue,The application crashes whenever I try to upload a file.,Bug logged internally and workaround shared with the customer.,High,Closed,Phone,North America,37,Other,Enterprise,14,6,5,64.81,116.84,2023-04-16,2023-04-27,No,Yes,Linux,Edge,Credit Card,English,Night,1,Individual,michael.gonzalez409@outlook.com,,0
175656,Karen Hernandez,karen.hernandez973@gmail.com,Cloud Storage,Login Issue,I found a bug in the latest update affecting report generation.,The issue was escalated to engineering and resolved in the latest patch.,Low,Pending Customer,Email,Africa,36,Other,Premium,34,1,2,2.41,159.58,2022-10-04,2022-10-10,No,No,Linux,Firefox,Bank Transfer,French,Morning,1,Corporate,karen.hernandez973@gmail.com,,0
142920,Karen Miller,karen.miller284@hotmail.com,Web Portal,Refund Request,I am unable to access my account after entering the correct credentials.,Explained billing breakdown and clarified applicable charges.,Urgent,Open,Email,South America,66,Other,Basic,49,18,5,49.71,63.4,2024-01-21,2024-01-31,Yes,No,Windows,Safari,Credit Card,Spanish,Morning,4,Individual,karen.miller284@hotmail.com,,0
11811,David Davis,david.davis564@hotmail.com,Payment Gateway,Security Concern,I found a bug in the latest update affecting report generation.,Security settings updated and customer notified of precautionary measures.,Low,In Progress,Social Media,Asia,72,Male,Basic,54,18,5,36.15,68.58,2022-12-19,2022-12-26,Yes,Yes,Linux,Firefox,Credit Card,French,Evening,4,Individual,david.davis564@hotmail.com,,0
163579,James Moore,james.moore750@hotmail.com,E-commerce Store,Payment Problem,There seems to be a discrepancy in my billing statement for this month.,We have reset the account credentials and advised the customer to retry login.,High,Pending Customer,Web Form,South America,59,Other,Enterprise,30,12,4,32.47,123.11,2023-05-31,2023-06-04,No,No,Android,Edge,PayPal,Japanese,Morning,9,Corporate,james.moore750@hotmail.com,,0
51193,Linda Wilson,linda.wilson680@icloud.com,Subscription Service,Performance Issue,I am experiencing very slow performance while using the dashboard.,Subscription status corrected and confirmation email sent to customer.,High,In Progress,Email,South America,62,Female,Enterprise,47,12,4,10.89,56.49,2022-10-31,2022-11-03,No,Yes,MacOS,Safari,Credit Card,French,Night,6,Small Business,linda.wilson680@icloud.com,,0
136378,Jennifer Taylor,jennifer.taylor647@yahoo.com,Cloud Storage,Login Issue,I would like to request a refund for the recent charge.,The issue was escalated to engineering and resolved in the latest patch.,Urgent,Open,Email,Africa,23,Other,Enterprise,35,6,4,46.09,105.84,2022-01-03,2022-01-15,No,No,Windows,Chrome,Debit Card,Spanish,Morning,5,Individual,jennifer.taylor647@yahoo.com,,0
182908,Karen Williams,karen.williams781@icloud.com,Subscription Service,Performance Issue,The application crashes whenever I try to upload a file.,Bug logged internally and workaround shared with the customer.,Low,Pending Customer,Chat,North America,58,Male,Free,22,7,2,69.62,234.29,2023-10-11,2023-10-25,No,No,iOS,Unknown,Bank Transfer,English,Evening,5,Individual,karen.williams781@icloud.com,,0
32745,David Davis,david.davis570@outlook.com,Cloud Storage,Bug Report,I am experiencing very slow performance while using the dashboard.,Explained billing breakdown and clarified applicable charges.,High,Pending Customer,Email,Europe,60,Male,Enterprise,55,15,1,31.56,183.67,2024-04-28,2024-04-29,No,No,Linux,Chrome,Debit Card,German,Afternoon,10,Small Business,david.davis570@outlook.com,,0
128257,Joseph Gonzalez,joseph.gonzalez476@hotmail.com,Payment Gateway,Payment Problem,I am experiencing very slow performance while using the dashboard.,Explained billing breakdown and clarified applicable charges.,Low,Resolved,Chat,Asia,66,Other,Enterprise,47,11,3,16.38,37.64,2023-03-31,2023-04-08,Yes,No,Windows,Unknown,Debit Card,Spanish,Morning,8,Corporate,joseph.gonzalez476@hotmail.com,,0
51069,Mary Moore,mary.moore469@company.com,Web Portal,Bug Report,I am experiencing very slow performance while using the dashboard.,Data synchronization restored after backend service restart.,Urgent,Open,Phone,Asia,28,Male,Premium,12,19,5,36.62,236.0,2022-11-02,2022-11-06,Yes,Yes,iOS,Edge,Bank Transfer,German,Night,3,Individual,mary.moore469@company.com,,0
60154,Sarah Miller,sarah.miller239@icloud.com,Web Portal,Data Sync Issue,I would like to request a refund for the recent charge.,Payment gateway timeout issue fixed and monitoring implemented.,Urgent,Closed,Phone,Asia,70,Female,Basic,22,3,5,59.22,173.99,2022-04-23,2022-04-29,No,No,MacOS,Edge,Bank Transfer,French,Morning,6,Individual,sarah.miller239@icloud.com,,0
158899,Charles Martin,charles.martin318@outlook.com,Web Portal,Account Suspension,My subscription was cancelled without my request and I need clarification.,Subscription status corrected and confirmation email sent to customer.,Low,Open,Chat,Europe,47,Female,Premium,44,4,1,67.02,175.86,2023-02-18,2023-02-28,No,No,Android,Safari,Bank Transfer,French,Night,4,Small Business,charles.martin318@outlook.com,,0
57901,Joseph Anderson,joseph.anderson647@yahoo.com,Analytics Dashboard,Login Issue,The system is not syncing data across devices properly.,Explained billing breakdown and clarified applicable charges.,Medium,Closed,Email,North America,29,Female,Free,30,0,1,27.93,140.69,2024-11-02,2024-11-09,Yes,Yes,Windows,Chrome,Crypto,Spanish,Afternoon,5,Individual,joseph.anderson647@yahoo.com,,0
142068,Karen Wilson,karen.wilson198@company.com,Web Portal,Data Sync Issue,I am unable to access my account after entering the correct credentials.,Security settings updated and customer notified of precautionary measures.,Urgent,Resolved,Phone,Asia,69,Other,Free,35,9,1,57.84,203.97,2022-01-22,2022-02-03,Yes,No,Linux,Firefox,PayPal,Chinese,Night,3,Individual,karen.wilson198@company.com,,0
95798,Joseph Wilson,joseph.wilson404@company.com,E-commerce Store,Payment Problem,I am experiencing very slow performance while using the dashboard.,Bug logged internally and workaround shared with the customer.,Low,Closed,Chat,Asia,50,Other,Free,5,8,5,28.39,10.26,2022-10-11,2022-10-24,No,Yes,iOS,Unknown,Crypto,Chinese,Night,3,Corporate,joseph.wilson404@company.com,,0
37565,Jessica Miller,jessica.miller394@yahoo.com,CRM Platform,Bug Report,The payment was deducted from my bank account but the transaction shows failed.,The issue was escalated to engineering and resolved in the latest patch.,Urgent,Resolved,Phone,Australia,51,Other,Basic,11,15,3,8.84,210.52,2023-06-25,2023-06-30,No,Yes,Windows,Edge,Bank Transfer,French,Evening,7,Corporate,jessica.miller394@yahoo.com,,0
54327,Joseph Williams,joseph.williams864@hotmail.com,Web Portal,Login Issue,My subscription was cancelled without my request and I need clarification.,The issue was escalated to engineering and resolved in the latest patch.,Medium,Pending Customer,Email,North America,72,Male,Enterprise,11,1,2,70.65,227.1,2024-05-12,2024-05-24,Yes,Yes,MacOS,Edge,Crypto,English,Morning,10,Small Business,joseph.williams864@hotmail.com,,0
84063,Mary Brown,mary.brown797@gmail.com,Subscription Service,Refund Request,The system is not syncing data across devices properly.,We have reset the account credentials and advised the customer to retry login.,High,Pending Customer,Email,Africa,69,Male,Free,43,2,1,18.34,103.99,2024-05-14,2024-05-21,Yes,No,iOS,Unknown,PayPal,English,Evening,1,Corporate,mary.brown797@gmail.com,,0
124281,Joseph Taylor,joseph.taylor739@gmail.com,Analytics Dashboard,Feature Request,Two-factor authentication codes are not being delivered to my phone.,Provided step-by-step troubleshooting instructions and issue resolved.,High,Open,Web Form,Asia,47,Female,Premium,22,11,2,50.1,135.34,2024-03-05,2024-03-05,Yes,No,Windows,Chrome,PayPal,English,Night,8,Small Business,joseph.taylor739@gmail.com,,0
100439,Karen Anderson,karen.anderson105@company.com,Cloud Storage,Login Issue,I am unable to access my account after entering the correct credentials.,The issue was escalated to engineering and resolved in the latest patch.,Medium,Closed,Phone,Asia,20,Male,Premium,15,4,4,56.75,29.05,2023-12-13,2023-12-24,Yes,No,iOS,Safari,Debit Card,English,Night,6,Small Business,karen.anderson105@company.com,,0
97419,Barbara Hernandez,barbara.hernandez876@gmail.com,Payment Gateway,Subscription Cancellation,I found a bug in the latest update affecting report generation.,Explained billing breakdown and clarified applicable charges.,Urgent,Closed,Email,Africa,38,Female,Enterprise,50,9,5,45.69,87.01,2024-06-24,2024-06-25,No,Yes,MacOS,Unknown,PayPal,Spanish,Evening,9,Small Business,barbara.hernandez876@gmail.com,,0
130215,Michael Gonzalez,michael.gonzalez43@gmail.com,Billing System,Data Sync Issue,Two-factor authentication codes are not being delivered to my phone.,The issue was escalated to engineering and resolved in the latest patch.,Medium,Closed,Email,Europe,57,Female,Enterprise,47,8,5,9.73,78.23,2023-03-30,2023-04-08,No,Yes,Android,Chrome,Crypto,Japanese,Night,3,Small Business,michael.gonzalez43@gmail.com,,0
147044,John Johnson,john.johnson268@company.com,Subscription Service,Subscription Cancellation,The application crashes whenever I try to upload a file.,Subscription status corrected and confirmation email sent to customer.,Low,Pending Customer,Chat,Europe,36,Female,Premium,14,18,4,21.36,101.35,2022-05-12,2022-05-24,No,Yes,Linux,Edge,Credit Card,Japanese,Evening,9,Individual,john.johnson268@company.com,,0
137175,Mary Williams,mary.williams111@hotmail.com,E-commerce Store,Security Concern,I would like to request a refund for the recent charge.,Provided step-by-step troubleshooting instructions and issue resolved.,Medium,Resolved,Chat,Asia,74,Female,Enterprise,52,6,3,30.31,39.81,2022-07-11,2022-07-15,Yes,No,iOS,Safari,PayPal,Spanish,Morning,9,Individual,mary.williams111@hotmail.com,,0
16030,Joseph Martin,joseph.martin701@outlook.com,Cloud Storage,Performance Issue,There seems to be a discrepancy in my billing statement for this month.,Security settings updated and customer notified of precautionary measures.,Low,Closed,Chat,Asia,38,Other,Basic,38,6,1,71.53,194.2,2022-01-01,2022-01-04,Yes,Yes,iOS,Safari,Debit Card,Japanese,Morning,3,Small Business,joseph.martin701@outlook.com,,0
108109,Mary Williams,mary.williams293@outlook.com,Analytics Dashboard,Payment Problem,There seems to be a discrepancy in my billing statement for this month.,The duplicate charge was reversed and refund processed within 3-5 business days.,Medium,Open,Social Media,Africa,44,Male,Enterprise,21,4,1,60.06,173.51,2023-07-25,2023-08-06,No,No,iOS,Unknown,Credit Card,French,Night,5,Individual,mary.williams293@outlook.com,,0
108085,John Gonzalez,john.gonzalez473@hotmail.com,Billing System,Refund Request,The payment was deducted from my bank account but the transaction shows failed.,Provided step-by-step troubleshooting instructions and issue resolved.,Medium,Open,Phone,Africa,60,Female,Free,19,11,2,40.44,184.57,2022-04-09,2022-04-20,Yes,No,Windows,Unknown,Bank Transfer,Spanish,Night,8,Small Business,john.gonzalez473@hotmail.com,,0
150522,Thomas Miller,thomas.miller800@yahoo.com,Billing System,Bug Report,I am unable to access my account after entering the correct credentials.,Provided step-by-step troubleshooting instructions and issue resolved.,Medium,In Progress,Chat,South America,29,Other,Enterprise,1,1,1,46.41,167.94,2023-07-21,2023-07-26,Yes,Yes,Android,Unknown,PayPal,Chinese,Night,6,Individual,thomas.miller800@yahoo.com,,0
175035,Charles Garcia,charles.garcia823@yahoo.com,Payment Gateway,Feature Request,The payment was deducted from my bank account but the transaction shows failed.,Subscription status corrected and confirmation email sent to customer.,High,Pending Customer,Social Media,South America,40,Male,Free,38,13,1,6.22,187.46,2022-07-17,2022-07-30,Yes,No,MacOS,Edge,Crypto,German,Night,3,Corporate,charles.garcia823@yahoo.com,,0
148483,Thomas Anderson,thomas.anderson303@icloud.com,E-commerce Store,Refund Request,I am experiencing very slow performance while using the dashboard.,The duplicate charge was reversed and refund processed within 3-5 business days.,Low,Resolved,Web Form,Australia,71,Female,Enterprise,8,0,4,3.18,224.99,2022-03-24,2022-04-04,Yes,No,Linux,Safari,PayPal,Spanish,Evening,10,Individual,thomas.anderson303@icloud.com,,0
54347,Susan Williams,susan.williams922@hotmail.com,Subscription Service,Security Concern,I found a bug in the latest update affecting report generation.,Security settings updated and customer notified of precautionary measures.,Medium,Closed,Chat,Asia,45,Female,Basic,52,12,3,63.98,199.44,2023-08-04,2023-08-15,No,Yes,Windows,Firefox,Debit Card,Spanish,Afternoon,4,Corporate,susan.williams922@hotmail.com,,0
4410,Susan Moore,susan.moore674@gmail.com,Analytics Dashboard,Feature Request,Two-factor authentication codes are not being delivered to my phone.,Provided step-by-step troubleshooting instructions and issue resolved.,Low,Closed,Web Form,South America,27,Female,Premium,50,13,1,51.27,183.09,2023-01-14,2023-01-21,Yes,No,Android,Edge,Debit Card,German,Night,7,Corporate,susan.moore674@gmail.com,,0
146481,Charles Davis,charles.davis503@company.com,E-commerce Store,Security Concern,I found a bug in the latest update affecting report generation.,The duplicate charge was reversed and refund processed within 3-5 business days.,Low,Closed,Phone,North America,50,Female,Enterprise,39,0,2,39.87,206.91,2023-12-23,2023-12-30,No,Yes,Linux,Safari,Debit Card,French,Afternoon,5,Individual,charles.davis503@company.com,,0
140572,John Anderson,john.anderson852@gmail.com,CRM Platform,Login Issue,I am experiencing very slow performance while using the dashboard.,Payment gateway timeout issue fixed and monitoring implemented.,High,In Progress,Phone,Australia,22,Other,Enterprise,30,14,4,11.21,194.63,2022-06-27,2022-07-02,Yes,Yes,Windows,Safari,Debit Card,Japanese,Afternoon,2,Individual,john.anderson852@gmail.com,,0
194986,Susan Lopez,susan.lopez652@outlook.com,Billing System,Account Suspension,There seems to be a discrepancy in my billing statement for this month.,The issue was escalated to engineering and resolved in the latest patch.,High,Resolved,Chat,Africa,21,Female,Enterprise,51,7,3,43.87,128.24,2023-07-06,2023-07-08,Yes,Yes,MacOS,Safari,PayPal,Japanese,Morning,7,Small Business,susan.lopez652@outlook.com,,0
182271,Joseph Taylor,joseph.taylor723@yahoo.com,API Service,Login Issue,I am unable to access my account after entering the correct credentials.,The issue was escalated to engineering and resolved in the latest patch.,High,Pending Customer,Phone,Europe,67,Female,Basic,15,1,3,41.1,51.72,2023-04-01,2023-04-05,Yes,Yes,Linux,Chrome,Debit Card,French,Evening,1,Corporate,joseph.taylor723@yahoo.com,,0
58308,Susan Davis,susan.davis455@outlook.com,Subscription Service,Data Sync Issue,There seems to be a discrepancy in my billing statement for this month.,Security settings updated and customer notified of precautionary measures.,Urgent,Open,Phone,North America,49,Male,Premium,60,1,1,64.5,150.34,2022-05-23,2022-05-27,Yes,Yes,iOS,Chrome,Bank Transfer,German,Afternoon,9,Corporate,susan.davis455@outlook.com,,0
72441,David Rodriguez,david.rodriguez17@company.com,Web Portal,Payment Problem,The payment was deducted from my bank account but the transaction shows failed.,Security settings updated and customer notified of precautionary measures.,Urgent,Pending Customer,Phone,Asia,49,Female,Free,34,19,4,7.12,7.94,2023-05-02,2023-05-10,Yes,No,Android,Firefox,Crypto,German,Night,7,Individual,david.rodriguez17@company.com,,0
3240,Elizabeth Garcia,elizabeth.garcia729@outlook.com,Payment Gateway,Data Sync Issue,I would like to request a refund for the recent charge.,Payment gateway timeout issue fixed and monitoring implemented.,Urgent,In Progress,Phone,Africa,67,Female,Enterprise,10,4,5,66.09,120.44,2024-08-28,2024-09-10,Yes,No,Linux,Unknown,Credit Card,Chinese,Afternoon,5,Small Business,elizabeth.garcia729@outlook.com,,0
192389,James Martin,james.martin293@gmail.com,Mobile App,Data Sync Issue,The application crashes whenever I try to upload a file.,Provided step-by-step troubleshooting instructions and issue resolved.,Medium,In Progress,Chat,Australia,53,Other,Enterprise,9,19,4,71.68,177.58,2022-07-04,2022-07-10,Yes,Yes,iOS,Chrome,Debit Card,Chinese,Afternoon,10,Small Business,james.martin293@gmail.com,,0
139502,Thomas Jones,thomas.jones280@gmail.com,Analytics Dashboard,Data Sync Issue,I am unable to access my account after entering the correct credentials.,Explained billing breakdown and clarified applicable charges.,Urgent,In Progress,Social Media,North America,39,Male,Basic,49,15,1,22.76,77.44,2024-04-25,2024-05-05,No,Yes,Android,Chrome,Debit Card,Spanish,Morning,1,Small Business,thomas.jones280@gmail.com,,0
54295,Jennifer Jones,jennifer.jones945@yahoo.com,Analytics Dashboard,Account Suspension,I found a bug in the latest update affecting report generation.,Security settings updated and customer notified of precautionary measures.,High,Resolved,Web Form,Africa,68,Female,Basic,52,7,4,58.91,114.53,2024-09-02,2024-09-10,Yes,No,MacOS,Firefox,Credit Card,Japanese,Evening,2,Corporate,jennifer.jones945@yahoo.com,,0
134955,Michael Smith,michael.smith724@outlook.com,Web Portal,Feature Request,The application crashes whenever I try to upload a file.,Security settings updated and customer notified of precautionary measures.,Low,Closed,Email,Africa,54,Male,Basic,37,2,3,28.89,146.98,2023-10-29,2023-11-08,No,No,Windows,Edge,Bank Transfer,Spanish,Morning,8,Corporate,michael.smith724@outlook.com,,0
111065,Michael Hernandez,michael.hernandez781@company.com,CRM Platform,Performance Issue,I found a bug in the latest update affecting report generation.,The duplicate charge was reversed and refund processed within 3-5 business days.,High,In Progress,Web Form,Europe,54,Female,Basic,58,11,1,17.11,27.94,2024-04-10,2024-04-10,No,No,Windows,Safari,PayPal,German,Night,4,Individual,michael.hernandez781@company.com,,0
100893,William Brown,william.brown709@outlook.com,Billing System,Security Concern,Two-factor authentication codes are not being delivered to my phone.,The duplicate charge was reversed and refund processed within 3-5 business days.,Low,Pending Customer,Email,Europe,53,Other,Premium,38,10,1,42.34,108.83,2023-12-01,2023-12-08,Yes,No,iOS,Chrome,PayPal,Chinese,Morning,10,Corporate,william.brown709@outlook.com,,0
194498,Patricia Williams,patricia.williams777@hotmail.com,CRM Platform,Payment Problem,My subscription was cancelled without my request and I need clarification.,We have reset the account credentials and advised the customer to retry login.,Medium,Resolved,Chat,Australia,63,Female,Enterprise,9,18,5,11.78,31.35,2023-05-04,2023-05-04,No,Yes,Android,Unknown,Crypto,Japanese,Morning,8,Corporate,patricia.williams777@hotmail.com,,0
18353,Linda Gonzalez,linda.gonzalez36@company.com,Analytics Dashboard,Performance Issue,The system is not syncing data across devices properly.,Payment gateway timeout issue fixed and monitoring implemented.,Low,In Progress,Chat,South America,50,Male,Enterprise,30,4,3,70.16,233.12,2022-11-25,2022-11-29,Yes,Yes,Linux,Safari,PayPal,Spanish,Night,3,Individual,linda.gonzalez36@company.com,,0
30280,William Anderson,william.anderson455@company.com,Web Portal,Feature Request,My subscription was cancelled without my request and I need clarification.,Payment gateway timeout issue fixed and monitoring implemented.,High,Open,Chat,Africa,62,Female,Premium,50,15,4,33.42,31.59,2023-08-31,2023-09-07,Yes,No,Android,Edge,PayPal,German,Evening,8,Corporate,william.anderson455@company.com,,0
121101,Richard Gonzalez,richard.gonzalez721@hotmail.com,Mobile App,Performance Issue,I found a bug in the latest update affecting report generation.,The issue was escalated to engineering and resolved in the latest patch.,Urgent,Resolved,Chat,Africa,74,Female,Free,7,14,4,32.51,234.53,2023-09-06,2023-09-19,Yes,Yes,Android,Safari,Debit Card,Japanese,Night,3,Corporate,richard.gonzalez721@hotmail.com,,0
35502,David Martinez,david.martinez172@icloud.com,Analytics Dashboard,Performance Issue,There seems to be a discrepancy in my billing statement for this month.,Data synchronization restored after backend service restart.,Low,Closed,Web Form,South America,23,Male,Enterprise,11,2,2,71.79,202.68,2024-07-07,2024-07-09,No,No,MacOS,Edge,PayPal,French,Evening,6,Individual,david.martinez172@icloud.com,,0
159577,Mary Miller,mary.miller495@icloud.com,Mobile App,Bug Report,The system is not syncing data across devices properly.,We have reset the account credentials and advised the customer to retry login.,Urgent,Open,Web Form,Europe,33,Other,Premium,1,18,5,54.69,190.41,2024-01-19,2024-01-27,Yes,No,Android,Unknown,Bank Transfer,Japanese,Afternoon,10,Small Business,mary.miller495@icloud.com,,0
125983,Joseph Taylor,joseph.taylor158@gmail.com,Web Portal,Feature Request,My subscription was cancelled without my request and I need clarification.,Data synchronization restored after backend service restart.,Urgent,Open,Email,Europe,41,Male,Basic,39,7,1,57.28,6.43,2022-10-16,2022-10-21,No,No,Windows,Unknown,Debit Card,Japanese,Afternoon,6,Small Business,joseph.taylor158@gmail.com,,0
139529,Susan Williams,susan.williams986@yahoo.com,Payment Gateway,Account Suspension,The payment was deducted from my bank account but the transaction shows failed.,Security settings updated and customer notified of precautionary measures.,Low,Resolved,Web Form,Australia,73,Other,Enterprise,36,18,2,22.82,179.63,2022-04-30,2022-05-01,Yes,Yes,Linux,Edge,PayPal,Chinese,Afternoon,2,Individual,susan.williams986@yahoo.com,,0
140617,Sarah Martinez,sarah.martinez459@gmail.com,E-commerce Store,Performance Issue,I am experiencing very slow performance while using the dashboard.,Explained billing breakdown and clarified applicable charges.,Medium,Closed,Social Media,South America,28,Female,Free,19,13,3,9.21,20.48,2022-11-23,2022-11-30,No,Yes,Android,Unknown,Crypto,English,Evening,6,Individual,sarah.martinez459@gmail.com,,0
175958,Joseph Davis,joseph.davis684@yahoo.com,Mobile App,Payment Problem,There seems to be a discrepancy in my billing statement for this month.,The issue was escalated to engineering and resolved in the latest patch.,High,In Progress,Phone,Africa,25,Other,Enterprise,22,15,1,71.25,132.73,2024-08-20,2024-08-25,No,Yes,MacOS,Safari,Credit Card,English,Evening,4,Corporate,joseph.davis684@yahoo.com,,0
166948,Linda Johnson,linda.johnson674@outlook.com,E-commerce Store,Feature Request,The payment was deducted from my bank account but the transaction shows failed.,Payment gateway timeout issue fixed and monitoring implemented.,High,In Progress,Social Media,Australia,73,Other,Enterprise,4,6,5,22.66,156.48,2022-05-26,2022-06-04,Yes,Yes,iOS,Safari,Debit Card,French,Morning,10,Individual,linda.johnson674@outlook.com,,0
195397,Jennifer Jackson,jennifer.jackson398@icloud.com,CRM Platform,Refund Request,My subscription was cancelled without my request and I need clarification.,The duplicate charge was reversed and refund processed within 3-5 business days.,High,In Progress,Email,Europe,43,Other,Free,31,13,3,11.83,184.44,2022-07-01,2022-07-10,Yes,No,Linux,Edge,Credit Card,English,Evening,6,Corporate,jennifer.jackson398@icloud.com,,0
146612,John Martin,john.martin133@company.com,Web Portal,Data Sync Issue,Two-factor authentication codes are not being delivered to my phone.,Provided step-by-step troubleshooting instructions and issue resolved.,High,Resolved,Web Form,North America,48,Female,Enterprise,44,15,1,55.87,100.76,2022-01-08,2022-01-09,Yes,Yes,iOS,Edge,Credit Card,Japanese,Morning,7,Corporate,john.martin133@company.com,,0
97008,Karen Davis,karen.davis39@outlook.com,Web Portal,Refund Request,The system is not syncing data across devices properly.,The issue was escalated to engineering and resolved in the latest patch.,Medium,Open,Email,North America,54,Female,Free,19,11,5,12.21,231.01,2024-11-08,2024-11-08,No,No,MacOS,Chrome,Debit Card,English,Evening,8,Individual,karen.davis39@outlook.com,,0
4879,Elizabeth Taylor,elizabeth.taylor459@icloud.com,Analytics Dashboard,Refund Request,The application crashes whenever I try to upload a file.,Explained billing breakdown and clarified applicable charges.,Urgent,Closed,Email,Africa,49,Other,Free,47,19,5,22.28,72.8,2022-10-22,2022-11-04,Yes,No,Windows,Edge,Debit Card,English,Morning,7,Individual,elizabeth.taylor459@icloud.com,,0
95843,Jessica Rodriguez,jessica.rodriguez525@icloud.com,CRM Platform,Performance Issue,I am unable to access my account after entering the correct credentials.,Payment gateway timeout issue fixed and monitoring implemented.,High,Open,Web Form,Europe,48,Female,Free,51,3,2,34.6,98.81,2024-10-13,2024-10-23,Yes,Yes,Linux,Edge,Crypto,Japanese,Evening,9,Corporate,jessica.rodriguez525@icloud.com,,0
4535,James Williams,james.williams219@outlook.com,Web Portal,Subscription Cancellation,My subscription was cancelled without my request and I need clarification.,The issue was escalated to engineering and resolved in the latest patch.,Medium,In Progress,Web Form,North America,24,Male,Basic,33,8,4,68.03,220.45,2022-12-20,2022-12-28,Yes,Yes,MacOS,Edge,PayPal,German,Afternoon,3,Small Business,james.williams219@outlook.com,,0
119948,Jessica Moore,jessica.moore106@hotmail.com,Mobile App,Feature Request,The application crashes whenever I try to upload a file.,The issue was escalated to engineering and resolved in the latest patch.,Urgent,Open,Social Media,Africa,23,Other,Free,34,12,4,62.04,192.54,2024-07-23,2024-07-25,No,Yes,Windows,Unknown,PayPal,French,Night,7,Individual,jessica.moore106@hotmail.com,2022-06-03,0
178286,William Rodriguez,william.rodriguez700@yahoo.com,Payment Gateway,Bug Report,I would like to request a refund for the recent charge.,Bug logged internally and workaround shared with the customer.,Urgent,In Progress,Email,Africa,58,Other,Free,38,2,2,39.96,56.96,2024-12-04,2024-12-09,Yes,Yes,MacOS,Chrome,PayPal,Japanese,Morning,7,Small Business,william.rodriguez700@yahoo.com,,0
186378,John Brown,john.brown678@icloud.com,Web Portal,Bug Report,I am experiencing very slow performance while using the dashboard.,The duplicate charge was reversed and refund processed within 3-5 business days.,High,In Progress,Chat,North America,29,Other,Enterprise,23,0,2,35.74,124.38,2022-07-18,2022-07-26,Yes,No,iOS,Safari,Debit Card,Spanish,Night,5,Small Business,john.brown678@icloud.com,,0
163692,Jennifer Rodriguez,jennifer.rodriguez831@hotmail.com,Subscription Service,Login Issue,I am experiencing very slow performance while using the dashboard.,Explained billing breakdown and clarified applicable charges.,Medium,Pending Customer,Chat,Europe,62,Other,Enterprise,53,4,3,41.14,22.01,2022-08-03,2022-08-13,Yes,Yes,Windows,Firefox,PayPal,French,Morning,10,Small Business,jennifer.rodriguez831@hotmail.com,,0
41001,Karen Miller,karen.miller193@hotmail.com,Payment Gateway,Account Suspension,The system is not syncing data across devices properly.,The issue was escalated to engineering and resolved in the latest patch.,Medium,Resolved,Web Form,Europe,45,Female,Enterprise,40,16,4,44.81,181.27,2022-12-12,2022-12-20,No,No,MacOS,Firefox,PayPal,English,Evening,5,Corporate,karen.miller193@hotmail.com,,0
26224,Barbara Anderson,barbara.anderson36@yahoo.com,Analytics Dashboard,Security Concern,I am experiencing very slow performance while using the dashboard.,The issue was escalated to engineering and resolved in the latest patch.,Medium,Resolved,Chat,Africa,58,Male,Premium,60,14,5,20.57,226.79,2023-08-14,2023-08-25,Yes,Yes,iOS,Unknown,Credit Card,English,Morning,5,Individual,barbara.anderson36@yahoo.com,,0
43668,John Brown,john.brown394@outlook.com,CRM Platform,Account Suspension,I would like to request a refund for the recent charge.,Explained billing breakdown and clarified applicable charges.,Low,Pending Customer,Web Form,North America,23,Other,Premium,57,10,2,44.61,131.43,2022-02-17,2022-02-19,No,No,iOS,Edge,Credit Card,Japanese,Evening,10,Individual,john.brown394@outlook.com,,0
105717,Sarah Wilson,sarah.wilson205@icloud.com,E-commerce Store,Subscription Cancellation,My subscription was cancelled without my request and I need clarification.,The issue was escalated to engineering and resolved in the latest patch.,Urgent,Resolved,Phone,Asia,75,Female,Free,58,13,2,27.85,38.66,2022-01-09,2022-01-14,Yes,No,Windows,Safari,Crypto,Spanish,Evening,5,Small Business,sarah.wilson205@icloud.com,,0
41451,Michael Thomas,michael.thomas121@gmail.com,Mobile App,Security Concern,The payment was deducted from my bank account but the transaction shows failed.,Provided step-by-step troubleshooting instructions and issue resolved.,Low,Resolved,Email,North America,21,Other,Free,56,16,1,41.4,167.86,2023-12-12,2023-12-19,Yes,Yes,Linux,Chrome,Bank Transfer,English,Night,2,Individual,michael.thomas121@gmail.com,,0
145329,Karen Davis,karen.davis741@icloud.com,API Service,Login Issue,I found a bug in the latest update affecting report generation.,The duplicate charge was reversed and refund processed within 3-5 business days.,Urgent,Closed,Social Media,Australia,25,Male,Enterprise,18,12,5,10.3,195.54,2022-08-26,2022-09-01,No,Yes,MacOS,Edge,Debit Card,Spanish,Morning,8,Small Business,karen.davis741@icloud.com,,0
27484,David Martin,david.martin976@hotmail.com,Subscription Service,Login Issue,The system is not syncing data across devices properly.,Security settings updated and customer notified of precautionary measures.,High,Resolved,Phone,North America,64,Female,Free,23,14,1,11.77,226.95,2024-02-14,2024-02-28,Yes,Yes,iOS,Unknown,Crypto,Japanese,Night,2,Small Business,david.martin976@hotmail.com,,0
2113,William Anderson,william.anderson808@company.com,E-commerce Store,Feature Request,The system is not syncing data across devices properly.,Security settings updated and customer notified of precautionary measures.,High,Pending Customer,Phone,North America,62,Female,Basic,8,20,3,33.64,149.33,2023-09-11,2023-09-19,Yes,No,MacOS,Edge,Credit Card,German,Morning,4,Individual,william.anderson808@company.com,,0
75555,Susan Moore,susan.moore108@icloud.com,Mobile App,Login Issue,I am experiencing very slow performance while using the dashboard.,Subscription status corrected and confirmation email sent to customer.,High,Closed,Social Media,South America,20,Female,Enterprise,45,13,3,39.46,228.75,2023-02-10,2023-02-15,Yes,Yes,Windows,Safari,Bank Transfer,English,Evening,5,Corporate,susan.moore108@icloud.com,,0
159008,John Smith,john.smith341@outlook.com,Web Portal,Payment Problem,I am unable to access my account after entering the correct credentials.,Provided step-by-step troubleshooting instructions and issue resolved.,High,Open,Email,North America,49,Female,Enterprise,9,8,2,70.73,147.58,2022-04-17,2022-04-25,No,Yes,Linux,Edge,Credit Card,German,Evening,9,Corporate,john.smith341@outlook.com,,0
130184,David Taylor,david.taylor993@outlook.com,Payment Gateway,Bug Report,I am experiencing very slow performance while using the dashboard.,Provided step-by-step troubleshooting instructions and issue resolved.,Medium,Pending Customer,Web Form,North America,68,Other,Basic,49,18,5,64.16,34.51,2024-07-09,2024-07-13,No,Yes,Windows,Safari,Crypto,English,Afternoon,7,Small Business,david.taylor993@outlook.com,,0
98295,Thomas Jackson,thomas.jackson24@icloud.com,Web Portal,Login Issue,Two-factor authentication codes are not being delivered to my phone.,We have reset the account credentials and advised the customer to retry login.,Urgent,Pending Customer,Social Media,North America,28,Female,Enterprise,21,12,1,51.52,215.48,2023-05-30,2023-06-12,No,No,Windows,Firefox,Debit Card,Chinese,Evening,4,Small Business,thomas.jackson24@icloud.com,,0
169746,Michael Gonzalez,michael.gonzalez198@gmail.com,E-commerce Store,Security Concern,I found a bug in the latest update affecting report generation.,We have reset the account credentials and advised the customer to retry login.,Medium,Closed,Web Form,Europe,31,Male,Enterprise,50,7,1,28.22,184.7,2023-03-27,2023-04-09,No,Yes,Android,Firefox,Credit Card,English,Night,2,Individual,michael.gonzalez198@gmail.com,,0
71628,Susan Rodriguez,susan.rodriguez203@outlook.com,Payment Gateway,Security Concern,The payment was deducted from my bank account but the transaction shows failed.,Payment gateway timeout issue fixed and monitoring implemented.,Urgent,In Progress,Chat,Asia,64,Other,Basic,18,5,3,29.97,125.32,2023-07-24,2023-07-31,Yes,No,iOS,Safari,Credit Card,German,Night,1,Individual,susan.rodriguez203@outlook.com,,0
3921,William Jones,william.jones661@hotmail.com,Billing System,Performance Issue,Two-factor authentication codes are not being delivered to my phone.,We have reset the account credentials and advised the customer to retry login.,Low,Closed,Social Media,Asia,34,Male,Free,26,18,2,46.08,87.46,2022-07-29,2022-08-06,No,Yes,Linux,Chrome,Crypto,Spanish,Morning,6,Corporate,william.jones661@hotmail.com,,0
120675,Karen Lopez,karen.lopez873@company.com,Web Portal,Security Concern,Two-factor authentication codes are not being delivered to my phone.,The duplicate charge was reversed and refund processed within 3-5 business days.,High,Pending Customer,Phone,North America,57,Female,Basic,6,6,5,9.13,125.44,2024-07-12,2024-07-20,No,Yes,Linux,Chrome,Crypto,English,Afternoon,8,Small Business,karen.lopez873@company.com,,0
139666,Sarah Taylor,sarah.taylor991@company.com,Analytics Dashboard,Payment Problem,The application crashes whenever I try to upload a file.,Security settings updated and customer notified of precautionary measures.,Low,Resolved,Email,Australia,19,Other,Premium,35,2,4,44.88,192.32,2023-06-22,2023-07-01,No,No,iOS,Safari,Debit Card,French,Evening,5,Small Business,sarah.taylor991@company.com,,0
18236,Richard Miller,richard.miller911@company.com,Subscription Service,Performance Issue,I am unable to access my account after entering the correct credentials.,Explained billing breakdown and clarified applicable charges.,High,Closed,Email,North America,61,Other,Premium,59,10,4,55.11,213.89,2024-05-05,2024-05-06,No,No,MacOS,Chrome,Crypto,Spanish,Morning,5,Corporate,richard.miller911@company.com,,0
4163,Susan Lopez,susan.lopez716@hotmail.com,E-commerce Store,Refund Request,The application crashes whenever I try to upload a file.,We have reset the account credentials and advised the customer to retry login.,Medium,Resolved,Web Form,South America,72,Other,Basic,36,6,5,39.2,37.65,2023-01-05,2023-01-08,No,No,MacOS,Firefox,Credit Card,Japanese,Morning,7,Small Business,susan.lopez716@hotmail.com,,0
115509,Linda Brown,linda.brown845@icloud.com,Mobile App,Payment Problem,I am unable to access my account after entering the correct credentials.,Subscription status corrected and confirmation email sent to customer.,Urgent,Resolved,Social Media,North America,73,Male,Free,6,7,2,8.55,226.62,2023-09-27,2023-09-27,No,No,Linux,Firefox,Credit Card,Chinese,Evening,4,Small Business,linda.brown845@icloud.com,,0
84932,Mary Taylor,mary.taylor834@outlook.com,Web Portal,Feature Request,I am experiencing very slow performance while using the dashboard.,We have reset the account credentials and advised the customer to retry login.,Urgent,Open,Email,Africa,62,Other,Premium,38,3,2,28.35,114.61,2024-07-04,2024-07-11,No,No,Linux,Firefox,Credit Card,Spanish,Afternoon,6,Small Business,mary.taylor834@outlook.com,,0
262,Patricia Moore,patricia.moore888@yahoo.com,Analytics Dashboard,Login Issue,Two-factor authentication codes are not being delivered to my phone.,Provided step-by-step troubleshooting instructions and issue resolved.,Low,In Progress,Phone,Europe,73,Male,Enterprise,41,10,4,56.94,66.49,2024-06-25,2024-07-01,Yes,No,iOS,Edge,PayPal,Japanese,Night,2,Individual,patricia.moore888@yahoo.com,,0
132618,Elizabeth Smith,elizabeth.smith148@yahoo.com,Cloud Storage,Account Suspension,I found a bug in the latest update affecting report generation.,Provided step-by-step troubleshooting instructions and issue resolved.,Medium,Open,Chat,Europe,30,Other,Premium,13,6,3,22.02,125.92,2024-06-14,2024-06-19,Yes,No,MacOS,Safari,Credit Card,English,Night,7,Corporate,elizabeth.smith148@yahoo.com,,0
33993,Linda Smith,linda.smith612@gmail.com,API Service,Security Concern,The system is not syncing data across devices properly.,Bug logged internally and workaround shared with the customer.,Urgent,In Progress,Social Media,Asia,51,Other,Free,5,16,4,56.28,72.51,2024-06-05,2024-06-11,Yes,No,MacOS,Unknown,PayPal,German,Afternoon,9,Small Business,linda.smith612@gmail.com,,0
180146,David Wilson,david.wilson94@hotmail.com,Payment Gateway,Security Concern,I found a bug in the latest update affecting report generation.,Data synchronization restored after backend service restart.,Medium,Resolved,Web Form,Europe,36,Other,Premium,7,5,1,20.76,26.99,2023-01-12,2023-01-14,No,Yes,Android,Edge,PayPal,Japanese,Night,8,Small Business,david.wilson94@hotmail.com,,0
124191,Thomas Lopez,thomas.lopez160@outlook.com,API Service,Data Sync Issue,Two-factor authentication codes are not being delivered to my phone.,Explained billing breakdown and clarified applicable charges.,Medium,Closed,Web Form,Australia,58,Female,Free,44,7,5,70.1,88.79,2023-07-26,2023-08-04,Yes,Yes,MacOS,Edge,Bank Transfer,German,Afternoon,3,Corporate,thomas.lopez160@outlook.com,,0
128299,Joseph Thomas,joseph.thomas478@company.com,Mobile App,Account Suspension,I am unable to access my account after entering the correct credentials.,The duplicate charge was reversed and refund processed within 3-5 business days.,Medium,Closed,Email,Africa,36,Male,Basic,22,11,4,65.46,110.17,2024-11-03,2024-11-05,Yes,Yes,Android,Chrome,Bank Transfer,Spanish,Evening,3,Corporate,joseph.thomas478@company.com,,0
28650,Susan Johnson,susan.johnson622@hotmail.com,CRM Platform,Data Sync Issue,My subscription was cancelled without my request and I need clarification.,Provided step-by-step troubleshooting instructions and issue resolved.,Low,Open,Chat,Asia,29,Other,Free,9,20,1,5.45,102.82,2022-06-09,2022-06-20,No,Yes,iOS,Safari,Crypto,German,Night,10,Individual,susan.johnson622@hotmail.com,,0
111566,Robert Williams,robert.williams805@yahoo.com,Subscription Service,Subscription Cancellation,I am experiencing very slow performance while using the dashboard.,Bug logged internally and workaround shared with the customer.,Medium,Open,Social Media,Africa,40,Male,Premium,13,1,5,38.76,44.25,2023-05-22,2023-05-23,No,Yes,MacOS,Chrome,PayPal,Chinese,Morning,4,Corporate,robert.williams805@yahoo.com,,0
43024,Charles Garcia,charles.garcia623@hotmail.com,API Service,Data Sync Issue,There seems to be a discrepancy in my billing statement for this month.,Subscription status corrected and confirmation email sent to customer.,Low,Closed,Social Media,Europe,55,Other,Enterprise,18,10,1,37.42,157.53,2022-03-14,2022-03-26,Yes,Yes,Linux,Chrome,Debit Card,Chinese,Morning,1,Individual,charles.garcia623@hotmail.com,,0
98261,William Jones,william.jones46@hotmail.com,Cloud Storage,Refund Request,My subscription was cancelled without my request and I need clarification.,Provided step-by-step troubleshooting instructions and issue resolved.,High,Open,Chat,Australia,25,Other,Basic,40,16,5,11.69,122.17,2024-05-11,2024-05-13,No,Yes,MacOS,Safari,Credit Card,German,Night,1,Corporate,william.jones46@hotmail.com,,0
122580,John Lopez,john.lopez82@icloud.com,CRM Platform,Account Suspension,There seems to be a discrepancy in my billing statement for this month.,Data synchronization restored after backend service restart.,High,Closed,Chat,Asia,32,Male,Basic,36,7,3,14.73,53.62,2022-01-28,2022-02-10,No,Yes,Android,Firefox,Debit Card,Chinese,Afternoon,2,Corporate,john.lopez82@icloud.com,,0
48664,Joseph Davis,joseph.davis939@gmail.com,Subscription Service,Security Concern,I would like to request a refund for the recent charge.,Data synchronization restored after backend service restart.,High,In Progress,Phone,Asia,25,Male,Premium,54,14,1,2.92,28.58,2023-04-30,2023-05-03,No,Yes,Android,Safari,Bank Transfer,German,Night,6,Individual,joseph.davis939@gmail.com,,0
42829,Joseph Brown,joseph.brown724@icloud.com,Cloud Storage,Security Concern,My subscription was cancelled without my request and I need clarification.,Payment gateway timeout issue fixed and monitoring implemented.,High,In Progress,Web Form,North America,32,Female,Enterprise,10,1,1,69.13,175.78,2022-08-26,2022-08-28,Yes,No,iOS,Unknown,Bank Transfer,Chinese,Afternoon,5,Corporate,joseph.brown724@icloud.com,,0
29978,Sarah Wilson,sarah.wilson196@hotmail.com,Analytics Dashboard,Security Concern,The system is not syncing data across devices properly.,Payment gateway timeout issue fixed and monitoring implemented.,Urgent,Resolved,Web Form,South America,54,Female,Free,50,5,1,68.13,56.98,2023-03-24,2023-03-31,Yes,No,MacOS,Firefox,Crypto,Japanese,Evening,10,Individual,sarah.wilson196@hotmail.com,,0
155691,Patricia Anderson,patricia.anderson626@outlook.com,Cloud Storage,Subscription Cancellation,I am unable to access my account after entering the correct credentials.,The issue was escalated to engineering and resolved in the latest patch.,Urgent,Resolved,Web Form,Australia,73,Other,Premium,51,20,3,34.09,32.21,2022-04-23,2022-04-26,Yes,Yes,Linux,Firefox,Bank Transfer,English,Morning,1,Small Business,patricia.anderson626@outlook.com,,0
53899,Linda Smith,linda.smith871@gmail.com,Analytics Dashboard,Login Issue,I am unable to access my account after entering the correct credentials.,Bug logged internally and workaround shared with the customer.,Low,Pending Customer,Web Form,Australia,45,Male,Enterprise,58,3,4,48.22,205.42,2024-10-08,2024-10-16,No,No,iOS,Chrome,PayPal,Chinese,Evening,10,Small Business,linda.smith871@gmail.com,,0
38637,Karen Hernandez,karen.hernandez523@icloud.com,Payment Gateway,Refund Request,My subscription was cancelled without my request and I need clarification.,Provided step-by-step troubleshooting instructions and issue resolved.,Medium,Open,Web Form,South America,32,Other,Premium,6,15,4,2.02,20.85,2023-07-27,2023-08-01,No,No,MacOS,Unknown,Debit Card,Spanish,Night,3,Small Business,karen.hernandez523@icloud.com,,0
187657,James Jackson,james.jackson709@company.com,Cloud Storage,Refund Request,Two-factor authentication codes are not being delivered to my phone.,Explained billing breakdown and clarified applicable charges.,Low,Closed,Web Form,South America,69,Female,Basic,30,15,4,30.15,4.58,2024-11-29,2024-12-13,No,No,MacOS,Chrome,PayPal,Spanish,Afternoon,1,Small Business,james.jackson709@company.com,,0
197605,Michael Smith,michael.smith834@yahoo.com,Billing System,Feature Request,The system is not syncing data across devices properly.,We have reset the account credentials and advised the customer to retry login.,High,In Progress,Chat,Europe,50,Other,Basic,53,7,3,30.0,175.82,2024-11-25,2024-12-01,Yes,Yes,Windows,Safari,Bank Transfer,Spanish,Night,2,Small Business,michael.smith834@yahoo.com,,0
79492,Mary Thomas,mary.thomas115@company.com,API Service,Account Suspension,My subscription was cancelled without my request and I need clarification.,Provided step-by-step troubleshooting instructions and issue resolved.,Low,Resolved,Web Form,Europe,20,Other,Enterprise,52,17,2,3.81,50.84,2024-04-02,2024-04-16,No,Yes,Windows,Firefox,Crypto,Spanish,Night,9,Individual,mary.thomas115@company.com,,0
188615,Mary Taylor,mary.taylor289@company.com,Billing System,Data Sync Issue,My subscription was cancelled without my request and I need clarification.,The issue was escalated to engineering and resolved in the latest patch.,Urgent,Resolved,Email,Asia,55,Other,Enterprise,31,7,3,12.44,181.88,2022-06-30,2022-07-08,Yes,No,Android,Chrome,Bank Transfer,French,Morning,2,Small Business,mary.taylor289@company.com,,0
1895,Joseph Gonzalez,joseph.gonzalez764@yahoo.com,Cloud Storage,Subscription Cancellation,Two-factor authentication codes are not being delivered to my phone.,The duplicate charge was reversed and refund processed within 3-5 business days.,High,Resolved,Social Media,North America,35,Female,Premium,11,4,3,52.27,41.8,2022-12-09,2022-12-15,Yes,No,Linux,Edge,PayPal,Spanish,Evening,5,Corporate,joseph.gonzalez764@yahoo.com,,0
100819,Patricia Davis,patricia.davis706@yahoo.com,Analytics Dashboard,Performance Issue,My subscription was cancelled without my request and I need clarification.,Explained billing breakdown and clarified applicable charges.,High,In Progress,Web Form,Africa,35,Other,Basic,46,10,4,18.19,217.17,2024-03-24,2024-03-29,No,No,Android,Unknown,Bank Transfer,English,Evening,6,Individual,patricia.davis706@yahoo.com,,0
180693,William Gonzalez,william.gonzalez63@outlook.com,Mobile App,Refund Request,Two-factor authentication codes are not being delivered to my phone.,The issue was escalated to engineering and resolved in the latest patch.,Medium,Closed,Phone,Australia,65,Male,Premium,18,12,2,31.74,188.01,2024-10-13,2024-10-22,No,No,MacOS,Unknown,Crypto,Japanese,Night,6,Small Business,william.gonzalez63@outlook.com,,0
119722,Linda Martinez,linda.martinez134@yahoo.com,Billing System,Payment Problem,The payment was deducted from my bank account but the transaction shows failed.,We have reset the account credentials and advised the customer to retry login.,Low,Open,Phone,Asia,57,Other,Free,20,12,2,71.04,102.33,2024-12-08,2024-12-17,Yes,No,iOS,Chrome,Bank Transfer,Spanish,Afternoon,6,Small Business,linda.martinez134@yahoo.com,,0
178667,Mary Martinez,mary.martinez554@gmail.com,Web Portal,Subscription Cancellation,The application crashes whenever I try to upload a file.,Security settings updated and customer notified of precautionary measures.,High,Closed,Email,Africa,19,Male,Premium,3,15,3,37.69,156.22,2022-07-26,2022-08-06,Yes,Yes,Linux,Edge,PayPal,Chinese,Morning,3,Individual,mary.martinez554@gmail.com,,0
97771,Jennifer Lopez,jennifer.lopez588@gmail.com,E-commerce Store,Feature Request,I am experiencing very slow performance while using the dashboard.,Data synchronization restored after backend service restart.,Urgent,Pending Customer,Social Media,Europe,59,Other,Enterprise,15,17,4,66.7,43.3,2023-03-17,2023-03-31,Yes,Yes,MacOS,Edge,Crypto,German,Evening,4,Individual,jennifer.lopez588@gmail.com,,0
26617,Jennifer Hernandez,jennifer.hernandez258@gmail.com,Cloud Storage,Refund Request,The payment was deducted from my bank account but the transaction shows failed.,Subscription status corrected and confirmation email sent to customer.,Medium,Resolved,Social Media,Asia,56,Female,Free,38,16,1,64.39,151.08,2022-05-17,2022-05-20,Yes,No,iOS,Unknown,Credit Card,Chinese,Evening,9,Corporate,jennifer.hernandez258@gmail.com,,0
16107,Richard Wilson,richard.wilson327@hotmail.com,Billing System,Login Issue,The payment was deducted from my bank account but the transaction shows failed.,The duplicate charge was reversed and refund processed within 3-5 business days.,High,In Progress,Chat,Europe,22,Female,Enterprise,1,12,5,71.42,27.26,2024-11-17,2024-11-21,No,No,Linux,Safari,PayPal,French,Morning,6,Individual,richard.wilson327@hotmail.com,,0
92453,Thomas Moore,thomas.moore776@gmail.com,Mobile App,Subscription Cancellation,The application crashes whenever I try to upload a file.,The duplicate charge was reversed and refund processed within 3-5 business days.,Urgent,Closed,Web Form,Europe,28,Female,Basic,33,4,3,13.89,230.79,2022-11-25,2022-11-25,No,Yes,Android,Unknown,Bank Transfer,German,Morning,8,Individual,thomas.moore776@gmail.com,,0
112696,Thomas Williams,thomas.williams809@icloud.com,Billing System,Data Sync Issue,I am experiencing very slow performance while using the dashboard.,Subscription status corrected and confirmation email sent to customer.,Medium,Pending Customer,Phone,South America,28,Other,Basic,52,9,3,67.26,77.43,2024-02-02,2024-02-09,Yes,Yes,Linux,Safari,PayPal,Spanish,Afternoon,5,Individual,thomas.williams809@icloud.com,,0
157035,Jessica Taylor,jessica.taylor341@company.com,Payment Gateway,Subscription Cancellation,The system is not syncing data across devices properly.,Provided step-by-step troubleshooting instructions and issue resolved.,Urgent,Open,Social Media,South America,30,Other,Enterprise,33,16,1,7.81,127.52,2023-07-06,2023-07-15,No,No,MacOS,Unknown,Credit Card,English,Morning,6,Small Business,jessica.taylor341@company.com,,0
191810,Mary Brown,mary.brown44@icloud.com,Payment Gateway,Bug Report,I am experiencing very slow performance while using the dashboard.,Provided step-by-step troubleshooting instructions and issue resolved.,Low,Open,Phone,North America,62,Male,Premium,13,19,2,48.26,221.32,2024-08-20,2024-09-02,Yes,Yes,Linux,Edge,Credit Card,German,Morning,5,Individual,mary.brown44@icloud.com,,0
106272,Jessica Thomas,jessica.thomas10@hotmail.com,CRM Platform,Feature Request,The application crashes whenever I try to upload a file.,We have reset the account credentials and advised the customer to retry login.,High,Pending Customer,Chat,North America,24,Male,Premium,3,3,2,40.12,1.86,2022-04-15,2022-04-24,Yes,Yes,Windows,Safari,Crypto,English,Night,10,Individual,jessica.thomas10@hotmail.com,,0
40901,Barbara Lopez,barbara.lopez365@gmail.com,Subscription Service,Login Issue,The application crashes whenever I try to upload a file.,Payment gateway timeout issue fixed and monitoring implemented.,Urgent,Open,Web Form,Africa,35,Male,Enterprise,22,5,2,36.48,212.44,2022-10-30,2022-11-05,Yes,No,Linux,Firefox,PayPal,German,Evening,2,Individual,barbara.lopez365@gmail.com,,0
53253,Elizabeth Jones,elizabeth.jones596@icloud.com,Cloud Storage,Account Suspension,There seems to be a discrepancy in my billing statement for this month.,Payment gateway timeout issue fixed and monitoring implemented.,High,Resolved,Web Form,Europe,29,Female,Basic,44,13,5,44.56,116.06,2024-06-12,2024-06-20,No,Yes,Linux,Chrome,PayPal,Japanese,Evening,9,Individual,elizabeth.jones596@icloud.com,,0
76990,William Miller,william.miller993@outlook.com,API Service,Bug Report,The application crashes whenever I try to upload a file.,Explained billing breakdown and clarified applicable charges.,Urgent,In Progress,Chat,South America,22,Male,Premium,38,12,1,61.42,107.59,2022-09-28,2022-10-06,Yes,Yes,Linux,Safari,PayPal,Japanese,Evening,8,Small Business,william.miller993@outlook.com,,0
183006,Sarah Williams,sarah.williams487@hotmail.com,CRM Platform,Payment Problem,The application crashes whenever I try to upload a file.,The issue was escalated to engineering and resolved in the latest patch.,Low,Closed,Email,South America,67,Female,Free,39,15,4,6.94,52.49,2023-07-29,2023-08-06,No,No,MacOS,Safari,PayPal,English,Morning,9,Corporate,sarah.williams487@hotmail.com,,0
151150,Karen Jackson,karen.jackson749@yahoo.com,Analytics Dashboard,Bug Report,Two-factor authentication codes are not being delivered to my phone.,Explained billing breakdown and clarified applicable charges.,Medium,In Progress,Email,Australia,59,Female,Free,26,13,5,52.2,10.29,2023-04-17,2023-04-27,No,No,iOS,Safari,Bank Transfer,English,Night,2,Small Business,karen.jackson749@yahoo.com,,0
175528,William Brown,william.brown667@icloud.com,Web Portal,Data Sync Issue,I am unable to access my account after entering the correct credentials.,Data synchronization restored after backend service restart.,Medium,Resolved,Email,Australia,22,Female,Free,41,20,5,12.0,17.15,2022-04-10,2022-04-24,Yes,Yes,iOS,Safari,Debit Card,Spanish,Afternoon,1,Corporate,william.brown667@icloud.com,,0
9024,John Smith,john.smith454@hotmail.com,Subscription Service,Performance Issue,The system is not syncing data across devices properly.,Security settings updated and customer notified of precautionary measures.,High,In Progress,Phone,Africa,69,Female,Basic,50,11,5,68.81,231.89,2024-10-12,2024-10-20,No,No,Android,Firefox,PayPal,Spanish,Afternoon,1,Individual,john.smith454@hotmail.com,2024-03-29,0
103497,Elizabeth Brown,elizabeth.brown237@hotmail.com,Payment Gateway,Bug Report,I am experiencing very slow performance while using the dashboard.,Provided step-by-step troubleshooting instructions and issue resolved.,Medium,Closed,Email,Europe,36,Male,Basic,47,6,5,44.07,29.98,2023-07-29,2023-08-01,No,Yes,Android,Safari,PayPal,Japanese,Night,10,Corporate,elizabeth.brown237@hotmail.com,,0
117614,David Garcia,david.garcia293@outlook.com,Subscription Service,Bug Report,The payment was deducted from my bank account but the transaction shows failed.,Provided step-by-step troubleshooting instructions and issue resolved.,High,In Progress,Phone,South America,46,Male,Enterprise,25,9,2,64.6,174.29,2023-06-24,2023-06-29,No,No,Linux,Safari,Debit Card,Spanish,Morning,4,Corporate,david.garcia293@outlook.com,,0
86091,Jessica Anderson,jessica.anderson917@company.com,CRM Platform,Account Suspension,I would like to request a refund for the recent charge.,Security settings updated and customer notified of precautionary measures.,Urgent,In Progress,Chat,Europe,25,Other,Premium,22,9,4,6.08,239.85,2023-04-14,2023-04-22,No,Yes,MacOS,Safari,Credit Card,English,Morning,3,Small Business,jessica.anderson917@company.com,,0
192650,Barbara Smith,barbara.smith768@icloud.com,Subscription Service,Performance Issue,The application crashes whenever I try to upload a file.,We have reset the account credentials and advised the customer to retry login.,Urgent,Open,Email,Europe,69,Male,Premium,50,4,3,20.39,6.49,2023-11-08,2023-11-21,No,Yes,Linux,Chrome,PayPal,German,Night,1,Individual,barbara.smith768@icloud.com,,0
99559,Thomas Garcia,thomas.garcia833@icloud.com,Analytics Dashboard,Security Concern,My subscription was cancelled without my request and I need clarification.,The issue was escalated to engineering and resolved in the latest patch.,Medium,Closed,Social Media,South America,69,Male,Basic,6,7,4,1.24,64.83,2022-06-01,2022-06-07,No,Yes,iOS,Edge,PayPal,Japanese,Evening,9,Corporate,thomas.garcia833@icloud.com,,0
46205,Sarah Moore,sarah.moore251@yahoo.com,Billing System,Data Sync Issue,The payment was deducted from my bank account but the transaction shows failed.,Payment gateway timeout issue fixed and monitoring implemented.,High,Resolved,Phone,Asia,63,Male,Enterprise,37,0,2,30.47,137.05,2023-12-16,2023-12-29,No,Yes,iOS,Chrome,Debit Card,French,Evening,1,Individual,sarah.moore251@yahoo.com,,0
145756,David Thomas,david.thomas595@outlook.com,Mobile App,Login Issue,The system is not syncing data across devices properly.,The duplicate charge was reversed and refund processed within 3-5 business days.,Medium,Open,Chat,Australia,42,Male,Premium,24,9,3,20.9,146.32,2022-08-14,2022-08-20,No,No,Android,Unknown,Debit Card,Spanish,Morning,9,Small Business,david.thomas595@outlook.com,,0
72057,John Martin,john.martin525@company.com,Cloud Storage,Subscription Cancellation,I found a bug in the latest update affecting report generation.,Data synchronization restored after backend service restart.,Urgent,Pending Customer,Phone,Asia,18,Male,Enterprise,5,1,4,68.97,16.29,2023-08-09,2023-08-15,No,Yes,Android,Chrome,PayPal,Chinese,Night,10,Corporate,john.martin525@company.com,,0
176981,Barbara Brown,barbara.brown976@hotmail.com,Payment Gateway,Bug Report,I am unable to access my account after entering the correct credentials.,Security settings updated and customer notified of precautionary measures.,Low,In Progress,Web Form,Australia,28,Female,Enterprise,8,1,3,50.15,212.94,2024-11-27,2024-11-30,No,No,Android,Unknown,PayPal,German,Afternoon,8,Small Business,barbara.brown976@hotmail.com,2022-06-17,0
103218,Thomas Davis,thomas.davis887@icloud.com,Subscription Service,Security Concern,I am experiencing very slow performance while using the dashboard.,The issue was escalated to engineering and resolved in the latest patch.,Low,Pending Customer,Email,Asia,43,Female,Free,37,2,5,6.38,60.43,2023-08-01,2023-08-07,No,No,Windows,Chrome,Bank Transfer,Japanese,Night,5,Individual,thomas.davis887@icloud.com,,0
12625,Elizabeth Davis,elizabeth.davis47@hotmail.com,CRM Platform,Bug Report,I would like to request a refund for the recent charge.,Payment gateway timeout issue fixed and monitoring implemented.,High,Resolved,Email,Australia,33,Female,Enterprise,17,17,2,60.68,164.21,2024-06-04,2024-06-11,Yes,Yes,MacOS,Edge,Debit Card,French,Night,4,Corporate,elizabeth.davis47@hotmail.com,,0
18004,James Johnson,james.johnson365@outlook.com,Web Portal,Feature Request,I am experiencing very slow performance while using the dashboard.,Data synchronization restored after backend service restart.,Medium,In Progress,Social Media,Europe,73,Male,Free,31,11,3,11.78,9.43,2022-11-27,2022-12-06,Yes,Yes,Linux,Safari,Credit Card,German,Evening,1,Individual,james.johnson365@outlook.com,,0
62813,Sarah Garcia,sarah.garcia768@company.com,Subscription Service,Performance Issue,I am unable to access my account after entering the correct credentials.,We have reset the account credentials and advised the customer to retry login.,Urgent,Resolved,Social Media,Europe,51,Male,Enterprise,12,4,1,5.95,51.59,2023-01-08,2023-01-12,Yes,Yes,MacOS,Edge,Credit Card,French,Afternoon,3,Small Business,sarah.garcia768@company.com,,0
112285,Mary Brown,mary.brown11@outlook.com,E-commerce Store,Payment Problem,I am unable to access my account after entering the correct credentials.,The duplicate charge was reversed and refund processed within 3-5 business days.,Urgent,Pending Customer,Phone,Africa,70,Other,Enterprise,49,15,4,48.94,21.52,2023-01-05,2023-01-07,Yes,No,Android,Edge,PayPal,Spanish,Evening,8,Corporate,mary.brown11@outlook.com,,0
181004,Jennifer Davis,jennifer.davis916@company.com,CRM Platform,Account Suspension,I would like to request a refund for the recent charge.,The issue was escalated to engineering and resolved in the latest patch.,High,In Progress,Web Form,Asia,38,Male,Free,46,19,4,7.28,203.83,2023-01-09,2023-01-11,No,Yes,Windows,Firefox,Crypto,Chinese,Afternoon,4,Small Business,jennifer.davis916@company.com,,0
116327,Susan Martinez,susan.martinez382@gmail.com,Web Portal,Security Concern,There seems to be a discrepancy in my billing statement for this month.,Bug logged internally and workaround shared with the customer.,Medium,Pending Customer,Web Form,Africa,61,Other,Enterprise,18,0,2,20.79,30.68,2023-10-27,2023-11-05,Yes,No,Android,Unknown,Bank Transfer,German,Evening,10,Corporate,susan.martinez382@gmail.com,,0
109864,Linda Hernandez,linda.hernandez847@outlook.com,Subscription Service,Security Concern,I found a bug in the latest update affecting report generation.,Subscription status corrected and confirmation email sent to customer.,Urgent,In Progress,Chat,Africa,19,Male,Premium,45,5,2,9.8,64.41,2022-05-15,2022-05-18,No,No,Android,Chrome,Crypto,French,Night,10,Corporate,linda.hernandez847@outlook.com,,0
176686,James Garcia,james.garcia761@outlook.com,Payment Gateway,Performance Issue,The system is not syncing data across devices properly.,Bug logged internally and workaround shared with the customer.,Medium,Closed,Phone,Europe,56,Male,Free,53,1,4,55.82,154.28,2022-01-20,2022-02-03,No,Yes,Linux,Chrome,Debit Card,English,Afternoon,3,Corporate,james.garcia761@outlook.com,,0
48690,Patricia Williams,patricia.williams405@hotmail.com,E-commerce Store,Refund Request,The payment was deducted from my bank account but the transaction shows failed.,Payment gateway timeout issue fixed and monitoring implemented.,Urgent,Resolved,Email,Africa,67,Male,Basic,32,17,5,42.55,122.02,2024-10-26,2024-11-03,No,No,iOS,Firefox,Crypto,French,Evening,9,Individual,patricia.williams405@hotmail.com,,0
42186,William Martin,william.martin956@icloud.com,Cloud Storage,Payment Problem,My subscription was cancelled without my request and I need clarification.,The issue was escalated to engineering and resolved in the latest patch.,High,In Progress,Chat,Africa,46,Other,Free,5,12,3,0.9,197.52,2024-10-15,2024-10-29,No,Yes,Linux,Chrome,PayPal,Chinese,Night,1,Individual,william.martin956@icloud.com,,0
27083,Sarah Thomas,sarah.thomas469@outlook.com,API Service,Payment Problem,I am unable to access my account after entering the correct credentials.,Bug logged internally and workaround shared with the customer.,Low,Resolved,Web Form,Africa,24,Other,Basic,4,17,2,52.66,118.98,2024-09-26,2024-10-07,Yes,Yes,iOS,Firefox,Bank Transfer,English,Night,6,Individual,sarah.thomas469@outlook.com,,0
48941,Charles Smith,charles.smith751@icloud.com,CRM Platform,Login Issue,Two-factor authentication codes are not being delivered to my phone.,Subscription status corrected and confirmation email sent to customer.,High,Resolved,Web Form,South America,40,Other,Premium,57,5,1,27.29,162.66,2023-03-19,2023-04-01,No,Yes,MacOS,Chrome,Credit Card,English,Evening,5,Small Business,charles.smith751@icloud.com,,0
49018,William Martin,william.martin422@outlook.com,Mobile App,Payment Problem,The payment was deducted from my bank account but the transaction shows failed.,We have reset the account credentials and advised the customer to retry login.,Urgent,In Progress,Email,Europe,70,Male,Premium,19,10,5,70.83,191.85,2023-01-22,2023-01-29,No,No,Android,Safari,Debit Card,Chinese,Afternoon,5,Corporate,william.martin422@outlook.com,,0
3420,Linda Martin,linda.martin874@outlook.com,E-commerce Store,Security Concern,I am experiencing very slow performance while using the dashboard.,Payment gateway timeout issue fixed and monitoring implemented.,High,Open,Phone,Asia,49,Female,Enterprise,17,8,3,15.79,59.8,2024-06-21,2024-07-02,No,No,Linux,Firefox,Debit Card,German,Afternoon,8,Corporate,linda.martin874@outlook.com,,0
90659,Mary Davis,mary.davis256@icloud.com,Web Portal,Login Issue,I am experiencing very slow performance while using the dashboard.,We have reset the account credentials and advised the customer to retry login.,Low,In Progress,Email,North America,25,Male,Enterprise,33,1,5,14.45,170.09,2023-11-25,2023-12-04,Yes,Yes,Windows,Chrome,Crypto,Japanese,Night,10,Corporate,mary.davis256@icloud.com,,0
132081,Elizabeth Miller,elizabeth.miller715@gmail.com,CRM Platform,Performance Issue,There seems to be a discrepancy in my billing statement for this month.,Explained billing breakdown and clarified applicable charges.,Low,Resolved,Email,Africa,27,Female,Free,54,8,2,50.22,151.85,2022-07-24,2022-08-07,No,Yes,Linux,Safari,PayPal,Spanish,Afternoon,6,Individual,elizabeth.miller715@gmail.com,,0
148449,Michael Anderson,michael.anderson858@gmail.com,API Service,Subscription Cancellation,I am experiencing very slow performance while using the dashboard.,Provided step-by-step troubleshooting instructions and issue resolved.,High,In Progress,Web Form,Africa,69,Female,Premium,5,7,5,14.46,219.91,2024-08-28,2024-08-30,Yes,No,Android,Chrome,Bank Transfer,German,Night,8,Corporate,michael.anderson858@gmail.com,,0
122125,Jennifer Taylor,jennifer.taylor357@company.com,Cloud Storage,Performance Issue,I found a bug in the latest update affecting report generation.,Explained billing breakdown and clarified applicable charges.,Low,Pending Customer,Phone,Europe,64,Female,Enterprise,17,1,1,32.99,216.7,2022-10-27,2022-11-02,No,Yes,iOS,Chrome,Credit Card,Japanese,Afternoon,7,Small Business,jennifer.taylor357@company.com,,0
55739,Sarah Johnson,sarah.johnson460@outlook.com,Cloud Storage,Subscription Cancellation,The system is not syncing data across devices properly.,The duplicate charge was reversed and refund processed within 3-5 business days.,Urgent,Pending Customer,Social Media,South America,28,Other,Basic,43,19,4,2.72,113.43,2022-01-29,2022-02-11,No,Yes,Windows,Unknown,Credit Card,German,Afternoon,9,Corporate,sarah.johnson460@outlook.com,,0
57648,Karen Moore,karen.moore27@icloud.com,Web Portal,Subscription Cancellation,My subscription was cancelled without my request and I need clarification.,The issue was escalated to engineering and resolved in the latest patch.,Medium,Closed,Phone,Africa,29,Other,Premium,12,18,2,47.92,170.93,2024-07-08,2024-07-15,No,No,iOS,Firefox,Credit Card,German,Morning,2,Small Business,karen.moore27@icloud.com,,0
1912,Sarah Garcia,sarah.garcia221@yahoo.com,CRM Platform,Performance Issue,The application crashes whenever I try to upload a file.,Subscription status corrected and confirmation email sent to customer.,Urgent,Resolved,Social Media,Europe,26,Other,Enterprise,53,11,4,48.47,73.48,2023-05-25,2023-05-29,Yes,Yes,MacOS,Unknown,Crypto,English,Morning,4,Individual,sarah.garcia221@yahoo.com,,0
143206,Michael Moore,michael.moore260@icloud.com,Subscription Service,Feature Request,My subscription was cancelled without my request and I need clarification.,Explained billing breakdown and clarified applicable charges.,Medium,Pending Customer,Phone,Europe,37,Other,Premium,26,19,5,7.43,104.72,2022-03-29,2022-04-03,Yes,No,Linux,Unknown,PayPal,Japanese,Afternoon,5,Corporate,michael.moore260@icloud.com,,0
69940,William Jones,william.jones782@hotmail.com,Web Portal,Login Issue,There seems to be a discrepancy in my billing statement for this month.,We have reset the account credentials and advised the customer to retry login.,Medium,Pending Customer,Chat,Asia,55,Other,Premium,6,12,2,56.34,83.13,2023-11-27,2023-12-06,Yes,Yes,iOS,Safari,PayPal,Japanese,Morning,1,Individual,william.jones782@hotmail.com,,0
43016,Robert Thomas,robert.thomas897@hotmail.com,Analytics Dashboard,Payment Problem,The system is not syncing data across devices properly.,Data synchronization restored after backend service restart.,High,In Progress,Email,Europe,45,Male,Premium,20,6,5,23.79,173.28,2023-06-01,2023-06-09,No,No,MacOS,Chrome,Crypto,German,Night,10,Corporate,robert.thomas897@hotmail.com,,0
199621,Barbara Wilson,barbara.wilson828@gmail.com,Billing System,Bug Report,Two-factor authentication codes are not being delivered to my phone.,The issue was escalated to engineering and resolved in the latest patch.,High,Resolved,Email,Australia,43,Other,Basic,28,9,3,16.95,109.79,2023-04-24,2023-04-26,Yes,No,iOS,Unknown,Debit Card,French,Night,6,Individual,barbara.wilson828@gmail.com,,0
71700,Patricia Smith,patricia.smith197@company.com,CRM Platform,Data Sync Issue,My subscription was cancelled without my request and I need clarification.,Bug logged internally and workaround shared with the customer.,Urgent,Resolved,Chat,Australia,74,Male,Basic,35,13,1,29.75,143.98,2024-01-03,2024-01-09,Yes,No,Android,Firefox,Debit Card,Japanese,Morning,10,Small Business,patricia.smith197@company.com,,0
158176,Richard Brown,richard.brown899@yahoo.com,Analytics Dashboard,Account Suspension,The payment was deducted from my bank account but the transaction shows failed.,Provided step-by-step troubleshooting instructions and issue resolved.,Urgent,Pending Customer,Email,Europe,50,Male,Enterprise,36,7,4,23.18,123.7,2022-07-13,2022-07-25,No,No,iOS,Edge,Debit Card,Chinese,Night,2,Individual,richard.brown899@yahoo.com,2022-05-06,0
60634,William Taylor,william.taylor483@company.com,Mobile App,Payment Problem,The payment was deducted from my bank account but the transaction shows failed.,Security settings updated and customer notified of precautionary measures.,Low,Closed,Chat,South America,20,Female,Premium,6,18,1,14.51,212.13,2022-02-18,2022-02-18,Yes,No,Android,Unknown,Bank Transfer,Chinese,Evening,8,Corporate,william.taylor483@company.com,,0
182221,Sarah Anderson,sarah.anderson419@hotmail.com,Web Portal,Performance Issue,My subscription was cancelled without my request and I need clarification.,We have reset the account credentials and advised the customer to retry login.,Urgent,Resolved,Chat,North America,65,Female,Enterprise,56,16,2,42.9,42.42,2023-11-03,2023-11-17,No,No,Linux,Safari,Credit Card,French,Morning,10,Corporate,sarah.anderson419@hotmail.com,,0
40032,Jennifer Johnson,jennifer.johnson674@yahoo.com,Billing System,Refund Request,The system is not syncing data across devices properly.,The issue was escalated to engineering and resolved in the latest patch.,Low,In Progress,Email,Asia,60,Other,Basic,30,15,3,57.49,36.32,2022-05-17,2022-05-20,Yes,Yes,Windows,Unknown,PayPal,English,Afternoon,2,Small Business,jennifer.johnson674@yahoo.com,,0
88964,Michael Martinez,michael.martinez620@outlook.com,Web Portal,Account Suspension,I would like to request a refund for the recent charge.,We have reset the account credentials and advised the customer to retry login.,High,Resolved,Chat,South America,65,Female,Basic,27,11,2,1.18,208.26,2023-08-15,2023-08-19,No,No,MacOS,Unknown,Credit Card,English,Afternoon,5,Corporate,michael.martinez620@outlook.com,,0
167873,Jessica Johnson,jessica.johnson184@gmail.com,Cloud Storage,Bug Report,My subscription was cancelled without my request and I need clarification.,The duplicate charge was reversed and refund processed within 3-5 business days.,Medium,In Progress,Web Form,South America,22,Other,Free,9,14,5,56.16,69.4,2022-06-03,2022-06-04,Yes,Yes,Windows,Chrome,Credit Card,German,Afternoon,3,Individual,jessica.johnson184@gmail.com,,0
2529,Michael Davis,michael.davis694@outlook.com,Payment Gateway,Account Suspension,The application crashes whenever I try to upload a file.,Provided step-by-step troubleshooting instructions and issue resolved.,Medium,In Progress,Phone,Europe,27,Female,Premium,5,0,1,18.99,66.65,2024-12-20,2024-12-26,Yes,Yes,Windows,Safari,Bank Transfer,German,Evening,8,Small Business,michael.davis694@outlook.com,2023-03-03,0
73379,Mary Rodriguez,mary.rodriguez368@hotmail.com,Analytics Dashboard,Subscription Cancellation,There seems to be a discrepancy in my billing statement for this month.,Explained billing breakdown and clarified applicable charges.,Medium,In Progress,Email,Australia,36,Female,Premium,11,18,3,37.53,51.72,2023-04-27,2023-05-04,Yes,No,MacOS,Unknown,Bank Transfer,German,Evening,1,Individual,mary.rodriguez368@hotmail.com,,0
66022,David Garcia,david.garcia230@gmail.com,Web Portal,Bug Report,Two-factor authentication codes are not being delivered to my phone.,Data synchronization restored after backend service restart.,High,Resolved,Chat,Australia,49,Male,Free,28,15,5,2.82,229.29,2024-05-01,2024-05-08,Yes,No,Windows,Unknown,Debit Card,English,Night,3,Small Business,david.garcia230@gmail.com,2024-02-22,0
109453,William Hernandez,william.hernandez416@icloud.com,Subscription Service,Feature Request,I am experiencing very slow performance while using the dashboard.,Provided step-by-step troubleshooting instructions and issue resolved.,Urgent,Open,Phone,South America,74,Female,Premium,50,5,4,35.1,100.5,2022-01-04,2022-01-04,Yes,No,iOS,Safari,Credit Card,English,Night,9,Individual,william.hernandez416@icloud.com,,0
93915,Thomas Miller,thomas.miller36@outlook.com,Payment Gateway,Payment Problem,I am unable to access my account after entering the correct credentials.,The duplicate charge was reversed and refund processed within 3-5 business days.,Medium,Closed,Phone,Africa,55,Other,Enterprise,26,16,4,55.35,110.03,2023-03-28,2023-04-06,No,Yes,Android,Chrome,Debit Card,Japanese,Evening,6,Individual,thomas.miller36@outlook.com,,0
163274,Barbara Taylor,barbara.taylor222@company.com,API Service,Login Issue,The system is not syncing data across devices properly.,Security settings updated and customer notified of precautionary measures.,Urgent,Open,Email,South America,22,Other,Enterprise,58,4,5,39.34,111.4,2022-08-08,2022-08-12,No,No,iOS,Unknown,Debit Card,Chinese,Morning,6,Corporate,barbara.taylor222@company.com,,0
41431,Elizabeth Rodriguez,elizabeth.rodriguez270@hotmail.com,Web Portal,Subscription Cancellation,The payment was deducted from my bank account but the transaction shows failed.,Subscription status corrected and confirmation email sent to customer.,High,In Progress,Social Media,Asia,23,Other,Free,33,10,2,1.53,237.47,2024-07-16,2024-07-26,Yes,No,Windows,Unknown,Crypto,Chinese,Morning,5,Corporate,elizabeth.rodriguez270@hotmail.com,,0
30689,Jennifer Taylor,jennifer.taylor716@outlook.com,Billing System,Security Concern,Two-factor authentication codes are not being delivered to my phone.,Explained billing breakdown and clarified applicable charges.,Medium,Closed,Web Form,Africa,62,Male,Premium,15,14,1,64.26,94.12,2022-01-15,2022-01-16,No,No,Linux,Firefox,Credit Card,Chinese,Night,10,Small Business,jennifer.taylor716@outlook.com,,0
39368,Elizabeth Brown,elizabeth.brown937@company.com,CRM Platform,Bug Report,The system is not syncing data across devices properly.,Payment gateway timeout issue fixed and monitoring implemented.,Low,Closed,Phone,Europe,47,Male,Premium,21,2,5,20.83,175.01,2023-09-12,2023-09-14,No,No,Windows,Firefox,PayPal,Spanish,Evening,9,Individual,elizabeth.brown937@company.com,,0
78027,Karen Davis,karen.davis985@outlook.com,E-commerce Store,Login Issue,I would like to request a refund for the recent charge.,We have reset the account credentials and advised the customer to retry login.,Urgent,Resolved,Chat,South America,37,Male,Premium,54,2,4,46.99,46.64,2024-07-31,2024-08-13,Yes,Yes,iOS,Firefox,Credit Card,French,Afternoon,10,Corporate,karen.davis985@outlook.com,,0
49542,Jessica Martin,jessica.martin169@outlook.com,Subscription Service,Payment Problem,My subscription was cancelled without my request and I need clarification.,Subscription status corrected and confirmation email sent to customer.,Medium,Closed,Chat,Europe,24,Female,Basic,17,8,1,38.07,192.29,2023-08-19,2023-08-23,No,Yes,MacOS,Unknown,PayPal,Japanese,Morning,7,Corporate,jessica.martin169@outlook.com,,0
108079,Linda Hernandez,linda.hernandez359@company.com,Payment Gateway,Account Suspension,Two-factor authentication codes are not being delivered to my phone.,The duplicate charge was reversed and refund processed within 3-5 business days.,Low,Resolved,Email,Asia,70,Other,Free,50,18,5,6.39,147.9,2022-02-09,2022-02-23,Yes,No,Linux,Firefox,Credit Card,Chinese,Morning,7,Small Business,linda.hernandez359@company.com,,0
47034,Richard Miller,richard.miller470@hotmail.com,E-commerce Store,Security Concern,I am unable to access my account after entering the correct credentials.,The duplicate charge was reversed and refund processed within 3-5 business days.,Low,Closed,Social Media,North America,67,Other,Free,15,14,3,40.34,24.02,2023-04-13,2023-04-21,Yes,No,Windows,Safari,Crypto,Spanish,Evening,2,Individual,richard.miller470@hotmail.com,,0
115279,William Lopez,william.lopez519@yahoo.com,Payment Gateway,Bug Report,There seems to be a discrepancy in my billing statement for this month.,Provided step-by-step troubleshooting instructions and issue resolved.,Medium,Resolved,Web Form,Asia,65,Other,Free,1,1,2,29.38,207.91,2023-02-14,2023-02-16,Yes,No,iOS,Chrome,PayPal,English,Evening,10,Individual,william.lopez519@yahoo.com,,0
58993,Susan Davis,susan.davis405@company.com,Web Portal,Subscription Cancellation,I found a bug in the latest update affecting report generation.,Provided step-by-step troubleshooting instructions and issue resolved.,High,Pending Customer,Web Form,North America,19,Female,Enterprise,28,1,4,50.55,71.62,2022-08-03,2022-08-11,Yes,No,Android,Edge,PayPal,English,Morning,2,Corporate,susan.davis405@company.com,,0
197409,Sarah Brown,sarah.brown773@outlook.com,Analytics Dashboard,Security Concern,There seems to be a discrepancy in my billing statement for this month.,The duplicate charge was reversed and refund processed within 3-5 business days.,Low,In Progress,Chat,Europe,39,Male,Premium,57,3,2,27.58,133.29,2023-06-13,2023-06-19,Yes,No,Linux,Safari,Bank Transfer,French,Afternoon,1,Small Business,sarah.brown773@outlook.com,,0
49280,John Garcia,john.garcia334@outlook.com,Payment Gateway,Data Sync Issue,The payment was deducted from my bank account but the transaction shows failed.,Payment gateway timeout issue fixed and monitoring implemented.,High,Pending Customer,Email,Africa,74,Male,Basic,20,18,1,15.36,147.39,2022-09-10,2022-09-19,Yes,Yes,Android,Safari,Credit Card,Chinese,Evening,3,Corporate,john.garcia334@outlook.com,,0
129706,Jessica Martin,jessica.martin989@gmail.com,Analytics Dashboard,Data Sync Issue,I would like to request a refund for the recent charge.,Bug logged internally and workaround shared with the customer.,Urgent,Closed,Chat,South America,30,Male,Premium,35,20,2,50.8,205.26,2023-04-25,2023-05-04,No,Yes,Linux,Unknown,Bank Transfer,Spanish,Afternoon,10,Individual,jessica.martin989@gmail.com,,0
6086,Thomas Williams,thomas.williams816@icloud.com,Subscription Service,Subscription Cancellation,I found a bug in the latest update affecting report generation.,Payment gateway timeout issue fixed and monitoring implemented.,Low,Pending Customer,Web Form,Australia,40,Female,Free,54,15,5,25.58,28.7,2023-03-19,2023-03-23,No,No,MacOS,Edge,Debit Card,Spanish,Afternoon,5,Small Business,thomas.williams816@icloud.com,,0
139037,Michael Brown,michael.brown874@icloud.com,Mobile App,Data Sync Issue,I am unable to access my account after entering the correct credentials.,Security settings updated and customer notified of precautionary measures.,Urgent,Pending Customer,Web Form,Africa,39,Male,Enterprise,22,3,4,66.24,192.04,2022-01-02,2022-01-05,Yes,Yes,iOS,Unknown,Debit Card,Japanese,Evening,1,Small Business,michael.brown874@icloud.com,,0
185701,Thomas Taylor,thomas.taylor916@gmail.com,Billing System,Payment Problem,The application crashes whenever I try to upload a file.,Security settings updated and customer notified of precautionary measures.,High,Resolved,Web Form,South America,25,Male,Premium,49,8,4,46.52,187.5,2022-04-15,2022-04-28,No,No,Android,Chrome,PayPal,English,Night,4,Small Business,thomas.taylor916@gmail.com,,0
82429,Patricia Smith,patricia.smith821@gmail.com,Payment Gateway,Security Concern,I am unable to access my account after entering the correct credentials.,Bug logged internally and workaround shared with the customer.,Medium,Closed,Phone,Africa,73,Female,Premium,50,19,4,43.58,206.94,2023-05-21,2023-05-30,No,Yes,MacOS,Edge,PayPal,Japanese,Evening,5,Corporate,patricia.smith821@gmail.com,,0
103672,Karen Miller,karen.miller203@hotmail.com,Payment Gateway,Refund Request,The application crashes whenever I try to upload a file.,The issue was escalated to engineering and resolved in the latest patch.,Low,Resolved,Web Form,North America,25,Other,Enterprise,12,0,3,33.19,45.15,2023-02-09,2023-02-14,Yes,No,iOS,Safari,Credit Card,English,Morning,1,Corporate,karen.miller203@hotmail.com,,0
96705,Karen Rodriguez,karen.rodriguez679@company.com,Analytics Dashboard,Account Suspension,I am experiencing very slow performance while using the dashboard.,The duplicate charge was reversed and refund processed within 3-5 business days.,Low,Open,Email,Africa,47,Other,Premium,54,5,5,12.79,56.41,2022-06-18,2022-06-23,No,No,Windows,Edge,Crypto,Spanish,Evening,2,Corporate,karen.rodriguez679@company.com,,0
89052,Mary Thomas,mary.thomas321@yahoo.com,CRM Platform,Performance Issue,I am unable to access my account after entering the correct credentials.,Subscription status corrected and confirmation email sent to customer.,Medium,Closed,Web Form,North America,65,Female,Premium,30,12,2,61.52,112.88,2022-07-19,2022-07-24,Yes,Yes,iOS,Firefox,PayPal,German,Morning,9,Corporate,mary.thomas321@yahoo.com,,0
173531,Joseph Davis,joseph.davis170@company.com,Mobile App,Refund Request,There seems to be a discrepancy in my billing statement for this month.,Security settings updated and customer notified of precautionary measures.,Medium,Pending Customer,Web Form,Asia,37,Other,Free,29,2,3,32.63,189.92,2022-12-12,2022-12-19,Yes,No,MacOS,Firefox,Credit Card,English,Night,1,Corporate,joseph.davis170@company.com,,0
127985,David Rodriguez,david.rodriguez681@gmail.com,Subscription Service,Data Sync Issue,I would like to request a refund for the recent charge.,We have reset the account credentials and advised the customer to retry login.,Urgent,In Progress,Web Form,North America,20,Female,Premium,54,15,1,12.24,214.05,2023-08-11,2023-08-14,Yes,Yes,Android,Unknown,Debit Card,French,Morning,1,Individual,david.rodriguez681@gmail.com,2022-03-02,0
134538,Elizabeth Williams,elizabeth.williams26@outlook.com,CRM Platform,Account Suspension,My subscription was cancelled without my request and I need clarification.,Provided step-by-step troubleshooting instructions and issue resolved.,Medium,In Progress,Social Media,South America,46,Male,Basic,3,16,4,9.97,103.23,2024-01-06,2024-01-12,Yes,No,iOS,Chrome,Crypto,French,Evening,1,Corporate,elizabeth.williams26@outlook.com,,0
197752,Jennifer Gonzalez,jennifer.gonzalez851@icloud.com,Subscription Service,Feature Request,The system is not syncing data across devices properly.,The duplicate charge was reversed and refund processed within 3-5 business days.,Low,Closed,Social Media,South America,20,Male,Basic,28,19,2,58.77,161.58,2023-07-04,2023-07-10,No,No,Linux,Safari,Credit Card,Chinese,Evening,3,Corporate,jennifer.gonzalez851@icloud.com,,0
72631,Patricia Moore,patricia.moore412@company.com,API Service,Refund Request,I would like to request a refund for the recent charge.,Payment gateway timeout issue fixed and monitoring implemented.,High,Open,Email,South America,43,Male,Enterprise,6,1,3,34.69,180.41,2023-07-24,2023-07-30,Yes,No,MacOS,Chrome,PayPal,German,Evening,3,Small Business,patricia.moore412@company.com,,0
101335,David Gonzalez,david.gonzalez681@yahoo.com,Web Portal,Refund Request,I am experiencing very slow performance while using the dashboard.,Explained billing breakdown and clarified applicable charges.,High,Resolved,Phone,Africa,47,Other,Premium,49,12,3,48.66,94.79,2023-12-28,2024-01-05,Yes,No,iOS,Edge,PayPal,English,Afternoon,4,Small Business,david.gonzalez681@yahoo.com,,0
159348,Elizabeth Martin,elizabeth.martin227@yahoo.com,Mobile App,Subscription Cancellation,The system is not syncing data across devices properly.,The issue was escalated to engineering and resolved in the latest patch.,High,In Progress,Web Form,North America,25,Male,Premium,40,15,1,31.8,136.49,2022-08-16,2022-08-26,No,No,Linux,Firefox,Debit Card,Chinese,Evening,1,Corporate,elizabeth.martin227@yahoo.com,,0
431,Sarah Martin,sarah.martin942@yahoo.com,Billing System,Data Sync Issue,Two-factor authentication codes are not being delivered to my phone.,Subscription status corrected and confirmation email sent to customer.,High,Pending Customer,Web Form,Australia,65,Male,Premium,18,14,2,7.63,232.65,2022-07-15,2022-07-26,No,No,Android,Edge,Credit Card,Spanish,Night,9,Small Business,sarah.martin942@yahoo.com,,0
147894,Michael Jackson,michael.jackson792@icloud.com,Mobile App,Feature Request,I found a bug in the latest update affecting report generation.,The issue was escalated to engineering and resolved in the latest patch.,High,In Progress,Chat,Asia,56,Female,Basic,53,9,3,6.65,193.99,2023-08-04,2023-08-15,No,No,Windows,Firefox,PayPal,Spanish,Evening,10,Individual,michael.jackson792@icloud.com,,0
118979,Michael Miller,michael.miller239@outlook.com,Mobile App,Security Concern,I am experiencing very slow performance while using the dashboard.,The duplicate charge was reversed and refund processed within 3-5 business days.,High,In Progress,Email,Europe,62,Female,Basic,14,16,3,4.29,47.18,2024-08-30,2024-09-04,No,Yes,Android,Firefox,PayPal,French,Morning,3,Individual,michael.miller239@outlook.com,,0
71520,David Martin,david.martin410@hotmail.com,Analytics Dashboard,Login Issue,There seems to be a discrepancy in my billing statement for this month.,Data synchronization restored after backend service restart.,Urgent,Closed,Social Media,South America,61,Other,Premium,12,11,4,18.58,3.29,2022-12-21,2022-12-25,Yes,No,Android,Edge,PayPal,Japanese,Afternoon,4,Small Business,david.martin410@hotmail.com,,0
104204,Linda Smith,linda.smith442@yahoo.com,Cloud Storage,Account Suspension,I am experiencing very slow performance while using the dashboard.,Subscription status corrected and confirmation email sent to customer.,Urgent,Closed,Email,Asia,70,Other,Free,15,6,1,40.9,60.1,2023-06-04,2023-06-11,Yes,No,Linux,Unknown,Debit Card,French,Night,9,Small Business,linda.smith442@yahoo.com,,0
58650,Charles Johnson,charles.johnson100@company.com,Analytics Dashboard,Refund Request,I found a bug in the latest update affecting report generation.,Explained billing breakdown and clarified applicable charges.,Low,Closed,Social Media,Australia,75,Female,Basic,30,8,4,9.46,27.76,2022-10-20,2022-10-24,Yes,Yes,Windows,Chrome,Crypto,Spanish,Evening,1,Corporate,charles.johnson100@company.com,,0
141661,Patricia Miller,patricia.miller696@gmail.com,Subscription Service,Data Sync Issue,The payment was deducted from my bank account but the transaction shows failed.,The duplicate charge was reversed and refund processed within 3-5 business days.,Low,In Progress,Web Form,South America,40,Other,Enterprise,58,13,5,34.29,79.63,2023-07-22,2023-07-29,Yes,Yes,iOS,Chrome,Bank Transfer,Spanish,Afternoon,2,Corporate,patricia.miller696@gmail.com,,0
2202,Elizabeth Williams,elizabeth.williams180@gmail.com,Mobile App,Feature Request,I found a bug in the latest update affecting report generation.,Bug logged internally and workaround shared with the customer.,High,Closed,Chat,South America,20,Other,Enterprise,10,14,2,16.64,34.28,2022-11-01,2022-11-04,No,Yes,iOS,Chrome,Credit Card,Spanish,Night,1,Corporate,elizabeth.williams180@gmail.com,,0
115047,Elizabeth Davis,elizabeth.davis736@gmail.com,Web Portal,Performance Issue,I found a bug in the latest update affecting report generation.,Provided step-by-step troubleshooting instructions and issue resolved.,Medium,Resolved,Email,South America,38,Female,Basic,28,14,3,60.44,103.33,2024-03-18,2024-03-26,No,Yes,iOS,Safari,Credit Card,Japanese,Night,2,Individual,elizabeth.davis736@gmail.com,,0
86566,Karen Garcia,karen.garcia987@icloud.com,Subscription Service,Refund Request,There seems to be a discrepancy in my billing statement for this month.,The duplicate charge was reversed and refund processed within 3-5 business days.,Low,In Progress,Web Form,Asia,45,Female,Enterprise,3,11,2,44.81,166.92,2023-09-07,2023-09-20,No,No,iOS,Chrome,Crypto,German,Morning,2,Corporate,karen.garcia987@icloud.com,,0
175651,Charles Garcia,charles.garcia975@yahoo.com,Billing System,Bug Report,There seems to be a discrepancy in my billing statement for this month.,Payment gateway timeout issue fixed and monitoring implemented.,Urgent,Open,Email,Africa,75,Female,Free,46,10,3,29.09,88.9,2023-05-10,2023-05-20,Yes,No,iOS,Safari,Debit Card,German,Afternoon,5,Corporate,charles.garcia975@yahoo.com,,0
60110,Michael Taylor,michael.taylor668@outlook.com,E-commerce Store,Feature Request,I am unable to access my account after entering the correct credentials.,The duplicate charge was reversed and refund processed within 3-5 business days.,Medium,In Progress,Web Form,Europe,31,Other,Enterprise,29,15,2,17.56,34.07,2023-11-22,2023-11-22,No,No,Android,Edge,Crypto,French,Night,2,Small Business,michael.taylor668@outlook.com,,0
30952,Thomas Moore,thomas.moore213@hotmail.com,Cloud Storage,Account Suspension,Two-factor authentication codes are not being delivered to my phone.,Explained billing breakdown and clarified applicable charges.,Medium,Pending Customer,Chat,Asia,25,Other,Enterprise,34,19,2,64.25,125.96,2023-03-30,2023-04-13,No,Yes,Linux,Safari,PayPal,English,Evening,5,Corporate,thomas.moore213@hotmail.com,,0
127702,Michael Miller,michael.miller429@yahoo.com,E-commerce Store,Login Issue,Two-factor authentication codes are not being delivered to my phone.,Explained billing breakdown and clarified applicable charges.,Urgent,Open,Chat,South America,33,Male,Premium,55,6,1,4.15,120.37,2023-06-24,2023-07-06,No,Yes,iOS,Firefox,Debit Card,Japanese,Afternoon,4,Individual,michael.miller429@yahoo.com,,0
57231,Richard Brown,richard.brown328@hotmail.com,Cloud Storage,Login Issue,The system is not syncing data across devices properly.,Payment gateway timeout issue fixed and monitoring implemented.,High,Open,Chat,Australia,58,Other,Free,29,20,3,35.82,204.91,2022-03-01,2022-03-03,Yes,No,iOS,Firefox,Credit Card,Japanese,Afternoon,4,Corporate,richard.brown328@hotmail.com,,0
41699,Robert Martin,robert.martin64@outlook.com,Analytics Dashboard,Payment Problem,I found a bug in the latest update affecting report generation.,Explained billing breakdown and clarified applicable charges.,Medium,Pending Customer,Phone,Australia,39,Other,Enterprise,58,14,4,34.42,105.2,2022-03-15,2022-03-25,No,No,iOS,Firefox,Bank Transfer,German,Night,3,Individual,robert.martin64@outlook.com,,0
166271,Barbara Thomas,barbara.thomas427@gmail.com,Analytics Dashboard,Data Sync Issue,I would like to request a refund for the recent charge.,Data synchronization restored after backend service restart.,Low,Pending Customer,Social Media,Europe,68,Other,Enterprise,49,4,4,35.23,39.3,2023-12-04,2023-12-16,No,No,MacOS,Edge,PayPal,Spanish,Evening,9,Small Business,barbara.thomas427@gmail.com,,0
75576,Jennifer Thomas,jennifer.thomas881@gmail.com,API Service,Feature Request,I am unable to access my account after entering the correct credentials.,Subscription status corrected and confirmation email sent to customer.,Urgent,In Progress,Social Media,Europe,45,Other,Basic,56,3,4,33.1,40.94,2022-10-08,2022-10-18,Yes,No,iOS,Edge,Credit Card,Chinese,Morning,2,Small Business,jennifer.thomas881@gmail.com,,0
128657,Susan Jackson,susan.jackson601@icloud.com,Payment Gateway,Bug Report,I would like to request a refund for the recent charge.,We have reset the account credentials and advised the customer to retry login.,Low,In Progress,Social Media,South America,50,Male,Free,42,18,4,61.85,39.1,2022-05-14,2022-05-21,Yes,No,Android,Firefox,Bank Transfer,Spanish,Evening,5,Corporate,susan.jackson601@icloud.com,,0
144605,Linda Taylor,linda.taylor845@yahoo.com,Subscription Service,Payment Problem,There seems to be a discrepancy in my billing statement for this month.,Payment gateway timeout issue fixed and monitoring implemented.,Low,Pending Customer,Phone,Africa,26,Female,Enterprise,48,14,3,34.09,55.18,2022-09-16,2022-09-23,Yes,No,Linux,Safari,Crypto,English,Afternoon,8,Small Business,linda.taylor845@yahoo.com,,0
84952,William Brown,william.brown596@outlook.com,Mobile App,Feature Request,There seems to be a discrepancy in my billing statement for this month.,Subscription status corrected and confirmation email sent to customer.,Urgent,Open,Email,Africa,43,Female,Basic,14,20,3,66.19,187.18,2022-07-05,2022-07-12,Yes,No,iOS,Edge,Crypto,Chinese,Night,3,Corporate,william.brown596@outlook.com,,0
99776,Elizabeth Brown,elizabeth.brown557@icloud.com,Cloud Storage,Data Sync Issue,I found a bug in the latest update affecting report generation.,Bug logged internally and workaround shared with the customer.,Urgent,Resolved,Email,Africa,72,Other,Premium,28,5,2,43.29,158.2,2022-12-06,2022-12-14,No,Yes,iOS,Chrome,Credit Card,English,Evening,6,Individual,elizabeth.brown557@icloud.com,,0
16862,Richard Taylor,richard.taylor725@outlook.com,Subscription Service,Refund Request,There seems to be a discrepancy in my billing statement for this month.,The issue was escalated to engineering and resolved in the latest patch.,High,In Progress,Web Form,Africa,26,Male,Basic,59,7,5,51.38,99.74,2024-12-09,2024-12-18,No,No,iOS,Edge,PayPal,English,Evening,5,Individual,richard.taylor725@outlook.com,,0
182727,Jessica Jones,jessica.jones2@outlook.com,Analytics Dashboard,Security Concern,I am unable to access my account after entering the correct credentials.,Provided step-by-step troubleshooting instructions and issue resolved.,High,Open,Phone,Asia,18,Male,Premium,26,18,4,61.02,202.12,2023-11-09,2023-11-22,Yes,No,iOS,Firefox,Credit Card,Japanese,Evening,10,Small Business,jessica.jones2@outlook.com,,0
188713,David Hernandez,david.hernandez246@company.com,Analytics Dashboard,Data Sync Issue,The payment was deducted from my bank account but the transaction shows failed.,The duplicate charge was reversed and refund processed within 3-5 business days.,Medium,In Progress,Social Media,North America,57,Female,Free,26,1,5,64.37,67.45,2023-01-16,2023-01-18,No,Yes,Android,Chrome,Credit Card,German,Evening,5,Small Business,david.hernandez246@company.com,,0
141973,Patricia Moore,patricia.moore218@outlook.com,CRM Platform,Account Suspension,I am unable to access my account after entering the correct credentials.,Bug logged internally and workaround shared with the customer.,Urgent,Open,Phone,Africa,19,Male,Enterprise,45,13,5,27.12,143.89,2023-08-09,2023-08-23,No,No,Android,Unknown,Debit Card,Japanese,Night,1,Small Business,patricia.moore218@outlook.com,,0
2433,John Wilson,john.wilson616@icloud.com,Mobile App,Bug Report,The application crashes whenever I try to upload a file.,The duplicate charge was reversed and refund processed within 3-5 business days.,Medium,Open,Social Media,Asia,62,Male,Free,42,11,4,19.0,147.83,2024-10-31,2024-11-08,Yes,Yes,Android,Safari,Credit Card,French,Evening,7,Small Business,john.wilson616@icloud.com,,0
145491,James Brown,james.brown734@hotmail.com,API Service,Security Concern,I would like to request a refund for the recent charge.,Bug logged internally and workaround shared with the customer.,Low,Resolved,Email,Asia,27,Male,Premium,46,13,3,2.43,8.28,2022-01-09,2022-01-14,No,Yes,Linux,Unknown,Bank Transfer,Japanese,Morning,5,Small Business,james.brown734@hotmail.com,,0
26222,William Miller,william.miller135@hotmail.com,API Service,Performance Issue,My subscription was cancelled without my request and I need clarification.,We have reset the account credentials and advised the customer to retry login.,High,Resolved,Chat,South America,49,Male,Free,42,20,2,1.54,188.68,2023-10-24,2023-11-04,Yes,No,Linux,Firefox,Debit Card,German,Evening,3,Small Business,william.miller135@hotmail.com,,0
165646,Susan Taylor,susan.taylor209@icloud.com,Payment Gateway,Account Suspension,The application crashes whenever I try to upload a file.,Security settings updated and customer notified of precautionary measures.,High,Pending Customer,Social Media,North America,47,Male,Premium,5,12,5,15.71,179.42,2022-08-30,2022-09-02,No,Yes,MacOS,Safari,Debit Card,Chinese,Evening,7,Individual,susan.taylor209@icloud.com,,0
10226,Joseph Martinez,joseph.martinez270@company.com,Billing System,Security Concern,I am unable to access my account after entering the correct credentials.,Provided step-by-step troubleshooting instructions and issue resolved.,Urgent,Pending Customer,Phone,Australia,53,Male,Basic,30,4,2,35.26,227.35,2024-12-22,2024-12-23,Yes,Yes,MacOS,Firefox,Bank Transfer,Japanese,Night,3,Small Business,joseph.martinez270@company.com,2024-06-10,0
180295,Joseph Williams,joseph.williams167@yahoo.com,CRM Platform,Payment Problem,I am experiencing very slow performance while using the dashboard.,Bug logged internally and workaround shared with the customer.,Low,Open,Social Media,North America,26,Other,Free,6,4,1,51.06,201.43,2024-12-02,2024-12-13,No,No,iOS,Unknown,PayPal,French,Afternoon,2,Corporate,joseph.williams167@yahoo.com,2022-08-07,0
153478,Patricia Gonzalez,patricia.gonzalez595@outlook.com,Mobile App,Refund Request,There seems to be a discrepancy in my billing statement for this month.,Subscription status corrected and confirmation email sent to customer.,High,Pending Customer,Social Media,Australia,58,Other,Enterprise,57,0,2,20.8,222.98,2022-09-21,2022-09-27,Yes,No,iOS,Firefox,Debit Card,Spanish,Night,1,Small Business,patricia.gonzalez595@outlook.com,,0
153344,Mary Wilson,mary.wilson807@yahoo.com,Payment Gateway,Security Concern,The application crashes whenever I try to upload a file.,Security settings updated and customer notified of precautionary measures.,Medium,Open,Social Media,South America,55,Other,Free,10,14,5,45.22,163.13,2023-02-27,2023-03-09,Yes,Yes,Android,Firefox,Crypto,Japanese,Evening,7,Corporate,mary.wilson807@yahoo.com,,0
171424,Linda Davis,linda.davis548@icloud.com,E-commerce Store,Subscription Cancellation,The payment was deducted from my bank account but the transaction shows failed.,Data synchronization restored after backend service restart.,Low,Closed,Chat,Europe,64,Female,Free,51,16,3,66.18,92.06,2022-12-29,2023-01-02,Yes,No,Linux,Safari,Debit Card,Chinese,Evening,1,Individual,linda.davis548@icloud.com,,0
25129,Jennifer Thomas,jennifer.thomas107@company.com,Billing System,Data Sync Issue,My subscription was cancelled without my request and I need clarification.,Provided step-by-step troubleshooting instructions and issue resolved.,Low,In Progress,Chat,North America,53,Male,Free,56,19,2,20.43,105.2,2022-10-04,2022-10-17,Yes,No,Android,Edge,Debit Card,French,Night,3,Small Business,jennifer.thomas107@company.com,,0
43207,Richard Gonzalez,richard.gonzalez430@company.com,Subscription Service,Feature Request,The payment was deducted from my bank account but the transaction shows failed.,Bug logged internally and workaround shared with the customer.,High,Resolved,Web Form,Africa,70,Male,Basic,5,19,4,31.66,47.09,2024-09-09,2024-09-13,No,Yes,Windows,Chrome,Debit Card,Spanish,Afternoon,9,Small Business,richard.gonzalez430@company.com,,0
31085,Karen Johnson,karen.johnson641@gmail.com,API Service,Security Concern,I found a bug in the latest update affecting report generation.,Security settings updated and customer notified of precautionary measures.,Urgent,Closed,Web Form,Europe,72,Female,Enterprise,34,6,3,36.57,75.96,2022-12-24,2022-12-27,No,No,iOS,Chrome,Credit Card,Chinese,Morning,7,Individual,karen.johnson641@gmail.com,,0
118636,William Brown,william.brown843@company.com,Cloud Storage,Performance Issue,I found a bug in the latest update affecting report generation.,The issue was escalated to engineering and resolved in the latest patch.,Medium,Pending Customer,Email,Africa,34,Other,Free,39,0,5,16.62,110.04,2023-02-09,2023-02-11,Yes,No,iOS,Firefox,PayPal,French,Evening,5,Individual,william.brown843@company.com,,0
61820,Barbara Anderson,barbara.anderson211@gmail.com,Billing System,Subscription Cancellation,I am unable to access my account after entering the correct credentials.,Subscription status corrected and confirmation email sent to customer.,Low,In Progress,Chat,South America,71,Other,Free,14,20,4,25.46,119.51,2024-03-07,2024-03-16,No,Yes,Linux,Edge,Bank Transfer,French,Morning,6,Corporate,barbara.anderson211@gmail.com,,0
193992,James Gonzalez,james.gonzalez481@outlook.com,E-commerce Store,Account Suspension,I found a bug in the latest update affecting report generation.,The issue was escalated to engineering and resolved in the latest patch.,Medium,In Progress,Phone,Asia,18,Male,Premium,34,10,3,33.07,223.19,2024-09-01,2024-09-15,Yes,No,Windows,Edge,PayPal,Japanese,Afternoon,2,Corporate,james.gonzalez481@outlook.com,2024-07-12,0
493,Karen Gonzalez,karen.gonzalez873@outlook.com,E-commerce Store,Performance Issue,The system is not syncing data across devices properly.,Security settings updated and customer notified of precautionary measures.,Medium,Resolved,Email,Africa,70,Female,Free,21,7,4,59.57,59.77,2022-10-26,2022-11-06,Yes,No,Windows,Edge,Debit Card,Japanese,Afternoon,4,Individual,karen.gonzalez873@outlook.com,,0
114196,Karen Gonzalez,karen.gonzalez856@outlook.com,Payment Gateway,Feature Request,My subscription was cancelled without my request and I need clarification.,Security settings updated and customer notified of precautionary measures.,Low,In Progress,Chat,Asia,73,Male,Enterprise,33,4,2,26.94,32.13,2022-04-21,2022-04-29,No,No,Windows,Firefox,Credit Card,English,Afternoon,5,Small Business,karen.gonzalez856@outlook.com,,0
81845,Michael Garcia,michael.garcia355@yahoo.com,CRM Platform,Performance Issue,I found a bug in the latest update affecting report generation.,Explained billing breakdown and clarified applicable charges.,Medium,Pending Customer,Email,Australia,33,Other,Basic,9,4,1,35.03,41.6,2023-12-27,2024-01-02,No,Yes,Android,Unknown,Crypto,Chinese,Afternoon,6,Corporate,michael.garcia355@yahoo.com,,0
67625,Jessica Martinez,jessica.martinez606@icloud.com,CRM Platform,Refund Request,There seems to be a discrepancy in my billing statement for this month.,The duplicate charge was reversed and refund processed within 3-5 business days.,High,In Progress,Web Form,Asia,20,Other,Premium,17,17,1,21.85,124.32,2022-03-24,2022-03-29,Yes,Yes,Linux,Unknown,PayPal,Spanish,Afternoon,8,Corporate,jessica.martinez606@icloud.com,,0
143191,Joseph Johnson,joseph.johnson448@hotmail.com,Payment Gateway,Login Issue,Two-factor authentication codes are not being delivered to my phone.,Subscription status corrected and confirmation email sent to customer.,High,Resolved,Chat,North America,43,Male,Enterprise,18,9,4,14.34,97.44,2023-07-01,2023-07-05,Yes,No,MacOS,Chrome,Bank Transfer,German,Night,9,Individual,joseph.johnson448@hotmail.com,,0
110336,Sarah Johnson,sarah.johnson497@hotmail.com,Web Portal,Account Suspension,The system is not syncing data across devices properly.,The issue was escalated to engineering and resolved in the latest patch.,Medium,Resolved,Phone,North America,47,Other,Enterprise,46,11,3,48.0,68.88,2022-04-22,2022-04-27,No,No,Linux,Safari,PayPal,Chinese,Evening,6,Individual,sarah.johnson497@hotmail.com,,0
192851,John Lopez,john.lopez126@company.com,Web Portal,Login Issue,The application crashes whenever I try to upload a file.,The duplicate charge was reversed and refund processed within 3-5 business days.,Low,In Progress,Phone,North America,45,Other,Basic,2,20,4,11.16,44.14,2022-03-04,2022-03-16,No,No,Android,Safari,Crypto,Spanish,Morning,1,Small Business,john.lopez126@company.com,,0
179232,Susan Taylor,susan.taylor303@company.com,Analytics Dashboard,Bug Report,Two-factor authentication codes are not being delivered to my phone.,The duplicate charge was reversed and refund processed within 3-5 business days.,Medium,Resolved,Web Form,South America,61,Female,Free,37,14,4,40.66,239.52,2023-07-25,2023-08-06,No,Yes,MacOS,Safari,Credit Card,Japanese,Night,4,Small Business,susan.taylor303@company.com,,0
37977,Susan Garcia,susan.garcia137@yahoo.com,Billing System,Feature Request,The application crashes whenever I try to upload a file.,The duplicate charge was reversed and refund processed within 3-5 business days.,Low,Pending Customer,Email,South America,52,Male,Basic,5,3,3,33.45,151.61,2023-09-29,2023-09-30,No,No,Linux,Edge,Debit Card,Spanish,Afternoon,9,Small Business,susan.garcia137@yahoo.com,,0
80107,Jennifer Davis,jennifer.davis82@hotmail.com,Mobile App,Feature Request,I am experiencing very slow performance while using the dashboard.,Subscription status corrected and confirmation email sent to customer.,Low,Closed,Social Media,North America,59,Male,Premium,44,6,3,63.0,169.24,2024-02-16,2024-02-28,Yes,Yes,iOS,Chrome,Debit Card,Japanese,Afternoon,8,Individual,jennifer.davis82@hotmail.com,,0
193850,Linda Taylor,linda.taylor271@icloud.com,Billing System,Data Sync Issue,The system is not syncing data across devices properly.,The issue was escalated to engineering and resolved in the latest patch.,Medium,Open,Email,Europe,27,Male,Free,12,17,5,71.41,60.56,2023-01-01,2023-01-09,No,Yes,Linux,Safari,Debit Card,German,Night,3,Corporate,linda.taylor271@icloud.com,,0
71132,Elizabeth Martinez,elizabeth.martinez415@outlook.com,Subscription Service,Payment Problem,My subscription was cancelled without my request and I need clarification.,The duplicate charge was reversed and refund processed within 3-5 business days.,High,Resolved,Phone,Asia,34,Female,Free,15,12,3,7.47,26.41,2023-06-08,2023-06-12,No,No,Android,Firefox,Bank Transfer,Spanish,Night,10,Individual,elizabeth.martinez415@outlook.com,,0
55675,Karen Davis,karen.davis210@yahoo.com,Subscription Service,Payment Problem,Two-factor authentication codes are not being delivered to my phone.,Bug logged internally and workaround shared with the customer.,High,Resolved,Web Form,Australia,66,Other,Enterprise,28,1,1,54.39,236.31,2024-04-24,2024-04-28,No,Yes,Android,Edge,Crypto,German,Afternoon,6,Individual,karen.davis210@yahoo.com,,0
108480,Elizabeth Martin,elizabeth.martin367@yahoo.com,Analytics Dashboard,Subscription Cancellation,Two-factor authentication codes are not being delivered to my phone.,Explained billing breakdown and clarified applicable charges.,Urgent,Open,Email,North America,50,Other,Premium,8,0,1,38.26,190.08,2024-12-13,2024-12-24,Yes,No,Android,Edge,Crypto,German,Evening,6,Small Business,elizabeth.martin367@yahoo.com,,0
127971,Thomas Hernandez,thomas.hernandez458@icloud.com,CRM Platform,Security Concern,The payment was deducted from my bank account but the transaction shows failed.,Security settings updated and customer notified of precautionary measures.,High,Resolved,Email,South America,44,Female,Basic,10,10,3,21.28,190.91,2024-09-22,2024-10-03,Yes,Yes,Windows,Chrome,Crypto,French,Afternoon,6,Corporate,thomas.hernandez458@icloud.com,,0
34092,Patricia Brown,patricia.brown448@gmail.com,Web Portal,Performance Issue,There seems to be a discrepancy in my billing statement for this month.,Provided step-by-step troubleshooting instructions and issue resolved.,Urgent,Resolved,Phone,North America,72,Male,Enterprise,37,0,1,54.57,53.28,2024-08-08,2024-08-21,No,No,Linux,Safari,Crypto,Japanese,Morning,7,Small Business,patricia.brown448@gmail.com,,0
150060,Linda Anderson,linda.anderson666@gmail.com,Cloud Storage,Login Issue,I am experiencing very slow performance while using the dashboard.,Provided step-by-step troubleshooting instructions and issue resolved.,Low,Pending Customer,Phone,South America,72,Female,Basic,52,0,5,51.9,225.63,2022-08-14,2022-08-22,Yes,No,iOS,Safari,Crypto,Chinese,Evening,6,Corporate,linda.anderson666@gmail.com,,0
35685,Linda Hernandez,linda.hernandez507@yahoo.com,Cloud Storage,Refund Request,I am experiencing very slow performance while using the dashboard.,Security settings updated and customer notified of precautionary measures.,Low,In Progress,Phone,Australia,41,Other,Premium,57,1,5,54.94,46.05,2022-10-29,2022-11-02,No,Yes,Android,Safari,Crypto,Spanish,Evening,4,Individual,linda.hernandez507@yahoo.com,,0
171589,Richard Jackson,richard.jackson719@icloud.com,Billing System,Bug Report,Two-factor authentication codes are not being delivered to my phone.,The issue was escalated to engineering and resolved in the latest patch.,Low,Open,Chat,Africa,43,Male,Basic,11,14,5,18.12,225.88,2023-09-26,2023-10-06,No,Yes,Windows,Edge,PayPal,Chinese,Morning,6,Individual,richard.jackson719@icloud.com,,0
72875,Charles Wilson,charles.wilson576@icloud.com,Cloud Storage,Bug Report,I am unable to access my account after entering the correct credentials.,Data synchronization restored after backend service restart.,Medium,Closed,Web Form,Europe,61,Female,Basic,51,18,4,34.32,120.69,2024-02-05,2024-02-06,No,No,Windows,Firefox,PayPal,Japanese,Morning,3,Individual,charles.wilson576@icloud.com,,0
123577,Linda Jackson,linda.jackson618@icloud.com,API Service,Subscription Cancellation,I am experiencing very slow performance while using the dashboard.,Subscription status corrected and confirmation email sent to customer.,Urgent,Pending Customer,Phone,Europe,32,Other,Enterprise,8,1,3,49.76,239.58,2023-03-30,2023-04-12,No,Yes,Android,Safari,PayPal,Spanish,Evening,1,Small Business,linda.jackson618@icloud.com,,0
13469,Patricia Jackson,patricia.jackson347@outlook.com,Web Portal,Login Issue,I found a bug in the latest update affecting report generation.,Security settings updated and customer notified of precautionary measures.,Urgent,Closed,Chat,Europe,46,Female,Premium,39,5,4,35.34,147.92,2022-04-02,2022-04-14,Yes,Yes,Android,Edge,Debit Card,German,Night,7,Individual,patricia.jackson347@outlook.com,,0
22960,Barbara Taylor,barbara.taylor553@yahoo.com,Subscription Service,Account Suspension,Two-factor authentication codes are not being delivered to my phone.,Security settings updated and customer notified of precautionary measures.,High,In Progress,Phone,South America,42,Other,Free,2,10,3,33.63,154.13,2022-02-23,2022-03-09,Yes,Yes,Android,Unknown,Debit Card,German,Evening,1,Small Business,barbara.taylor553@yahoo.com,,0
78993,Richard Smith,richard.smith264@hotmail.com,CRM Platform,Security Concern,I am experiencing very slow performance while using the dashboard.,We have reset the account credentials and advised the customer to retry login.,High,In Progress,Web Form,North America,50,Other,Basic,7,15,3,30.69,142.71,2023-01-16,2023-01-24,Yes,No,iOS,Edge,Crypto,German,Evening,10,Small Business,richard.smith264@hotmail.com,,0
51175,Jessica Martinez,jessica.martinez348@yahoo.com,Web Portal,Feature Request,The payment was deducted from my bank account but the transaction shows failed.,Bug logged internally and workaround shared with the customer.,Low,Closed,Social Media,Africa,44,Other,Premium,13,17,4,17.09,146.6,2022-02-13,2022-02-15,No,No,Linux,Firefox,Bank Transfer,German,Night,4,Small Business,jessica.martinez348@yahoo.com,,0
118040,Mary Johnson,mary.johnson487@hotmail.com,Billing System,Bug Report,Two-factor authentication codes are not being delivered to my phone.,The duplicate charge was reversed and refund processed within 3-5 business days.,Medium,In Progress,Email,Africa,32,Male,Premium,35,3,1,26.0,96.04,2022-08-06,2022-08-13,Yes,Yes,Android,Firefox,Bank Transfer,Japanese,Evening,3,Corporate,mary.johnson487@hotmail.com,,0
188630,Jessica Brown,jessica.brown479@company.com,Payment Gateway,Security Concern,I am experiencing very slow performance while using the dashboard.,Security settings updated and customer notified of precautionary measures.,Low,Open,Phone,Asia,54,Other,Premium,42,7,1,37.37,178.29,2022-01-01,2022-01-08,No,No,Linux,Chrome,Bank Transfer,English,Afternoon,8,Corporate,jessica.brown479@company.com,,0
183776,William Martinez,william.martinez557@yahoo.com,Analytics Dashboard,Subscription Cancellation,Two-factor authentication codes are not being delivered to my phone.,Security settings updated and customer notified of precautionary measures.,Urgent,Resolved,Phone,South America,68,Female,Basic,55,18,1,48.29,217.66,2022-02-05,2022-02-16,No,No,Android,Chrome,Bank Transfer,Chinese,Night,8,Individual,william.martinez557@yahoo.com,,0
149928,Barbara Taylor,barbara.taylor399@icloud.com,API Service,Data Sync Issue,Two-factor authentication codes are not being delivered to my phone.,The duplicate charge was reversed and refund processed within 3-5 business days.,Medium,In Progress,Email,Australia,74,Female,Basic,32,1,4,64.33,3.91,2022-09-26,2022-09-28,Yes,No,MacOS,Firefox,Crypto,Japanese,Morning,4,Small Business,barbara.taylor399@icloud.com,,0
698,Barbara Garcia,barbara.garcia232@company.com,Web Portal,Bug Report,Two-factor authentication codes are not being delivered to my phone.,The issue was escalated to engineering and resolved in the latest patch.,Medium,Open,Phone,Australia,68,Male,Enterprise,47,0,3,40.94,104.66,2022-01-13,2022-01-15,Yes,No,MacOS,Unknown,PayPal,French,Morning,10,Small Business,barbara.garcia232@company.com,,0
110335,Karen Johnson,karen.johnson380@outlook.com,Cloud Storage,Performance Issue,The payment was deducted from my bank account but the transaction shows failed.,Explained billing breakdown and clarified applicable charges.,High,Resolved,Social Media,Australia,59,Male,Free,43,8,1,65.53,139.32,2023-12-02,2023-12-10,Yes,No,iOS,Unknown,Bank Transfer,Chinese,Afternoon,3,Small Business,karen.johnson380@outlook.com,,0
149518,Linda Moore,linda.moore98@company.com,Cloud Storage,Security Concern,There seems to be a discrepancy in my billing statement for this month.,The issue was escalated to engineering and resolved in the latest patch.,Urgent,Resolved,Web Form,South America,31,Female,Free,53,1,3,59.09,124.03,2024-05-04,2024-05-11,Yes,No,iOS,Chrome,Bank Transfer,Japanese,Morning,1,Small Business,linda.moore98@company.com,,0
10559,Thomas Williams,thomas.williams869@icloud.com,Subscription Service,Security Concern,I would like to request a refund for the recent charge.,The issue was escalated to engineering and resolved in the latest patch.,Medium,Closed,Social Media,Europe,27,Other,Free,13,1,2,49.98,107.92,2022-02-20,2022-03-02,No,No,Android,Edge,Credit Card,Spanish,Afternoon,10,Corporate,thomas.williams869@icloud.com,,0
50559,Thomas Miller,thomas.miller405@gmail.com,Payment Gateway,Subscription Cancellation,My subscription was cancelled without my request and I need clarification.,Data synchronization restored after backend service restart.,Medium,Closed,Web Form,South America,72,Male,Enterprise,52,16,1,39.65,113.57,2024-01-24,2024-02-01,No,Yes,Windows,Chrome,Credit Card,Japanese,Morning,9,Corporate,thomas.miller405@gmail.com,,0
75848,Susan Anderson,susan.anderson522@gmail.com,Mobile App,Feature Request,The application crashes whenever I try to upload a file.,Payment gateway timeout issue fixed and monitoring implemented.,Low,In Progress,Social Media,Australia,35,Other,Basic,29,20,2,62.86,106.3,2023-05-26,2023-06-02,No,Yes,Android,Chrome,Crypto,Chinese,Morning,5,Corporate,susan.anderson522@gmail.com,,0
121351,Sarah Garcia,sarah.garcia127@company.com,Analytics Dashboard,Bug Report,The payment was deducted from my bank account but the transaction shows failed.,Payment gateway timeout issue fixed and monitoring implemented.,High,Closed,Social Media,Australia,75,Other,Basic,50,19,2,52.43,216.2,2022-04-26,2022-05-05,No,No,Android,Edge,PayPal,Spanish,Night,5,Corporate,sarah.garcia127@company.com,,0
52136,Linda Moore,linda.moore518@gmail.com,Subscription Service,Subscription Cancellation,I am unable to access my account after entering the correct credentials.,The duplicate charge was reversed and refund processed within 3-5 business days.,Low,Open,Social Media,Europe,46,Female,Free,51,13,5,3.66,227.22,2022-05-07,2022-05-16,No,No,Windows,Edge,Credit Card,German,Night,9,Small Business,linda.moore518@gmail.com,,0
163821,Michael Gonzalez,michael.gonzalez158@hotmail.com,API Service,Subscription Cancellation,The application crashes whenever I try to upload a file.,Provided step-by-step troubleshooting instructions and issue resolved.,High,Pending Customer,Web Form,South America,69,Other,Premium,3,1,4,57.21,151.9,2024-07-18,2024-07-26,No,Yes,Android,Chrome,Crypto,German,Afternoon,6,Corporate,michael.gonzalez158@hotmail.com,,0
149134,Sarah Hernandez,sarah.hernandez93@outlook.com,Analytics Dashboard,Login Issue,Two-factor authentication codes are not being delivered to my phone.,We have reset the account credentials and advised the customer to retry login.,Low,Closed,Web Form,Asia,37,Male,Basic,2,12,1,43.54,170.05,2022-11-14,2022-11-26,Yes,Yes,Android,Chrome,Bank Transfer,French,Afternoon,10,Corporate,sarah.hernandez93@outlook.com,,0
25582,Elizabeth Taylor,elizabeth.taylor31@hotmail.com,API Service,Subscription Cancellation,I am unable to access my account after entering the correct credentials.,The issue was escalated to engineering and resolved in the latest patch.,Urgent,Resolved,Web Form,Australia,38,Female,Enterprise,44,6,5,42.31,32.06,2024-07-20,2024-07-22,Yes,Yes,iOS,Firefox,PayPal,German,Evening,2,Individual,elizabeth.taylor31@hotmail.com,,0
139076,Susan Anderson,susan.anderson328@company.com,Billing System,Refund Request,My subscription was cancelled without my request and I need clarification.,The issue was escalated to engineering and resolved in the latest patch.,Urgent,Closed,Phone,North America,21,Male,Premium,34,15,2,7.65,52.71,2022-04-10,2022-04-24,No,Yes,Linux,Firefox,Bank Transfer,English,Evening,8,Individual,susan.anderson328@company.com,,0
66293,Robert Hernandez,robert.hernandez28@outlook.com,Web Portal,Refund Request,The application crashes whenever I try to upload a file.,Security settings updated and customer notified of precautionary measures.,Urgent,Pending Customer,Web Form,Europe,37,Female,Premium,60,16,3,18.2,152.05,2024-12-03,2024-12-07,Yes,Yes,iOS,Safari,Credit Card,Chinese,Night,6,Small Business,robert.hernandez28@outlook.com,,0
139041,James Moore,james.moore974@icloud.com,Subscription Service,Account Suspension,The payment was deducted from my bank account but the transaction shows failed.,Subscription status corrected and confirmation email sent to customer.,Low,Resolved,Phone,Australia,64,Other,Free,53,8,2,18.37,168.56,2022-06-29,2022-07-03,Yes,Yes,iOS,Firefox,Debit Card,French,Evening,2,Corporate,james.moore974@icloud.com,,0
95704,Joseph Hernandez,joseph.hernandez251@yahoo.com,Subscription Service,Data Sync Issue,There seems to be a discrepancy in my billing statement for this month.,Payment gateway timeout issue fixed and monitoring implemented.,Urgent,Closed,Email,South America,43,Male,Free,6,14,4,20.49,3.79,2024-09-02,2024-09-10,Yes,Yes,Android,Firefox,Bank Transfer,Japanese,Evening,6,Small Business,joseph.hernandez251@yahoo.com,,0
183949,Patricia Wilson,patricia.wilson531@hotmail.com,Web Portal,Bug Report,The application crashes whenever I try to upload a file.,Bug logged internally and workaround shared with the customer.,High,Resolved,Social Media,Australia,58,Other,Enterprise,48,5,1,66.94,164.75,2023-05-10,2023-05-22,No,No,Linux,Edge,Credit Card,German,Evening,3,Individual,patricia.wilson531@hotmail.com,,0
42912,James Williams,james.williams833@icloud.com,API Service,Payment Problem,The payment was deducted from my bank account but the transaction shows failed.,Security settings updated and customer notified of precautionary measures.,Urgent,Resolved,Web Form,Australia,32,Male,Enterprise,16,10,5,8.22,60.08,2024-01-23,2024-01-29,Yes,No,MacOS,Unknown,Credit Card,Japanese,Morning,5,Corporate,james.williams833@icloud.com,,0
155577,Patricia Moore,patricia.moore786@gmail.com,API Service,Bug Report,I am unable to access my account after entering the correct credentials.,Provided step-by-step troubleshooting instructions and issue resolved.,High,Resolved,Social Media,Australia,30,Male,Basic,7,20,3,47.75,136.58,2023-11-23,2023-12-03,No,No,Android,Firefox,Debit Card,German,Evening,7,Small Business,patricia.moore786@gmail.com,,0
30751,Patricia Jackson,patricia.jackson732@outlook.com,API Service,Payment Problem,The payment was deducted from my bank account but the transaction shows failed.,Data synchronization restored after backend service restart.,Low,Resolved,Web Form,Asia,63,Male,Enterprise,6,17,1,37.95,112.51,2022-06-13,2022-06-16,No,No,Android,Unknown,Debit Card,French,Afternoon,9,Individual,patricia.jackson732@outlook.com,,0
36448,Barbara Thomas,barbara.thomas847@yahoo.com,Web Portal,Subscription Cancellation,I am unable to access my account after entering the correct credentials.,Explained billing breakdown and clarified applicable charges.,Medium,In Progress,Web Form,Europe,70,Male,Premium,20,16,4,30.36,3.28,2024-10-01,2024-10-14,No,Yes,MacOS,Chrome,Bank Transfer,Spanish,Night,4,Corporate,barbara.thomas847@yahoo.com,,0
177894,Sarah Jones,sarah.jones918@yahoo.com,Mobile App,Feature Request,I found a bug in the latest update affecting report generation.,Explained billing breakdown and clarified applicable charges.,Medium,Open,Chat,Australia,22,Other,Basic,57,14,2,3.28,141.21,2023-11-06,2023-11-12,Yes,Yes,Linux,Edge,Debit Card,Japanese,Afternoon,4,Small Business,sarah.jones918@yahoo.com,,0
182883,Charles Hernandez,charles.hernandez297@gmail.com,Web Portal,Security Concern,Two-factor authentication codes are not being delivered to my phone.,We have reset the account credentials and advised the customer to retry login.,High,Open,Web Form,Africa,18,Female,Enterprise,12,7,4,12.14,68.43,2024-10-04,2024-10-13,No,Yes,Windows,Unknown,Credit Card,English,Evening,9,Individual,charles.hernandez297@gmail.com,,0
137335,Jessica Rodriguez,jessica.rodriguez739@yahoo.com,Cloud Storage,Payment Problem,I would like to request a refund for the recent charge.,Bug logged internally and workaround shared with the customer.,Medium,Pending Customer,Email,Europe,38,Other,Premium,11,18,2,1.97,103.18,2024-12-13,2024-12-19,No,No,iOS,Firefox,Bank Transfer,Chinese,Night,5,Small Business,jessica.rodriguez739@yahoo.com,,0
34110,Susan Taylor,susan.taylor415@gmail.com,Analytics Dashboard,Security Concern,The application crashes whenever I try to upload a file.,Security settings updated and customer notified of precautionary measures.,Low,Resolved,Chat,Australia,37,Male,Enterprise,26,8,2,0.79,208.23,2024-06-28,2024-06-28,Yes,Yes,MacOS,Safari,Credit Card,German,Night,7,Individual,susan.taylor415@gmail.com,,0
157955,Jessica Thomas,jessica.thomas989@yahoo.com,E-commerce Store,Bug Report,The payment was deducted from my bank account but the transaction shows failed.,Security settings updated and customer notified of precautionary measures.,High,Resolved,Chat,Europe,18,Male,Basic,5,7,5,69.24,196.04,2022-12-18,2022-12-31,Yes,No,Android,Edge,Debit Card,German,Morning,10,Corporate,jessica.thomas989@yahoo.com,,0
90512,James Jackson,james.jackson691@yahoo.com,Subscription Service,Account Suspension,I am experiencing very slow performance while using the dashboard.,We have reset the account credentials and advised the customer to retry login.,Urgent,Open,Chat,Africa,57,Female,Enterprise,47,5,1,24.51,191.32,2022-10-04,2022-10-15,No,Yes,MacOS,Safari,PayPal,Spanish,Night,6,Corporate,james.jackson691@yahoo.com,,0
173668,Susan Jackson,susan.jackson346@yahoo.com,Analytics Dashboard,Security Concern,The application crashes whenever I try to upload a file.,Subscription status corrected and confirmation email sent to customer.,Urgent,Pending Customer,Web Form,Asia,40,Female,Premium,33,9,5,61.85,235.78,2022-03-18,2022-03-25,Yes,No,iOS,Safari,Credit Card,Spanish,Evening,3,Individual,susan.jackson346@yahoo.com,,0
170819,James Anderson,james.anderson62@company.com,Subscription Service,Security Concern,There seems to be a discrepancy in my billing statement for this month.,Bug logged internally and workaround shared with the customer.,Urgent,Open,Social Media,North America,30,Other,Premium,31,16,1,25.51,211.78,2022-02-07,2022-02-07,No,Yes,iOS,Edge,Bank Transfer,English,Morning,2,Small Business,james.anderson62@company.com,2022-01-06,0
122082,Jessica Smith,jessica.smith692@yahoo.com,E-commerce Store,Subscription Cancellation,I am unable to access my account after entering the correct credentials.,Payment gateway timeout issue fixed and monitoring implemented.,Low,Resolved,Chat,Africa,56,Male,Free,9,20,1,41.63,208.58,2024-12-05,2024-12-17,Yes,No,iOS,Chrome,PayPal,German,Afternoon,7,Individual,jessica.smith692@yahoo.com,,0
193120,Richard Williams,richard.williams71@outlook.com,Analytics Dashboard,Security Concern,I would like to request a refund for the recent charge.,Payment gateway timeout issue fixed and monitoring implemented.,High,Open,Email,South America,19,Female,Enterprise,35,1,5,14.28,132.63,2023-07-09,2023-07-15,No,Yes,Windows,Edge,PayPal,Japanese,Morning,1,Individual,richard.williams71@outlook.com,,0
94736,Michael Jones,michael.jones404@hotmail.com,API Service,Data Sync Issue,Two-factor authentication codes are not being delivered to my phone.,Payment gateway timeout issue fixed and monitoring implemented.,Low,In Progress,Phone,Africa,30,Male,Basic,15,1,1,15.47,135.0,2023-07-17,2023-07-23,No,No,Windows,Firefox,Credit Card,Spanish,Morning,2,Individual,michael.jones404@hotmail.com,,0
122384,John Martinez,john.martinez169@icloud.com,Mobile App,Bug Report,My subscription was cancelled without my request and I need clarification.,We have reset the account credentials and advised the customer to retry login.,Urgent,In Progress,Phone,Asia,62,Other,Basic,29,13,3,13.16,208.64,2023-10-23,2023-11-03,Yes,No,MacOS,Safari,Debit Card,Chinese,Evening,3,Corporate,john.martinez169@icloud.com,,0
180488,Karen Garcia,karen.garcia147@yahoo.com,E-commerce Store,Login Issue,The application crashes whenever I try to upload a file.,Provided step-by-step troubleshooting instructions and issue resolved.,High,In Progress,Email,North America,69,Male,Free,60,20,1,49.16,22.93,2024-06-29,2024-07-06,Yes,Yes,MacOS,Safari,Credit Card,Chinese,Morning,1,Corporate,karen.garcia147@yahoo.com,,0
86102,William Thomas,william.thomas17@yahoo.com,Cloud Storage,Account Suspension,I am experiencing very slow performance while using the dashboard.,Security settings updated and customer notified of precautionary measures.,High,Pending Customer,Phone,Australia,18,Female,Free,33,7,2,18.72,9.23,2024-02-11,2024-02-18,No,No,Windows,Unknown,PayPal,German,Evening,7,Individual,william.thomas17@yahoo.com,,0
88591,Elizabeth Martin,elizabeth.martin274@company.com,Billing System,Account Suspension,I am experiencing very slow performance while using the dashboard.,We have reset the account credentials and advised the customer to retry login.,Low,Pending Customer,Phone,Europe,54,Female,Premium,44,7,3,42.87,205.78,2023-07-05,2023-07-11,Yes,No,Windows,Firefox,Crypto,English,Night,10,Corporate,elizabeth.martin274@company.com,,0
3560,Elizabeth Taylor,elizabeth.taylor924@icloud.com,Subscription Service,Subscription Cancellation,My subscription was cancelled without my request and I need clarification.,The issue was escalated to engineering and resolved in the latest patch.,Low,In Progress,Email,Australia,39,Other,Basic,36,17,4,3.1,225.95,2023-11-15,2023-11-19,No,No,Linux,Chrome,Debit Card,English,Afternoon,5,Small Business,elizabeth.taylor924@icloud.com,,0
94321,Jennifer Lopez,jennifer.lopez577@outlook.com,Cloud Storage,Login Issue,The payment was deducted from my bank account but the transaction shows failed.,Security settings updated and customer notified of precautionary measures.,Medium,In Progress,Chat,North America,38,Male,Basic,23,4,3,54.5,118.7,2024-10-22,2024-10-29,Yes,Yes,Linux,Chrome,PayPal,German,Evening,5,Individual,jennifer.lopez577@outlook.com,,0
38755,William Thomas,william.thomas374@company.com,Subscription Service,Security Concern,I found a bug in the latest update affecting report generation.,Provided step-by-step troubleshooting instructions and issue resolved.,Low,In Progress,Web Form,Africa,34,Female,Enterprise,33,15,1,30.02,5.28,2022-07-14,2022-07-14,Yes,No,Linux,Chrome,Credit Card,Chinese,Night,1,Individual,william.thomas374@company.com,,0
122572,Charles Moore,charles.moore930@hotmail.com,E-commerce Store,Performance Issue,I found a bug in the latest update affecting report generation.,We have reset the account credentials and advised the customer to retry login.,Medium,In Progress,Chat,Africa,35,Male,Enterprise,23,13,4,22.44,80.27,2022-02-01,2022-02-10,No,Yes,iOS,Safari,Debit Card,Spanish,Evening,10,Corporate,charles.moore930@hotmail.com,,0
102029,Patricia Rodriguez,patricia.rodriguez601@yahoo.com,Billing System,Payment Problem,I found a bug in the latest update affecting report generation.,Security settings updated and customer notified of precautionary measures.,Urgent,Open,Web Form,North America,69,Female,Basic,10,6,5,65.3,230.44,2022-04-07,2022-04-17,Yes,Yes,Linux,Safari,Bank Transfer,Japanese,Afternoon,1,Corporate,patricia.rodriguez601@yahoo.com,,0
125060,Patricia Smith,patricia.smith532@gmail.com,Mobile App,Security Concern,Two-factor authentication codes are not being delivered to my phone.,Bug logged internally and workaround shared with the customer.,High,Resolved,Chat,South America,64,Other,Premium,29,8,3,65.34,177.26,2024-07-01,2024-07-15,No,Yes,iOS,Unknown,Credit Card,English,Afternoon,9,Corporate,patricia.smith532@gmail.com,,0
94538,William Smith,william.smith162@company.com,Mobile App,Bug Report,The system is not syncing data across devices properly.,The duplicate charge was reversed and refund processed within 3-5 business days.,Low,Pending Customer,Email,Asia,65,Other,Premium,15,15,2,53.8,89.82,2024-10-21,2024-10-21,Yes,Yes,Windows,Firefox,PayPal,French,Night,3,Corporate,william.smith162@company.com,,0
133143,Richard Martin,richard.martin424@yahoo.com,Payment Gateway,Security Concern,The application crashes whenever I try to upload a file.,Bug logged internally and workaround shared with the customer.,Urgent,Closed,Email,South America,26,Female,Enterprise,28,15,3,26.18,138.8,2023-06-16,2023-06-28,Yes,No,iOS,Safari,Credit Card,Chinese,Morning,3,Corporate,richard.martin424@yahoo.com,,0
22596,Jennifer Anderson,jennifer.anderson593@hotmail.com,Cloud Storage,Account Suspension,Two-factor authentication codes are not being delivered to my phone.,Subscription status corrected and confirmation email sent to customer.,Urgent,In Progress,Email,Asia,61,Male,Free,60,15,1,12.97,16.13,2022-07-24,2022-08-06,No,No,iOS,Unknown,PayPal,Spanish,Morning,3,Individual,jennifer.anderson593@hotmail.com,,0
53652,Jennifer Garcia,jennifer.garcia372@company.com,Analytics Dashboard,Refund Request,I am experiencing very slow performance while using the dashboard.,We have reset the account credentials and advised the customer to retry login.,Low,Closed,Email,Africa,22,Female,Free,39,18,1,64.26,62.22,2022-07-22,2022-07-23,No,No,Android,Firefox,Bank Transfer,Spanish,Morning,7,Small Business,jennifer.garcia372@company.com,,0
48392,Elizabeth Gonzalez,elizabeth.gonzalez491@yahoo.com,Cloud Storage,Bug Report,My subscription was cancelled without my request and I need clarification.,Provided step-by-step troubleshooting instructions and issue resolved.,Urgent,Resolved,Chat,Europe,43,Male,Free,18,20,2,15.16,212.67,2023-09-11,2023-09-23,Yes,No,MacOS,Firefox,Crypto,Japanese,Evening,5,Individual,elizabeth.gonzalez491@yahoo.com,,0
177123,Thomas Brown,thomas.brown87@yahoo.com,Billing System,Subscription Cancellation,I am experiencing very slow performance while using the dashboard.,The duplicate charge was reversed and refund processed within 3-5 business days.,Medium,Resolved,Web Form,Asia,44,Female,Premium,44,17,4,43.17,196.15,2024-04-01,2024-04-03,Yes,No,iOS,Firefox,PayPal,Chinese,Morning,1,Corporate,thomas.brown87@yahoo.com,,0
146135,Karen Jones,karen.jones800@outlook.com,Analytics Dashboard,Account Suspension,The payment was deducted from my bank account but the transaction shows failed.,Explained billing breakdown and clarified applicable charges.,Low,Closed,Phone,Asia,70,Other,Free,4,9,2,58.35,90.49,2023-10-23,2023-10-29,Yes,No,MacOS,Edge,Crypto,English,Night,5,Small Business,karen.jones800@outlook.com,,0
180776,Linda Johnson,linda.johnson777@icloud.com,API Service,Subscription Cancellation,I am unable to access my account after entering the correct credentials.,Data synchronization restored after backend service restart.,Low,Closed,Web Form,Asia,72,Female,Free,22,6,1,19.22,234.31,2024-05-02,2024-05-09,Yes,Yes,iOS,Firefox,PayPal,German,Evening,6,Individual,linda.johnson777@icloud.com,,0
121254,Jessica Lopez,jessica.lopez909@icloud.com,Cloud Storage,Subscription Cancellation,I found a bug in the latest update affecting report generation.,Security settings updated and customer notified of precautionary measures.,High,In Progress,Web Form,Asia,44,Other,Free,47,4,4,0.9,66.64,2023-10-16,2023-10-30,Yes,No,Android,Firefox,PayPal,Chinese,Evening,9,Individual,jessica.lopez909@icloud.com,,0
139823,Sarah Lopez,sarah.lopez608@company.com,Mobile App,Login Issue,I am unable to access my account after entering the correct credentials.,Provided step-by-step troubleshooting instructions and issue resolved.,Urgent,Pending Customer,Phone,North America,27,Female,Premium,41,11,2,46.22,94.32,2023-04-15,2023-04-27,Yes,Yes,iOS,Unknown,Bank Transfer,Spanish,Evening,1,Corporate,sarah.lopez608@company.com,,0
35778,Sarah Davis,sarah.davis907@outlook.com,Payment Gateway,Account Suspension,I am unable to access my account after entering the correct credentials.,Bug logged internally and workaround shared with the customer.,High,In Progress,Web Form,Australia,28,Male,Premium,47,18,4,33.03,83.55,2024-11-22,2024-12-04,No,Yes,Windows,Edge,Debit Card,Japanese,Evening,2,Small Business,sarah.davis907@outlook.com,,0
179100,Susan Lopez,susan.lopez192@icloud.com,Payment Gateway,Data Sync Issue,I am experiencing very slow performance while using the dashboard.,Provided step-by-step troubleshooting instructions and issue resolved.,Urgent,Open,Web Form,Europe,54,Other,Premium,38,20,4,36.32,157.81,2023-11-09,2023-11-22,Yes,No,Android,Safari,Debit Card,Chinese,Afternoon,1,Individual,susan.lopez192@icloud.com,,0
118177,Michael Taylor,michael.taylor294@yahoo.com,Analytics Dashboard,Security Concern,I am unable to access my account after entering the correct credentials.,Data synchronization restored after backend service restart.,Low,In Progress,Email,Europe,23,Female,Basic,43,5,3,60.03,114.68,2024-04-15,2024-04-19,No,Yes,MacOS,Safari,PayPal,Japanese,Evening,5,Corporate,michael.taylor294@yahoo.com,,0
144164,Jennifer Lopez,jennifer.lopez674@yahoo.com,API Service,Bug Report,I am unable to access my account after entering the correct credentials.,We have reset the account credentials and advised the customer to retry login.,Medium,Resolved,Phone,Europe,18,Female,Basic,47,6,2,2.97,112.33,2023-07-21,2023-08-03,No,No,Windows,Edge,Crypto,English,Morning,8,Small Business,jennifer.lopez674@yahoo.com,,0
193372,Linda Jackson,linda.jackson450@outlook.com,API Service,Subscription Cancellation,I found a bug in the latest update affecting report generation.,We have reset the account credentials and advised the customer to retry login.,Medium,In Progress,Phone,Asia,24,Other,Free,33,9,5,14.97,58.28,2022-08-19,2022-08-26,Yes,Yes,iOS,Chrome,Crypto,French,Morning,9,Individual,linda.jackson450@outlook.com,,0
168994,Charles Rodriguez,charles.rodriguez979@icloud.com,API Service,Performance Issue,My subscription was cancelled without my request and I need clarification.,Payment gateway timeout issue fixed and monitoring implemented.,Low,In Progress,Chat,South America,49,Male,Premium,54,18,2,49.14,237.85,2024-07-10,2024-07-24,Yes,No,iOS,Safari,Crypto,English,Morning,5,Small Business,charles.rodriguez979@icloud.com,,0
39783,John Martinez,john.martinez961@company.com,Analytics Dashboard,Refund Request,The system is not syncing data across devices properly.,Provided step-by-step troubleshooting instructions and issue resolved.,High,Closed,Web Form,South America,21,Female,Premium,38,11,4,69.57,44.15,2023-10-11,2023-10-15,Yes,Yes,Linux,Safari,Bank Transfer,Japanese,Afternoon,4,Individual,john.martinez961@company.com,,0
171553,Elizabeth Rodriguez,elizabeth.rodriguez301@outlook.com,Cloud Storage,Security Concern,There seems to be a discrepancy in my billing statement for this month.,We have reset the account credentials and advised the customer to retry login.,Low,Resolved,Email,North America,69,Male,Basic,21,11,4,10.45,170.71,2024-04-26,2024-04-29,No,Yes,Windows,Firefox,Credit Card,Chinese,Morning,1,Corporate,elizabeth.rodriguez301@outlook.com,,0
130017,Richard Hernandez,richard.hernandez378@company.com,Cloud Storage,Refund Request,The system is not syncing data across devices properly.,The issue was escalated to engineering and resolved in the latest patch.,Urgent,Open,Social Media,Europe,69,Male,Premium,4,14,3,38.7,182.55,2023-10-28,2023-11-02,Yes,No,iOS,Firefox,PayPal,English,Night,9,Corporate,richard.hernandez378@company.com,,0
113214,William Jackson,william.jackson751@company.com,Web Portal,Refund Request,I found a bug in the latest update affecting report generation.,Explained billing breakdown and clarified applicable charges.,High,In Progress,Email,South America,28,Other,Free,5,3,3,44.11,120.86,2024-07-22,2024-07-25,Yes,No,iOS,Chrome,Bank Transfer,Spanish,Afternoon,3,Small Business,william.jackson751@company.com,2024-02-09,0
61634,Michael Martinez,michael.martinez697@yahoo.com,CRM Platform,Security Concern,The payment was deducted from my bank account but the transaction shows failed.,Provided step-by-step troubleshooting instructions and issue resolved.,Low,Resolved,Chat,Asia,53,Other,Premium,30,2,3,54.89,121.8,2023-01-30,2023-02-01,Yes,Yes,Windows,Chrome,Bank Transfer,Spanish,Morning,9,Individual,michael.martinez697@yahoo.com,,0
13567,John Garcia,john.garcia967@company.com,E-commerce Store,Login Issue,Two-factor authentication codes are not being delivered to my phone.,Explained billing breakdown and clarified applicable charges.,Urgent,Resolved,Social Media,South America,28,Male,Free,16,14,1,13.82,226.8,2023-04-13,2023-04-24,Yes,No,Linux,Edge,PayPal,French,Afternoon,5,Individual,john.garcia967@company.com,,0
167740,Michael Hernandez,michael.hernandez786@gmail.com,Payment Gateway,Account Suspension,I am experiencing very slow performance while using the dashboard.,We have reset the account credentials and advised the customer to retry login.,Low,Pending Customer,Social Media,South America,59,Female,Premium,55,7,4,57.69,155.66,2023-04-12,2023-04-16,Yes,No,Linux,Safari,Credit Card,French,Evening,10,Corporate,michael.hernandez786@gmail.com,,0
145414,David Jones,david.jones729@hotmail.com,Billing System,Data Sync Issue,The system is not syncing data across devices properly.,Security settings updated and customer notified of precautionary measures.,Urgent,In Progress,Social Media,Australia,46,Female,Enterprise,51,6,4,43.77,201.14,2022-07-01,2022-07-09,No,Yes,Android,Unknown,Credit Card,German,Morning,10,Individual,david.jones729@hotmail.com,,0
172897,Robert Thomas,robert.thomas916@outlook.com,API Service,Refund Request,I found a bug in the latest update affecting report generation.,Security settings updated and customer notified of precautionary measures.,Medium,In Progress,Phone,North America,60,Other,Enterprise,17,10,2,31.96,213.82,2023-08-28,2023-09-01,Yes,Yes,Android,Unknown,Credit Card,French,Night,2,Individual,robert.thomas916@outlook.com,,0
97688,Michael Gonzalez,michael.gonzalez596@hotmail.com,CRM Platform,Refund Request,There seems to be a discrepancy in my billing statement for this month.,The issue was escalated to engineering and resolved in the latest patch.,High,Open,Email,South America,26,Male,Premium,47,3,2,66.8,68.25,2022-05-25,2022-06-03,No,No,Windows,Unknown,PayPal,German,Evening,1,Small Business,michael.gonzalez596@hotmail.com,,0
141363,Jessica Martin,jessica.martin389@company.com,Mobile App,Refund Request,The system is not syncing data across devices properly.,Provided step-by-step troubleshooting instructions and issue resolved.,Low,Pending Customer,Chat,North America,31,Female,Enterprise,35,17,1,2.51,173.67,2024-06-30,2024-07-01,No,No,iOS,Unknown,Crypto,French,Morning,7,Individual,jessica.martin389@company.com,,0
158779,Elizabeth Thomas,elizabeth.thomas106@icloud.com,CRM Platform,Login Issue,The application crashes whenever I try to upload a file.,Subscription status corrected and confirmation email sent to customer.,High,Resolved,Email,Africa,54,Male,Enterprise,24,17,4,41.99,124.15,2024-11-07,2024-11-19,Yes,Yes,iOS,Firefox,Credit Card,French,Afternoon,8,Individual,elizabeth.thomas106@icloud.com,,0
170456,Jessica Wilson,jessica.wilson380@gmail.com,E-commerce Store,Account Suspension,I am experiencing very slow performance while using the dashboard.,Explained billing breakdown and clarified applicable charges.,High,In Progress,Email,South America,40,Male,Basic,58,10,3,53.2,129.84,2023-07-17,2023-07-24,No,Yes,MacOS,Unknown,PayPal,Chinese,Evening,5,Small Business,jessica.wilson380@gmail.com,,0
49781,John Brown,john.brown796@yahoo.com,Payment Gateway,Refund Request,I am unable to access my account after entering the correct credentials.,Bug logged internally and workaround shared with the customer.,Medium,Pending Customer,Chat,Asia,45,Male,Enterprise,23,13,3,6.4,80.11,2023-09-12,2023-09-24,No,No,Windows,Chrome,Credit Card,Spanish,Morning,8,Small Business,john.brown796@yahoo.com,2023-03-24,0
167433,Elizabeth Williams,elizabeth.williams884@hotmail.com,Mobile App,Bug Report,I would like to request a refund for the recent charge.,Explained billing breakdown and clarified applicable charges.,High,Open,Web Form,Europe,45,Male,Basic,18,16,2,8.64,212.63,2022-08-18,2022-08-18,Yes,Yes,Windows,Firefox,Debit Card,French,Evening,3,Small Business,elizabeth.williams884@hotmail.com,,0
13179,Michael Gonzalez,michael.gonzalez864@icloud.com,Cloud Storage,Login Issue,The system is not syncing data across devices properly.,Subscription status corrected and confirmation email sent to customer.,Medium,Open,Social Media,Europe,37,Female,Premium,8,20,2,35.17,161.85,2022-04-17,2022-04-21,No,No,Android,Safari,Bank Transfer,German,Morning,2,Corporate,michael.gonzalez864@icloud.com,,0
79073,Mary Taylor,mary.taylor627@gmail.com,Mobile App,Payment Problem,The payment was deducted from my bank account but the transaction shows failed.,Payment gateway timeout issue fixed and monitoring implemented.,Low,Pending Customer,Email,Asia,54,Female,Free,12,7,2,46.87,101.19,2023-05-27,2023-06-10,Yes,Yes,iOS,Safari,PayPal,English,Night,10,Individual,mary.taylor627@gmail.com,,0
198601,David Brown,david.brown722@company.com,Analytics Dashboard,Bug Report,I found a bug in the latest update affecting report generation.,Security settings updated and customer notified of precautionary measures.,Low,In Progress,Chat,Asia,35,Female,Free,25,13,1,61.3,119.47,2022-03-27,2022-04-05,No,No,Android,Firefox,Credit Card,Chinese,Night,4,Small Business,david.brown722@company.com,,0
2159,Richard Johnson,richard.johnson727@yahoo.com,Web Portal,Data Sync Issue,The application crashes whenever I try to upload a file.,Security settings updated and customer notified of precautionary measures.,Low,Resolved,Phone,Australia,58,Female,Basic,27,19,2,66.68,176.73,2022-10-04,2022-10-17,No,No,iOS,Chrome,Bank Transfer,English,Evening,4,Small Business,richard.johnson727@yahoo.com,,0
191495,William Jackson,william.jackson543@outlook.com,E-commerce Store,Data Sync Issue,Two-factor authentication codes are not being delivered to my phone.,Security settings updated and customer notified of precautionary measures.,High,In Progress,Email,Asia,25,Male,Basic,6,14,3,62.53,220.77,2024-06-18,2024-06-21,No,Yes,MacOS,Safari,Credit Card,Chinese,Evening,3,Individual,william.jackson543@outlook.com,,0
124883,Elizabeth Garcia,elizabeth.garcia329@outlook.com,CRM Platform,Feature Request,There seems to be a discrepancy in my billing statement for this month.,Security settings updated and customer notified of precautionary measures.,Medium,Pending Customer,Phone,North America,24,Male,Basic,60,2,5,63.22,237.29,2022-10-10,2022-10-22,Yes,No,Android,Edge,PayPal,German,Afternoon,9,Small Business,elizabeth.garcia329@outlook.com,,0
33932,James Gonzalez,james.gonzalez927@gmail.com,Billing System,Payment Problem,My subscription was cancelled without my request and I need clarification.,The issue was escalated to engineering and resolved in the latest patch.,Medium,Closed,Web Form,South America,60,Female,Premium,25,7,3,4.67,35.38,2024-08-31,2024-09-05,Yes,No,iOS,Safari,Debit Card,Japanese,Night,8,Corporate,james.gonzalez927@gmail.com,,0
65276,John Taylor,john.taylor909@hotmail.com,API Service,Data Sync Issue,The payment was deducted from my bank account but the transaction shows failed.,Provided step-by-step troubleshooting instructions and issue resolved.,Medium,Open,Email,Australia,66,Other,Basic,40,6,5,8.88,189.92,2022-09-13,2022-09-17,No,Yes,iOS,Unknown,Bank Transfer,English,Morning,4,Small Business,john.taylor909@hotmail.com,,0
122,David Williams,david.williams244@outlook.com,Mobile App,Payment Problem,There seems to be a discrepancy in my billing statement for this month.,Payment gateway timeout issue fixed and monitoring implemented.,High,In Progress,Chat,Africa,22,Female,Premium,51,3,1,3.94,105.73,2023-10-17,2023-10-19,No,Yes,iOS,Edge,Bank Transfer,French,Night,2,Small Business,david.williams244@outlook.com,,0
56898,Elizabeth Thomas,elizabeth.thomas124@icloud.com,Subscription Service,Bug Report,The payment was deducted from my bank account but the transaction shows failed.,Security settings updated and customer notified of precautionary measures.,Medium,Closed,Chat,North America,44,Other,Enterprise,15,5,5,71.01,18.67,2024-07-12,2024-07-16,No,No,Windows,Unknown,PayPal,Spanish,Night,2,Small Business,elizabeth.thomas124@icloud.com,,0
95160,Karen Davis,karen.davis775@icloud.com,Payment Gateway,Performance Issue,I found a bug in the latest update affecting report generation.,The issue was escalated to engineering and resolved in the latest patch.,High,Closed,Web Form,Asia,39,Female,Premium,16,14,1,5.9,120.73,2024-11-11,2024-11-12,No,Yes,Linux,Chrome,PayPal,Spanish,Afternoon,10,Individual,karen.davis775@icloud.com,,0
6878,David Lopez,david.lopez512@yahoo.com,Payment Gateway,Refund Request,I am unable to access my account after entering the correct credentials.,Security settings updated and customer notified of precautionary measures.,Urgent,In Progress,Web Form,Australia,27,Other,Enterprise,4,9,4,16.42,148.33,2023-09-23,2023-10-07,Yes,No,Linux,Edge,Credit Card,English,Night,4,Corporate,david.lopez512@yahoo.com,,0
53305,Susan Thomas,susan.thomas705@icloud.com,E-commerce Store,Bug Report,The system is not syncing data across devices properly.,The issue was escalated to engineering and resolved in the latest patch.,Low,Closed,Social Media,Asia,45,Male,Basic,18,18,4,55.59,48.62,2023-06-29,2023-07-06,Yes,Yes,Windows,Chrome,Crypto,Spanish,Morning,8,Small Business,susan.thomas705@icloud.com,,0
95381,Patricia Wilson,patricia.wilson658@hotmail.com,Cloud Storage,Payment Problem,I am experiencing very slow performance while using the dashboard.,We have reset the account credentials and advised the customer to retry login.,High,Closed,Chat,Europe,73,Female,Free,39,16,4,29.95,220.43,2022-08-20,2022-09-03,No,No,Linux,Safari,Debit Card,English,Evening,9,Corporate,patricia.wilson658@hotmail.com,2022-07-25,1
61,Richard Anderson,richard.anderson917@icloud.com,API Service,Subscription Cancellation,I would like to request a refund for the recent charge.,Security settings updated and customer notified of precautionary measures.,High,Open,Web Form,North America,45,Other,Basic,35,9,3,7.84,79.37,2023-11-26,2023-11-28,No,No,iOS,Unknown,Bank Transfer,Spanish,Night,6,Small Business,richard.anderson917@icloud.com,2023-06-04,0
28398,Joseph Jones,joseph.jones692@hotmail.com,Billing System,Data Sync Issue,My subscription was cancelled without my request and I need clarification.,Payment gateway timeout issue fixed and monitoring implemented.,Medium,Pending Customer,Web Form,Africa,54,Other,Free,6,1,1,6.23,20.03,2022-10-05,2022-10-17,Yes,No,Windows,Firefox,PayPal,Japanese,Night,6,Small Business,joseph.jones692@hotmail.com,,0
152463,David Jackson,david.jackson150@hotmail.com,CRM Platform,Performance Issue,My subscription was cancelled without my request and I need clarification.,We have reset the account credentials and advised the customer to retry login.,Low,Closed,Chat,North America,75,Male,Enterprise,5,6,2,6.14,229.87,2024-08-05,2024-08-15,Yes,Yes,Windows,Unknown,PayPal,Spanish,Evening,10,Individual,david.jackson150@hotmail.com,,0
131511,Joseph Thomas,joseph.thomas284@gmail.com,Billing System,Performance Issue,Two-factor authentication codes are not being delivered to my phone.,Payment gateway timeout issue fixed and monitoring implemented.,Urgent,Pending Customer,Social Media,Europe,36,Female,Premium,25,2,2,59.77,143.6,2024-12-31,2025-01-06,No,No,Android,Unknown,Debit Card,French,Afternoon,2,Corporate,joseph.thomas284@gmail.com,,0
73960,Patricia Miller,patricia.miller982@yahoo.com,Payment Gateway,Data Sync Issue,I am experiencing very slow performance while using the dashboard.,The duplicate charge was reversed and refund processed within 3-5 business days.,Urgent,Closed,Social Media,Asia,42,Male,Premium,8,17,1,60.34,161.26,2023-02-12,2023-02-20,No,No,MacOS,Firefox,Bank Transfer,English,Evening,9,Small Business,patricia.miller982@yahoo.com,,0
151918,Jennifer Johnson,jennifer.johnson380@icloud.com,Billing System,Data Sync Issue,I would like to request a refund for the recent charge.,Payment gateway timeout issue fixed and monitoring implemented.,Urgent,Pending Customer,Phone,Asia,30,Other,Enterprise,53,12,2,11.49,213.97,2024-10-29,2024-11-11,No,No,Windows,Firefox,Credit Card,German,Afternoon,4,Corporate,jennifer.johnson380@icloud.com,,0
100084,Karen Smith,karen.smith374@gmail.com,Analytics Dashboard,Login Issue,My subscription was cancelled without my request and I need clarification.,Bug logged internally and workaround shared with the customer.,High,Pending Customer,Chat,South America,72,Female,Enterprise,8,16,5,40.05,113.68,2022-06-23,2022-06-24,Yes,Yes,Windows,Safari,Debit Card,Spanish,Evening,1,Small Business,karen.smith374@gmail.com,,0
122330,Elizabeth Garcia,elizabeth.garcia67@company.com,Analytics Dashboard,Bug Report,The system is not syncing data across devices properly.,Bug logged internally and workaround shared with the customer.,Low,Pending Customer,Social Media,North America,41,Other,Enterprise,36,14,3,44.98,45.41,2023-09-20,2023-09-22,Yes,Yes,MacOS,Safari,PayPal,English,Evening,1,Individual,elizabeth.garcia67@company.com,,0
187984,Thomas Thomas,thomas.thomas582@outlook.com,Mobile App,Data Sync Issue,The system is not syncing data across devices properly.,Data synchronization restored after backend service restart.,Urgent,Resolved,Phone,Asia,18,Other,Enterprise,24,20,1,7.93,79.49,2022-09-25,2022-10-03,Yes,Yes,Linux,Unknown,Crypto,Chinese,Afternoon,5,Corporate,thomas.thomas582@outlook.com,,0
192142,Karen Taylor,karen.taylor654@outlook.com,Analytics Dashboard,Data Sync Issue,The system is not syncing data across devices properly.,The issue was escalated to engineering and resolved in the latest patch.,High,Open,Web Form,Africa,22,Male,Free,17,1,3,46.76,135.97,2024-09-30,2024-09-30,Yes,Yes,iOS,Safari,Debit Card,Japanese,Evening,6,Small Business,karen.taylor654@outlook.com,,0
93002,Charles Martin,charles.martin794@icloud.com,Cloud Storage,Account Suspension,There seems to be a discrepancy in my billing statement for this month.,Provided step-by-step troubleshooting instructions and issue resolved.,High,In Progress,Phone,Asia,20,Male,Enterprise,5,11,5,27.19,14.44,2022-11-15,2022-11-27,Yes,Yes,Windows,Chrome,Debit Card,English,Night,4,Corporate,charles.martin794@icloud.com,,0
123377,Susan Hernandez,susan.hernandez203@outlook.com,Analytics Dashboard,Data Sync Issue,The payment was deducted from my bank account but the transaction shows failed.,We have reset the account credentials and advised the customer to retry login.,Low,Pending Customer,Email,Africa,54,Male,Premium,4,17,1,47.28,38.41,2024-08-05,2024-08-07,Yes,No,Windows,Firefox,PayPal,English,Night,8,Individual,susan.hernandez203@outlook.com,,0
133407,Jennifer Martinez,jennifer.martinez180@company.com,Payment Gateway,Data Sync Issue,I found a bug in the latest update affecting report generation.,Explained billing breakdown and clarified applicable charges.,Medium,Open,Social Media,Australia,36,Female,Enterprise,9,3,5,6.17,40.77,2022-10-09,2022-10-14,No,Yes,Windows,Edge,Debit Card,Spanish,Afternoon,1,Corporate,jennifer.martinez180@company.com,,0
45503,Barbara Rodriguez,barbara.rodriguez737@gmail.com,CRM Platform,Login Issue,Two-factor authentication codes are not being delivered to my phone.,Explained billing breakdown and clarified applicable charges.,High,In Progress,Email,Asia,40,Male,Enterprise,33,20,1,48.11,56.3,2022-03-04,2022-03-08,No,No,Android,Edge,Crypto,French,Night,5,Corporate,barbara.rodriguez737@gmail.com,,0
28648,Joseph Johnson,joseph.johnson99@outlook.com,Subscription Service,Login Issue,There seems to be a discrepancy in my billing statement for this month.,The duplicate charge was reversed and refund processed within 3-5 business days.,Low,Closed,Email,Asia,56,Male,Enterprise,60,18,4,46.31,222.14,2022-04-12,2022-04-23,Yes,No,Android,Edge,Debit Card,French,Evening,9,Small Business,joseph.johnson99@outlook.com,,0
134446,Patricia Williams,patricia.williams506@icloud.com,Web Portal,Login Issue,There seems to be a discrepancy in my billing statement for this month.,Provided step-by-step troubleshooting instructions and issue resolved.,High,Open,Social Media,Australia,38,Other,Basic,8,14,4,65.16,31.21,2022-08-19,2022-08-31,Yes,No,MacOS,Firefox,Bank Transfer,Spanish,Evening,1,Small Business,patricia.williams506@icloud.com,,0
37874,Jessica Smith,jessica.smith873@gmail.com,Cloud Storage,Security Concern,I am experiencing very slow performance while using the dashboard.,The duplicate charge was reversed and refund processed within 3-5 business days.,Low,Open,Chat,Europe,73,Other,Basic,35,17,4,66.93,100.98,2023-08-22,2023-08-29,No,No,Linux,Edge,Credit Card,German,Night,7,Individual,jessica.smith873@gmail.com,,0
52473,Richard Rodriguez,richard.rodriguez136@hotmail.com,Payment Gateway,Data Sync Issue,I would like to request a refund for the recent charge.,We have reset the account credentials and advised the customer to retry login.,Low,Resolved,Social Media,Africa,55,Other,Free,49,2,2,9.24,70.13,2022-02-17,2022-02-28,Yes,No,iOS,Edge,Crypto,German,Evening,6,Individual,richard.rodriguez136@hotmail.com,,0
105185,Michael Smith,michael.smith762@hotmail.com,Billing System,Refund Request,Two-factor authentication codes are not being delivered to my phone.,Provided step-by-step troubleshooting instructions and issue resolved.,Low,Closed,Email,South America,28,Female,Basic,37,11,5,19.61,205.95,2023-10-19,2023-10-20,No,Yes,Android,Firefox,PayPal,French,Night,7,Corporate,michael.smith762@hotmail.com,,0
140696,Joseph Lopez,joseph.lopez480@company.com,Web Portal,Payment Problem,I would like to request a refund for the recent charge.,Data synchronization restored after backend service restart.,Low,Pending Customer,Phone,Europe,34,Male,Premium,46,4,1,14.27,180.98,2022-10-29,2022-10-30,Yes,No,Android,Edge,PayPal,French,Afternoon,8,Individual,joseph.lopez480@company.com,,0
122080,Elizabeth Thomas,elizabeth.thomas864@company.com,CRM Platform,Feature Request,I am unable to access my account after entering the correct credentials.,We have reset the account credentials and advised the customer to retry login.,Low,In Progress,Chat,South America,66,Other,Enterprise,30,6,3,71.92,194.41,2022-09-02,2022-09-06,No,Yes,Windows,Edge,Credit Card,German,Morning,1,Individual,elizabeth.thomas864@company.com,,0
147622,Mary Lopez,mary.lopez984@yahoo.com,Cloud Storage,Performance Issue,The system is not syncing data across devices properly.,Data synchronization restored after backend service restart.,Urgent,Closed,Social Media,Australia,46,Female,Premium,39,5,2,4.08,221.71,2024-05-09,2024-05-12,No,Yes,iOS,Safari,Bank Transfer,French,Night,3,Individual,mary.lopez984@yahoo.com,,0
159663,David Wilson,david.wilson474@hotmail.com,Analytics Dashboard,Subscription Cancellation,There seems to be a discrepancy in my billing statement for this month.,Bug logged internally and workaround shared with the customer.,Medium,Resolved,Email,Africa,23,Other,Basic,24,5,3,7.28,79.49,2023-12-13,2023-12-23,Yes,No,Windows,Firefox,Bank Transfer,German,Afternoon,6,Individual,david.wilson474@hotmail.com,,0
121142,Jennifer Hernandez,jennifer.hernandez39@outlook.com,E-commerce Store,Subscription Cancellation,My subscription was cancelled without my request and I need clarification.,Bug logged internally and workaround shared with the customer.,High,Pending Customer,Chat,South America,28,Other,Free,60,1,2,19.14,231.11,2022-09-26,2022-10-02,No,Yes,Linux,Firefox,Bank Transfer,Japanese,Afternoon,1,Individual,jennifer.hernandez39@outlook.com,,0
170477,Sarah Jones,sarah.jones671@yahoo.com,Web Portal,Account Suspension,I would like to request a refund for the recent charge.,Security settings updated and customer notified of precautionary measures.,Low,Resolved,Web Form,Europe,59,Male,Basic,25,15,2,51.3,188.43,2022-01-26,2022-02-03,Yes,Yes,Linux,Edge,Bank Transfer,English,Evening,3,Small Business,sarah.jones671@yahoo.com,,0
137068,Robert Rodriguez,robert.rodriguez129@outlook.com,Billing System,Account Suspension,I am unable to access my account after entering the correct credentials.,Payment gateway timeout issue fixed and monitoring implemented.,Low,In Progress,Social Media,Asia,66,Female,Premium,46,17,2,15.09,133.02,2022-05-05,2022-05-07,Yes,Yes,Linux,Unknown,Bank Transfer,Chinese,Afternoon,8,Small Business,robert.rodriguez129@outlook.com,,0
53234,Jennifer Thomas,jennifer.thomas399@hotmail.com,Analytics Dashboard,Refund Request,Two-factor authentication codes are not being delivered to my phone.,We have reset the account credentials and advised the customer to retry login.,Medium,In Progress,Email,Africa,41,Male,Premium,21,1,5,67.88,201.57,2024-01-23,2024-02-06,No,No,iOS,Firefox,Credit Card,Japanese,Morning,7,Small Business,jennifer.thomas399@hotmail.com,,0
80180,Thomas Jackson,thomas.jackson174@company.com,Subscription Service,Bug Report,There seems to be a discrepancy in my billing statement for this month.,We have reset the account credentials and advised the customer to retry login.,High,Pending Customer,Web Form,North America,45,Male,Basic,19,7,3,44.35,154.21,2022-08-28,2022-09-11,Yes,No,MacOS,Unknown,Crypto,French,Night,6,Corporate,thomas.jackson174@company.com,,0
173241,Charles Garcia,charles.garcia796@icloud.com,Analytics Dashboard,Refund Request,The application crashes whenever I try to upload a file.,Provided step-by-step troubleshooting instructions and issue resolved.,Low,Open,Phone,Asia,67,Male,Free,25,16,1,26.47,19.65,2023-06-14,2023-06-17,Yes,Yes,Android,Chrome,Crypto,Spanish,Morning,8,Corporate,charles.garcia796@icloud.com,,0
172476,Richard Moore,richard.moore30@icloud.com,Cloud Storage,Feature Request,I am experiencing very slow performance while using the dashboard.,Security settings updated and customer notified of precautionary measures.,Low,Open,Chat,North America,43,Male,Free,50,17,1,55.8,152.63,2022-01-14,2022-01-18,Yes,Yes,Linux,Firefox,Debit Card,German,Night,10,Small Business,richard.moore30@icloud.com,,0
182783,Jessica Williams,jessica.williams75@company.com,Subscription Service,Bug Report,I found a bug in the latest update affecting report generation.,Provided step-by-step troubleshooting instructions and issue resolved.,High,Resolved,Web Form,Africa,71,Male,Free,6,14,3,65.35,212.0,2022-04-11,2022-04-16,No,Yes,iOS,Firefox,Debit Card,English,Afternoon,6,Small Business,jessica.williams75@company.com,,0
82922,David Brown,david.brown745@outlook.com,Analytics Dashboard,Account Suspension,My subscription was cancelled without my request and I need clarification.,We have reset the account credentials and advised the customer to retry login.,Low,Closed,Chat,Africa,26,Female,Basic,32,2,5,0.82,130.71,2023-03-11,2023-03-18,No,No,iOS,Firefox,Bank Transfer,English,Evening,1,Individual,david.brown745@outlook.com,,0
151406,Mary Taylor,mary.taylor850@outlook.com,API Service,Performance Issue,There seems to be a discrepancy in my billing statement for this month.,Security settings updated and customer notified of precautionary measures.,Medium,Open,Social Media,Asia,19,Other,Free,21,15,4,60.61,25.76,2022-10-03,2022-10-08,No,Yes,Windows,Firefox,Debit Card,German,Afternoon,9,Individual,mary.taylor850@outlook.com,,0
74968,Susan Jones,susan.jones66@hotmail.com,CRM Platform,Account Suspension,The system is not syncing data across devices properly.,Payment gateway timeout issue fixed and monitoring implemented.,Low,In Progress,Web Form,North America,74,Male,Premium,60,17,1,31.67,58.44,2022-03-22,2022-04-03,Yes,No,Android,Firefox,PayPal,Spanish,Morning,1,Individual,susan.jones66@hotmail.com,,0
47474,Charles Smith,charles.smith192@hotmail.com,Subscription Service,Refund Request,My subscription was cancelled without my request and I need clarification.,Provided step-by-step troubleshooting instructions and issue resolved.,Low,Open,Web Form,South America,50,Female,Basic,3,3,3,58.68,206.58,2024-12-04,2024-12-17,Yes,Yes,MacOS,Unknown,Crypto,Spanish,Afternoon,10,Individual,charles.smith192@hotmail.com,,0
152195,Mary Davis,mary.davis460@icloud.com,Web Portal,Data Sync Issue,The payment was deducted from my bank account but the transaction shows failed.,Bug logged internally and workaround shared with the customer.,Low,Open,Web Form,Australia,60,Other,Basic,38,14,4,31.69,7.95,2024-10-08,2024-10-22,No,No,Linux,Firefox,Debit Card,English,Afternoon,6,Corporate,mary.davis460@icloud.com,,0
199018,Joseph Garcia,joseph.garcia52@yahoo.com,Cloud Storage,Feature Request,I would like to request a refund for the recent charge.,Payment gateway timeout issue fixed and monitoring implemented.,Urgent,Open,Email,North America,23,Other,Premium,11,15,1,49.5,199.61,2022-01-24,2022-02-04,No,Yes,iOS,Safari,Crypto,Chinese,Afternoon,5,Individual,joseph.garcia52@yahoo.com,,0
40772,Jessica Martin,jessica.martin271@yahoo.com,Subscription Service,Account Suspension,The application crashes whenever I try to upload a file.,Payment gateway timeout issue fixed and monitoring implemented.,Urgent,In Progress,Web Form,Europe,68,Other,Free,58,18,4,43.62,43.86,2022-07-17,2022-07-23,Yes,Yes,Android,Safari,Crypto,Japanese,Night,9,Corporate,jessica.martin271@yahoo.com,,0
161186,Barbara Martinez,barbara.martinez582@icloud.com,Subscription Service,Payment Problem,Two-factor authentication codes are not being delivered to my phone.,Security settings updated and customer notified of precautionary measures.,Urgent,Pending Customer,Social Media,South America,60,Female,Free,54,7,5,37.58,200.24,2022-02-19,2022-02-26,No,Yes,iOS,Chrome,Bank Transfer,English,Evening,9,Small Business,barbara.martinez582@icloud.com,,0
91373,David Brown,david.brown917@hotmail.com,Subscription Service,Bug Report,I am unable to access my account after entering the correct credentials.,Security settings updated and customer notified of precautionary measures.,High,In Progress,Chat,Africa,35,Female,Enterprise,19,20,3,37.95,29.4,2023-03-25,2023-04-05,Yes,No,Android,Safari,Bank Transfer,Spanish,Night,9,Individual,david.brown917@hotmail.com,,0
30608,Joseph Anderson,joseph.anderson987@icloud.com,Subscription Service,Subscription Cancellation,I found a bug in the latest update affecting report generation.,Payment gateway timeout issue fixed and monitoring implemented.,Urgent,Pending Customer,Phone,Asia,18,Female,Enterprise,36,13,5,1.15,88.33,2024-03-17,2024-03-20,Yes,No,MacOS,Unknown,Bank Transfer,French,Evening,2,Individual,joseph.anderson987@icloud.com,,0
169651,Joseph Martinez,joseph.martinez441@yahoo.com,Web Portal,Data Sync Issue,I am unable to access my account after entering the correct credentials.,Explained billing breakdown and clarified applicable charges.,High,Resolved,Phone,North America,44,Male,Free,40,19,1,14.56,202.28,2023-09-03,2023-09-06,No,No,MacOS,Chrome,Crypto,Japanese,Evening,3,Small Business,joseph.martinez441@yahoo.com,,0
39012,Sarah Taylor,sarah.taylor204@hotmail.com,API Service,Feature Request,There seems to be a discrepancy in my billing statement for this month.,Payment gateway timeout issue fixed and monitoring implemented.,High,Resolved,Email,Africa,34,Female,Basic,19,16,5,35.38,157.45,2022-08-03,2022-08-16,No,No,Windows,Firefox,Bank Transfer,German,Morning,6,Individual,sarah.taylor204@hotmail.com,,0
1313,Joseph Williams,joseph.williams787@outlook.com,Mobile App,Security Concern,I am experiencing very slow performance while using the dashboard.,The issue was escalated to engineering and resolved in the latest patch.,High,Pending Customer,Phone,Africa,39,Male,Premium,18,9,1,32.69,225.44,2023-02-08,2023-02-15,No,No,iOS,Unknown,Crypto,Chinese,Afternoon,3,Individual,joseph.williams787@outlook.com,,0
119662,David Lopez,david.lopez305@icloud.com,Analytics Dashboard,Login Issue,I found a bug in the latest update affecting report generation.,The duplicate charge was reversed and refund processed within 3-5 business days.,Medium,In Progress,Social Media,Africa,22,Female,Free,48,6,1,33.12,171.26,2022-06-18,2022-06-22,Yes,No,Windows,Unknown,Credit Card,Spanish,Morning,4,Small Business,david.lopez305@icloud.com,,0
76896,Patricia Jackson,patricia.jackson236@company.com,E-commerce Store,Subscription Cancellation,I would like to request a refund for the recent charge.,We have reset the account credentials and advised the customer to retry login.,High,In Progress,Phone,Europe,35,Other,Basic,11,1,4,4.61,194.77,2024-03-24,2024-04-04,Yes,Yes,iOS,Firefox,Crypto,Spanish,Afternoon,6,Small Business,patricia.jackson236@company.com,,0
50132,David Martinez,david.martinez820@outlook.com,Mobile App,Login Issue,Two-factor authentication codes are not being delivered to my phone.,Security settings updated and customer notified of precautionary measures.,Medium,Pending Customer,Social Media,South America,37,Male,Basic,52,20,1,10.13,88.75,2022-07-06,2022-07-16,Yes,No,Windows,Edge,Bank Transfer,Japanese,Morning,6,Corporate,david.martinez820@outlook.com,,0
160932,William Moore,william.moore162@icloud.com,Web Portal,Data Sync Issue,I found a bug in the latest update affecting report generation.,The duplicate charge was reversed and refund processed within 3-5 business days.,Low,Pending Customer,Chat,Australia,63,Female,Enterprise,27,2,5,6.95,15.45,2022-04-28,2022-05-03,No,Yes,Android,Firefox,Crypto,English,Night,6,Small Business,william.moore162@icloud.com,,0
20664,Jennifer Anderson,jennifer.anderson397@yahoo.com,E-commerce Store,Refund Request,I found a bug in the latest update affecting report generation.,The duplicate charge was reversed and refund processed within 3-5 business days.,High,In Progress,Social Media,Europe,68,Female,Premium,11,20,1,41.53,213.74,2023-03-22,2023-03-28,Yes,Yes,iOS,Unknown,Crypto,English,Night,4,Small Business,jennifer.anderson397@yahoo.com,,0
103017,Sarah Williams,sarah.williams569@gmail.com,Billing System,Feature Request,I found a bug in the latest update affecting report generation.,Provided step-by-step troubleshooting instructions and issue resolved.,Medium,Open,Email,North America,44,Male,Free,47,1,2,66.61,62.76,2023-09-02,2023-09-03,No,No,Linux,Safari,Debit Card,Spanish,Afternoon,6,Individual,sarah.williams569@gmail.com,,0
31991,Sarah Miller,sarah.miller908@hotmail.com,Billing System,Security Concern,Two-factor authentication codes are not being delivered to my phone.,Provided step-by-step troubleshooting instructions and issue resolved.,High,Pending Customer,Social Media,South America,64,Female,Premium,40,13,4,57.01,182.78,2024-05-31,2024-05-31,Yes,No,Android,Chrome,Credit Card,German,Morning,9,Small Business,sarah.miller908@hotmail.com,,0
44663,Susan Taylor,susan.taylor342@company.com,Cloud Storage,Payment Problem,I am experiencing very slow performance while using the dashboard.,Data synchronization restored after backend service restart.,Low,Closed,Email,South America,65,Female,Free,39,5,3,16.48,206.98,2024-10-18,2024-10-21,No,No,Windows,Edge,Debit Card,Spanish,Evening,4,Individual,susan.taylor342@company.com,,0
17812,Barbara Jackson,barbara.jackson101@gmail.com,CRM Platform,Subscription Cancellation,The payment was deducted from my bank account but the transaction shows failed.,Data synchronization restored after backend service restart.,Low,Resolved,Phone,North America,74,Other,Premium,25,7,4,24.6,180.38,2023-05-08,2023-05-15,Yes,Yes,Linux,Edge,PayPal,Spanish,Evening,7,Small Business,barbara.jackson101@gmail.com,,0
171222,Patricia Garcia,patricia.garcia97@outlook.com,Payment Gateway,Feature Request,I found a bug in the latest update affecting report generation.,Security settings updated and customer notified of precautionary measures.,High,In Progress,Web Form,South America,54,Male,Basic,40,8,3,21.57,207.29,2023-08-11,2023-08-13,Yes,Yes,Windows,Unknown,PayPal,German,Evening,10,Small Business,patricia.garcia97@outlook.com,,0
17813,David Jackson,david.jackson732@hotmail.com,CRM Platform,Account Suspension,The application crashes whenever I try to upload a file.,Provided step-by-step troubleshooting instructions and issue resolved.,Medium,Resolved,Chat,South America,66,Male,Enterprise,2,0,2,57.54,85.21,2024-11-02,2024-11-15,Yes,No,Android,Chrome,PayPal,French,Afternoon,2,Individual,david.jackson732@hotmail.com,,0
109848,Thomas Martin,thomas.martin516@yahoo.com,Subscription Service,Refund Request,The application crashes whenever I try to upload a file.,The duplicate charge was reversed and refund processed within 3-5 business days.,Medium,Resolved,Social Media,Europe,54,Female,Enterprise,22,10,2,8.91,31.01,2023-11-11,2023-11-17,Yes,No,Android,Firefox,Crypto,French,Evening,5,Small Business,thomas.martin516@yahoo.com,,0
156516,Richard Thomas,richard.thomas27@outlook.com,API Service,Feature Request,The application crashes whenever I try to upload a file.,Data synchronization restored after backend service restart.,High,Pending Customer,Email,North America,30,Male,Free,30,1,2,46.31,202.6,2023-12-02,2023-12-08,No,Yes,Linux,Safari,Bank Transfer,German,Night,4,Corporate,richard.thomas27@outlook.com,,0
60666,Richard Gonzalez,richard.gonzalez792@outlook.com,Mobile App,Account Suspension,There seems to be a discrepancy in my billing statement for this month.,The duplicate charge was reversed and refund processed within 3-5 business days.,Urgent,Resolved,Web Form,Asia,57,Other,Enterprise,16,5,3,45.21,111.58,2022-07-02,2022-07-13,Yes,No,iOS,Chrome,Crypto,Chinese,Evening,5,Individual,richard.gonzalez792@outlook.com,,0
6591,Jessica Williams,jessica.williams18@yahoo.com,E-commerce Store,Subscription Cancellation,Two-factor authentication codes are not being delivered to my phone.,Payment gateway timeout issue fixed and monitoring implemented.,Medium,Closed,Phone,Asia,51,Female,Enterprise,20,7,1,70.13,239.96,2024-01-23,2024-02-05,Yes,No,Android,Edge,Crypto,Spanish,Night,3,Small Business,jessica.williams18@yahoo.com,,0
59603,Robert Rodriguez,robert.rodriguez639@hotmail.com,E-commerce Store,Subscription Cancellation,The system is not syncing data across devices properly.,Subscription status corrected and confirmation email sent to customer.,Low,Pending Customer,Email,Europe,47,Other,Basic,39,7,5,22.24,147.66,2024-06-06,2024-06-07,No,No,Linux,Safari,Bank Transfer,German,Evening,7,Small Business,robert.rodriguez639@hotmail.com,,0
91160,Charles Gonzalez,charles.gonzalez88@icloud.com,Billing System,Performance Issue,The application crashes whenever I try to upload a file.,The issue was escalated to engineering and resolved in the latest patch.,Low,Resolved,Chat,Europe,51,Female,Premium,12,16,5,10.28,142.32,2024-08-26,2024-09-06,No,Yes,Windows,Firefox,Debit Card,German,Night,3,Small Business,charles.gonzalez88@icloud.com,,0
63763,Barbara Wilson,barbara.wilson20@company.com,API Service,Account Suspension,My subscription was cancelled without my request and I need clarification.,Provided step-by-step troubleshooting instructions and issue resolved.,High,Open,Email,Europe,31,Male,Free,53,9,3,8.71,203.09,2022-06-28,2022-06-30,Yes,No,iOS,Chrome,Bank Transfer,English,Evening,4,Small Business,barbara.wilson20@company.com,,0
166249,Jessica Jones,jessica.jones355@yahoo.com,E-commerce Store,Feature Request,The payment was deducted from my bank account but the transaction shows failed.,The duplicate charge was reversed and refund processed within 3-5 business days.,High,In Progress,Social Media,North America,40,Other,Free,42,5,1,52.05,28.57,2022-04-25,2022-04-26,No,No,Android,Chrome,Credit Card,French,Afternoon,8,Small Business,jessica.jones355@yahoo.com,,0
151277,Michael Moore,michael.moore238@company.com,Subscription Service,Security Concern,I would like to request a refund for the recent charge.,Explained billing breakdown and clarified applicable charges.,Urgent,Pending Customer,Chat,South America,63,Other,Premium,10,4,1,40.27,238.45,2023-12-04,2023-12-04,No,No,Windows,Firefox,Bank Transfer,Spanish,Afternoon,9,Corporate,michael.moore238@company.com,,0
173156,Jennifer Brown,jennifer.brown573@company.com,Cloud Storage,Performance Issue,My subscription was cancelled without my request and I need clarification.,The issue was escalated to engineering and resolved in the latest patch.,Urgent,Resolved,Web Form,Africa,65,Male,Enterprise,37,7,4,9.98,228.98,2024-12-19,2025-01-01,No,Yes,iOS,Safari,Bank Transfer,Spanish,Afternoon,8,Individual,jennifer.brown573@company.com,,0
59754,Michael Brown,michael.brown164@hotmail.com,API Service,Data Sync Issue,The system is not syncing data across devices properly.,Payment gateway timeout issue fixed and monitoring implemented.,Medium,Open,Social Media,Asia,37,Other,Premium,15,5,2,69.51,96.56,2022-08-18,2022-08-30,No,Yes,MacOS,Chrome,PayPal,German,Night,4,Corporate,michael.brown164@hotmail.com,,0
10096,James Williams,james.williams594@hotmail.com,Subscription Service,Security Concern,The payment was deducted from my bank account but the transaction shows failed.,Payment gateway timeout issue fixed and monitoring implemented.,Medium,Resolved,Web Form,North America,61,Female,Basic,38,9,4,52.25,130.57,2023-08-11,2023-08-13,Yes,No,MacOS,Safari,Debit Card,Japanese,Evening,10,Corporate,james.williams594@hotmail.com,,0
91549,Susan Miller,susan.miller701@outlook.com,API Service,Subscription Cancellation,My subscription was cancelled without my request and I need clarification.,Payment gateway timeout issue fixed and monitoring implemented.,High,Resolved,Email,South America,54,Male,Enterprise,54,10,5,64.91,148.29,2024-01-12,2024-01-12,No,Yes,Windows,Edge,Crypto,Spanish,Night,8,Individual,susan.miller701@outlook.com,,0
81956,Elizabeth Taylor,elizabeth.taylor714@gmail.com,E-commerce Store,Login Issue,There seems to be a discrepancy in my billing statement for this month.,Data synchronization restored after backend service restart.,Medium,Resolved,Web Form,North America,73,Other,Free,15,14,2,60.96,71.44,2023-03-15,2023-03-26,No,Yes,MacOS,Firefox,Credit Card,Japanese,Afternoon,9,Individual,elizabeth.taylor714@gmail.com,,0
96577,Elizabeth Johnson,elizabeth.johnson544@icloud.com,Payment Gateway,Subscription Cancellation,The payment was deducted from my bank account but the transaction shows failed.,Bug logged internally and workaround shared with the customer.,Urgent,Open,Chat,Europe,48,Male,Basic,33,13,4,55.33,149.3,2022-06-07,2022-06-16,No,No,Windows,Firefox,Bank Transfer,Japanese,Night,2,Individual,elizabeth.johnson544@icloud.com,,0
72438,James Smith,james.smith48@yahoo.com,Billing System,Feature Request,My subscription was cancelled without my request and I need clarification.,Bug logged internally and workaround shared with the customer.,Urgent,Pending Customer,Web Form,South America,29,Female,Free,35,2,5,44.86,42.32,2024-04-08,2024-04-19,Yes,No,Linux,Unknown,Credit Card,German,Evening,1,Individual,james.smith48@yahoo.com,,0
145898,Karen Lopez,karen.lopez148@gmail.com,CRM Platform,Account Suspension,My subscription was cancelled without my request and I need clarification.,The issue was escalated to engineering and resolved in the latest patch.,Medium,Open,Email,Australia,42,Other,Basic,54,14,4,53.24,226.63,2023-01-31,2023-02-01,No,No,Android,Safari,PayPal,Spanish,Evening,10,Individual,karen.lopez148@gmail.com,,0
172567,Mary Thomas,mary.thomas305@gmail.com,Billing System,Login Issue,My subscription was cancelled without my request and I need clarification.,The issue was escalated to engineering and resolved in the latest patch.,Low,Open,Web Form,Africa,62,Other,Basic,41,13,5,11.47,154.85,2022-09-15,2022-09-19,No,Yes,Android,Unknown,Crypto,German,Night,8,Corporate,mary.thomas305@gmail.com,,0
86283,Barbara Martinez,barbara.martinez408@outlook.com,API Service,Account Suspension,The application crashes whenever I try to upload a file.,Payment gateway timeout issue fixed and monitoring implemented.,Low,Closed,Social Media,Asia,72,Other,Free,44,10,4,49.09,109.63,2022-06-29,2022-07-10,Yes,Yes,MacOS,Firefox,Bank Transfer,English,Night,6,Individual,barbara.martinez408@outlook.com,,0
145029,Patricia Hernandez,patricia.hernandez779@gmail.com,Analytics Dashboard,Refund Request,I am unable to access my account after entering the correct credentials.,Security settings updated and customer notified of precautionary measures.,Low,In Progress,Phone,Asia,26,Male,Free,4,20,3,25.38,186.25,2024-01-26,2024-01-30,Yes,Yes,Windows,Firefox,Crypto,Spanish,Night,7,Corporate,patricia.hernandez779@gmail.com,,0
127743,Susan Anderson,susan.anderson701@icloud.com,Billing System,Payment Problem,There seems to be a discrepancy in my billing statement for this month.,Payment gateway timeout issue fixed and monitoring implemented.,Low,Closed,Web Form,Australia,24,Other,Premium,40,3,5,5.86,217.62,2024-05-15,2024-05-22,No,No,Linux,Edge,Debit Card,German,Evening,9,Small Business,susan.anderson701@icloud.com,,0
137749,Jessica Miller,jessica.miller334@hotmail.com,Mobile App,Feature Request,The payment was deducted from my bank account but the transaction shows failed.,The duplicate charge was reversed and refund processed within 3-5 business days.,Urgent,Open,Web Form,Australia,28,Female,Basic,16,8,5,20.5,84.18,2023-10-30,2023-11-01,No,Yes,iOS,Chrome,Crypto,Chinese,Night,9,Individual,jessica.miller334@hotmail.com,,0
127290,Karen Taylor,karen.taylor160@company.com,Billing System,Payment Problem,My subscription was cancelled without my request and I need clarification.,Payment gateway timeout issue fixed and monitoring implemented.,Urgent,Closed,Chat,North America,26,Female,Premium,48,10,3,22.26,29.87,2022-12-01,2022-12-12,Yes,Yes,iOS,Unknown,Bank Transfer,Chinese,Morning,1,Corporate,karen.taylor160@company.com,,0
100751,Mary Thomas,mary.thomas597@hotmail.com,Analytics Dashboard,Bug Report,I am unable to access my account after entering the correct credentials.,We have reset the account credentials and advised the customer to retry login.,Low,In Progress,Social Media,North America,45,Other,Free,35,0,1,19.19,63.78,2023-04-12,2023-04-16,No,No,Linux,Chrome,Debit Card,Chinese,Evening,9,Individual,mary.thomas597@hotmail.com,,0
48555,William Johnson,william.johnson773@outlook.com,CRM Platform,Subscription Cancellation,I am unable to access my account after entering the correct credentials.,Provided step-by-step troubleshooting instructions and issue resolved.,Medium,Closed,Email,Europe,61,Other,Basic,48,19,5,42.54,89.78,2022-07-07,2022-07-18,Yes,Yes,Windows,Unknown,Bank Transfer,Japanese,Morning,6,Individual,william.johnson773@outlook.com,,0
149994,Sarah Hernandez,sarah.hernandez798@yahoo.com,Analytics Dashboard,Refund Request,My subscription was cancelled without my request and I need clarification.,Data synchronization restored after backend service restart.,High,Open,Chat,Australia,58,Male,Enterprise,36,3,2,49.79,196.66,2024-03-29,2024-04-03,No,Yes,Windows,Unknown,Debit Card,French,Night,4,Corporate,sarah.hernandez798@yahoo.com,,0
170887,Robert Anderson,robert.anderson830@icloud.com,Mobile App,Account Suspension,The payment was deducted from my bank account but the transaction shows failed.,Explained billing breakdown and clarified applicable charges.,Low,Open,Web Form,Australia,38,Male,Premium,36,13,2,25.59,100.79,2022-02-01,2022-02-14,Yes,No,iOS,Firefox,Credit Card,Spanish,Evening,2,Small Business,robert.anderson830@icloud.com,,0
189803,Elizabeth Martin,elizabeth.martin998@gmail.com,Web Portal,Performance Issue,I am unable to access my account after entering the correct credentials.,Explained billing breakdown and clarified applicable charges.,Urgent,Open,Web Form,Asia,49,Other,Premium,21,1,1,59.3,233.05,2023-07-18,2023-07-28,No,No,Windows,Chrome,Bank Transfer,French,Night,9,Individual,elizabeth.martin998@gmail.com,,0
162298,Karen Smith,karen.smith905@gmail.com,E-commerce Store,Feature Request,The system is not syncing data across devices properly.,Data synchronization restored after backend service restart.,Low,Open,Social Media,Australia,21,Other,Basic,36,6,4,59.59,211.05,2024-04-20,2024-04-28,No,No,MacOS,Unknown,Crypto,English,Evening,5,Corporate,karen.smith905@gmail.com,,0
61401,Mary Hernandez,mary.hernandez375@outlook.com,Web Portal,Login Issue,The application crashes whenever I try to upload a file.,Bug logged internally and workaround shared with the customer.,Low,Resolved,Web Form,Europe,37,Female,Basic,25,1,1,48.36,173.55,2024-08-05,2024-08-18,Yes,No,iOS,Safari,Credit Card,Chinese,Evening,6,Individual,mary.hernandez375@outlook.com,,0
22246,Sarah Rodriguez,sarah.rodriguez878@outlook.com,Mobile App,Data Sync Issue,The system is not syncing data across devices properly.,Explained billing breakdown and clarified applicable charges.,Urgent,Pending Customer,Phone,South America,19,Female,Basic,11,3,4,8.4,199.92,2023-03-05,2023-03-19,Yes,No,iOS,Firefox,Credit Card,Chinese,Afternoon,3,Corporate,sarah.rodriguez878@outlook.com,,0
56229,Joseph Miller,joseph.miller154@outlook.com,Cloud Storage,Feature Request,I found a bug in the latest update affecting report generation.,Provided step-by-step troubleshooting instructions and issue resolved.,Low,In Progress,Web Form,Australia,34,Female,Enterprise,12,13,2,0.93,100.89,2023-11-05,2023-11-14,Yes,No,Windows,Firefox,Debit Card,German,Evening,2,Corporate,joseph.miller154@outlook.com,,0
153809,Patricia Anderson,patricia.anderson18@outlook.com,E-commerce Store,Account Suspension,The system is not syncing data across devices properly.,The issue was escalated to engineering and resolved in the latest patch.,Medium,Closed,Phone,Australia,54,Female,Enterprise,5,13,1,54.19,112.85,2023-12-11,2023-12-15,No,No,iOS,Chrome,PayPal,Chinese,Afternoon,8,Small Business,patricia.anderson18@outlook.com,,0
5045,Karen Williams,karen.williams211@icloud.com,Web Portal,Data Sync Issue,There seems to be a discrepancy in my billing statement for this month.,Provided step-by-step troubleshooting instructions and issue resolved.,Urgent,Open,Social Media,Africa,36,Male,Free,59,9,1,55.58,186.23,2022-11-12,2022-11-25,No,No,MacOS,Safari,Crypto,Chinese,Night,6,Small Business,karen.williams211@icloud.com,,0
68402,Elizabeth Rodriguez,elizabeth.rodriguez699@icloud.com,CRM Platform,Security Concern,I am experiencing very slow performance while using the dashboard.,Data synchronization restored after backend service restart.,High,In Progress,Web Form,North America,55,Female,Premium,52,4,4,36.2,84.47,2023-08-07,2023-08-10,No,Yes,Windows,Safari,Crypto,French,Evening,4,Small Business,elizabeth.rodriguez699@icloud.com,,0
167325,James Garcia,james.garcia201@outlook.com,API Service,Account Suspension,I am unable to access my account after entering the correct credentials.,Bug logged internally and workaround shared with the customer.,High,Pending Customer,Chat,South America,30,Male,Enterprise,23,7,2,70.36,206.83,2023-12-02,2023-12-14,Yes,No,Windows,Edge,PayPal,Chinese,Afternoon,10,Small Business,james.garcia201@outlook.com,,0
87392,Jessica Johnson,jessica.johnson868@icloud.com,Web Portal,Login Issue,I would like to request a refund for the recent charge.,The duplicate charge was reversed and refund processed within 3-5 business days.,Urgent,Open,Phone,Australia,52,Male,Premium,33,14,5,22.15,5.65,2023-02-08,2023-02-21,Yes,No,Linux,Unknown,Debit Card,Spanish,Morning,5,Corporate,jessica.johnson868@icloud.com,,0
34644,Jessica Wilson,jessica.wilson381@yahoo.com,Analytics Dashboard,Data Sync Issue,I am unable to access my account after entering the correct credentials.,The duplicate charge was reversed and refund processed within 3-5 business days.,Urgent,Closed,Social Media,South America,32,Female,Enterprise,54,6,2,71.97,75.09,2022-02-11,2022-02-18,No,No,Android,Edge,Bank Transfer,English,Night,8,Small Business,jessica.wilson381@yahoo.com,,0
102345,Thomas Moore,thomas.moore731@yahoo.com,CRM Platform,Performance Issue,I am unable to access my account after entering the correct credentials.,The issue was escalated to engineering and resolved in the latest patch.,High,In Progress,Email,North America,67,Female,Basic,49,15,4,1.67,45.03,2024-08-13,2024-08-18,Yes,Yes,Windows,Edge,PayPal,Spanish,Morning,8,Individual,thomas.moore731@yahoo.com,,0
134795,John Anderson,john.anderson221@outlook.com,E-commerce Store,Performance Issue,I am unable to access my account after entering the correct credentials.,Data synchronization restored after backend service restart.,Urgent,Pending Customer,Chat,Europe,65,Other,Enterprise,20,13,3,61.6,64.35,2024-12-15,2024-12-29,No,Yes,Linux,Safari,Credit Card,Chinese,Morning,10,Individual,john.anderson221@outlook.com,,0
177449,Karen Gonzalez,karen.gonzalez50@gmail.com,API Service,Bug Report,I would like to request a refund for the recent charge.,Explained billing breakdown and clarified applicable charges.,Urgent,Closed,Phone,North America,54,Male,Basic,7,2,2,38.23,169.13,2024-05-24,2024-05-24,No,No,Linux,Edge,Debit Card,English,Morning,5,Individual,karen.gonzalez50@gmail.com,,0
40344,Jessica Martin,jessica.martin782@yahoo.com,Payment Gateway,Refund Request,My subscription was cancelled without my request and I need clarification.,Subscription status corrected and confirmation email sent to customer.,High,Resolved,Chat,South America,57,Male,Enterprise,43,0,4,12.11,158.37,2023-05-19,2023-05-27,Yes,No,Windows,Firefox,Bank Transfer,French,Afternoon,6,Small Business,jessica.martin782@yahoo.com,2022-02-18,0
149796,David Garcia,david.garcia32@icloud.com,CRM Platform,Data Sync Issue,The application crashes whenever I try to upload a file.,Explained billing breakdown and clarified applicable charges.,Medium,In Progress,Social Media,North America,69,Female,Free,46,18,1,26.82,41.84,2024-01-31,2024-02-12,No,Yes,MacOS,Chrome,PayPal,French,Morning,10,Corporate,david.garcia32@icloud.com,,0
178680,Susan Garcia,susan.garcia597@outlook.com,Subscription Service,Feature Request,I found a bug in the latest update affecting report generation.,The duplicate charge was reversed and refund processed within 3-5 business days.,Low,Closed,Chat,South America,28,Other,Basic,21,6,3,1.41,148.51,2022-09-13,2022-09-16,No,Yes,Windows,Firefox,Bank Transfer,Japanese,Night,6,Corporate,susan.garcia597@outlook.com,,0
157940,Jennifer Hernandez,jennifer.hernandez575@company.com,Mobile App,Data Sync Issue,The system is not syncing data across devices properly.,We have reset the account credentials and advised the customer to retry login.,Low,Resolved,Phone,Asia,38,Male,Basic,22,12,1,10.02,122.68,2024-04-26,2024-04-28,No,Yes,MacOS,Chrome,PayPal,Japanese,Night,7,Small Business,jennifer.hernandez575@company.com,,0
51831,Jennifer Williams,jennifer.williams108@hotmail.com,CRM Platform,Feature Request,The system is not syncing data across devices properly.,Provided step-by-step troubleshooting instructions and issue resolved.,High,Closed,Social Media,South America,64,Male,Basic,53,4,4,32.18,222.11,2024-06-25,2024-06-29,No,Yes,Android,Chrome,Bank Transfer,German,Evening,2,Corporate,jennifer.williams108@hotmail.com,,0
113044,Thomas Moore,thomas.moore674@company.com,Payment Gateway,Subscription Cancellation,There seems to be a discrepancy in my billing statement for this month.,Subscription status corrected and confirmation email sent to customer.,Low,Pending Customer,Phone,Asia,39,Female,Premium,23,13,2,67.88,204.39,2023-09-24,2023-10-02,No,No,Android,Safari,Crypto,French,Afternoon,6,Corporate,thomas.moore674@company.com,,0
93349,Jennifer Smith,jennifer.smith60@gmail.com,Analytics Dashboard,Subscription Cancellation,Two-factor authentication codes are not being delivered to my phone.,The duplicate charge was reversed and refund processed within 3-5 business days.,Urgent,In Progress,Chat,Europe,44,Male,Free,13,19,2,68.11,13.19,2024-07-21,2024-07-27,Yes,No,Windows,Firefox,Crypto,French,Morning,5,Small Business,jennifer.smith60@gmail.com,2023-10-24,0
153775,Joseph Garcia,joseph.garcia245@yahoo.com,Mobile App,Bug Report,I found a bug in the latest update affecting report generation.,Bug logged internally and workaround shared with the customer.,Urgent,Resolved,Email,South America,60,Other,Premium,27,16,5,15.23,64.73,2022-07-20,2022-07-30,No,Yes,Linux,Chrome,Crypto,Japanese,Afternoon,1,Small Business,joseph.garcia245@yahoo.com,,0
39210,John Miller,john.miller916@icloud.com,Mobile App,Payment Problem,The payment was deducted from my bank account but the transaction shows failed.,Subscription status corrected and confirmation email sent to customer.,Low,Closed,Social Media,North America,53,Other,Free,23,1,3,46.82,165.21,2022-06-22,2022-06-30,Yes,No,Linux,Chrome,Crypto,German,Evening,8,Corporate,john.miller916@icloud.com,,0
83164,Richard Lopez,richard.lopez272@yahoo.com,Mobile App,Subscription Cancellation,I am unable to access my account after entering the correct credentials.,Security settings updated and customer notified of precautionary measures.,Urgent,Open,Web Form,Europe,53,Female,Premium,37,17,1,55.59,84.3,2024-04-24,2024-04-26,No,No,MacOS,Safari,PayPal,Chinese,Night,2,Corporate,richard.lopez272@yahoo.com,,0
188966,Michael Davis,michael.davis898@outlook.com,Subscription Service,Account Suspension,Two-factor authentication codes are not being delivered to my phone.,Subscription status corrected and confirmation email sent to customer.,Medium,Resolved,Email,Europe,24,Other,Premium,51,2,3,65.05,123.03,2023-10-10,2023-10-12,Yes,Yes,Android,Edge,Bank Transfer,German,Afternoon,2,Individual,michael.davis898@outlook.com,,0
99749,Patricia Rodriguez,patricia.rodriguez570@company.com,API Service,Security Concern,I am experiencing very slow performance while using the dashboard.,Security settings updated and customer notified of precautionary measures.,Medium,Pending Customer,Chat,Europe,39,Female,Premium,44,12,4,33.99,171.85,2024-11-25,2024-11-26,Yes,No,Linux,Chrome,Crypto,Chinese,Evening,10,Individual,patricia.rodriguez570@company.com,,0
37657,Susan Moore,susan.moore10@icloud.com,Subscription Service,Payment Problem,I would like to request a refund for the recent charge.,Bug logged internally and workaround shared with the customer.,High,Pending Customer,Phone,Europe,21,Other,Premium,52,13,4,34.7,16.44,2024-02-12,2024-02-18,Yes,Yes,Linux,Unknown,Bank Transfer,Japanese,Morning,3,Individual,susan.moore10@icloud.com,,0
150735,Susan Moore,susan.moore850@gmail.com,E-commerce Store,Performance Issue,My subscription was cancelled without my request and I need clarification.,The duplicate charge was reversed and refund processed within 3-5 business days.,Urgent,Resolved,Web Form,South America,62,Female,Basic,54,20,2,67.21,89.15,2022-03-16,2022-03-22,No,Yes,iOS,Safari,Credit Card,Chinese,Night,7,Corporate,susan.moore850@gmail.com,,0
39867,Karen Wilson,karen.wilson494@outlook.com,API Service,Security Concern,Two-factor authentication codes are not being delivered to my phone.,Payment gateway timeout issue fixed and monitoring implemented.,Medium,In Progress,Phone,Africa,22,Male,Free,57,7,4,23.39,15.28,2024-11-29,2024-11-30,Yes,No,Android,Firefox,Credit Card,German,Afternoon,10,Individual,karen.wilson494@outlook.com,,0
175989,Jessica Martinez,jessica.martinez628@company.com,Analytics Dashboard,Data Sync Issue,There seems to be a discrepancy in my billing statement for this month.,Payment gateway timeout issue fixed and monitoring implemented.,Low,Open,Chat,South America,46,Other,Free,58,3,1,48.58,201.42,2022-05-27,2022-06-07,No,Yes,iOS,Edge,Credit Card,German,Evening,3,Corporate,jessica.martinez628@company.com,,0
146052,Michael Williams,michael.williams18@outlook.com,E-commerce Store,Payment Problem,There seems to be a discrepancy in my billing statement for this month.,Security settings updated and customer notified of precautionary measures.,Medium,Pending Customer,Chat,South America,29,Female,Enterprise,48,0,5,71.69,177.63,2022-12-26,2022-12-26,No,Yes,MacOS,Safari,Crypto,English,Night,4,Small Business,michael.williams18@outlook.com,,0
42590,Joseph Davis,joseph.davis5@company.com,Cloud Storage,Login Issue,The payment was deducted from my bank account but the transaction shows failed.,Provided step-by-step troubleshooting instructions and issue resolved.,Medium,In Progress,Phone,Asia,47,Female,Free,5,14,3,42.33,89.93,2024-07-17,2024-07-25,Yes,Yes,Android,Edge,Crypto,Chinese,Evening,9,Corporate,joseph.davis5@company.com,,0
169568,Susan Brown,susan.brown117@icloud.com,Web Portal,Security Concern,Two-factor authentication codes are not being delivered to my phone.,Provided step-by-step troubleshooting instructions and issue resolved.,Low,Closed,Social Media,Europe,36,Other,Basic,48,2,3,65.79,31.31,2022-06-21,2022-06-21,Yes,No,Windows,Edge,Credit Card,Chinese,Morning,1,Corporate,susan.brown117@icloud.com,,0
129368,Joseph Jackson,joseph.jackson436@icloud.com,Analytics Dashboard,Refund Request,I would like to request a refund for the recent charge.,The issue was escalated to engineering and resolved in the latest patch.,Medium,In Progress,Social Media,South America,26,Female,Basic,10,9,1,8.5,225.17,2024-10-17,2024-10-17,No,Yes,Linux,Firefox,Bank Transfer,English,Evening,9,Individual,joseph.jackson436@icloud.com,,0
107361,Sarah Jackson,sarah.jackson829@outlook.com,E-commerce Store,Bug Report,The payment was deducted from my bank account but the transaction shows failed.,We have reset the account credentials and advised the customer to retry login.,Low,In Progress,Social Media,Australia,45,Other,Free,44,3,1,54.57,166.65,2024-07-03,2024-07-10,No,No,MacOS,Safari,Debit Card,German,Evening,10,Small Business,sarah.jackson829@outlook.com,,0
4172,Jessica Davis,jessica.davis453@outlook.com,Web Portal,Payment Problem,Two-factor authentication codes are not being delivered to my phone.,Data synchronization restored after backend service restart.,High,In Progress,Web Form,Africa,40,Female,Enterprise,18,0,1,51.19,12.64,2024-05-29,2024-06-11,Yes,No,Android,Firefox,Debit Card,German,Afternoon,6,Individual,jessica.davis453@outlook.com,,0
124019,Richard Miller,richard.miller167@outlook.com,Web Portal,Refund Request,I would like to request a refund for the recent charge.,Security settings updated and customer notified of precautionary measures.,Urgent,Resolved,Web Form,Europe,42,Other,Free,54,15,2,20.23,36.69,2024-05-22,2024-06-03,Yes,Yes,Windows,Firefox,Crypto,Spanish,Evening,2,Individual,richard.miller167@outlook.com,,0
110674,Thomas Hernandez,thomas.hernandez22@icloud.com,Cloud Storage,Subscription Cancellation,The payment was deducted from my bank account but the transaction shows failed.,The issue was escalated to engineering and resolved in the latest patch.,Medium,Open,Social Media,North America,51,Male,Free,15,19,3,70.4,217.4,2023-06-05,2023-06-14,No,Yes,Windows,Edge,Crypto,Chinese,Night,7,Corporate,thomas.hernandez22@icloud.com,,0
58954,Linda Martin,linda.martin416@outlook.com,Subscription Service,Performance Issue,My subscription was cancelled without my request and I need clarification.,Bug logged internally and workaround shared with the customer.,High,Pending Customer,Social Media,South America,30,Male,Enterprise,1,8,3,24.69,174.53,2022-09-27,2022-10-05,Yes,No,Windows,Firefox,Debit Card,Chinese,Afternoon,5,Small Business,linda.martin416@outlook.com,,0
169994,Elizabeth Jones,elizabeth.jones494@outlook.com,API Service,Performance Issue,I found a bug in the latest update affecting report generation.,Subscription status corrected and confirmation email sent to customer.,Medium,In Progress,Social Media,Africa,60,Other,Basic,23,8,4,56.91,96.11,2024-08-11,2024-08-18,No,Yes,Windows,Edge,Credit Card,German,Night,9,Small Business,elizabeth.jones494@outlook.com,,0
9085,Charles Hernandez,charles.hernandez5@company.com,API Service,Account Suspension,I am experiencing very slow performance while using the dashboard.,Subscription status corrected and confirmation email sent to customer.,Urgent,Resolved,Chat,North America,71,Male,Basic,41,12,5,21.32,90.78,2023-02-19,2023-02-21,No,Yes,iOS,Chrome,Debit Card,English,Afternoon,4,Corporate,charles.hernandez5@company.com,,0
81331,Susan Thomas,susan.thomas566@hotmail.com,API Service,Account Suspension,I am experiencing very slow performance while using the dashboard.,Bug logged internally and workaround shared with the customer.,High,Open,Social Media,South America,44,Male,Basic,59,8,1,68.73,138.19,2024-06-23,2024-06-23,Yes,Yes,MacOS,Safari,Debit Card,English,Evening,10,Corporate,susan.thomas566@hotmail.com,,0
140354,James Thomas,james.thomas973@yahoo.com,Payment Gateway,Refund Request,The system is not syncing data across devices properly.,Security settings updated and customer notified of precautionary measures.,Urgent,In Progress,Phone,North America,19,Other,Premium,7,7,5,9.64,220.56,2022-10-20,2022-10-31,No,No,Linux,Safari,Bank Transfer,Spanish,Morning,10,Small Business,james.thomas973@yahoo.com,,0
18558,Sarah Lopez,sarah.lopez36@hotmail.com,Cloud Storage,Refund Request,I found a bug in the latest update affecting report generation.,Explained billing breakdown and clarified applicable charges.,Low,Closed,Social Media,Australia,54,Male,Free,53,16,1,42.0,139.2,2024-03-02,2024-03-15,No,No,iOS,Firefox,Debit Card,Spanish,Evening,10,Small Business,sarah.lopez36@hotmail.com,,0
36822,James Wilson,james.wilson429@outlook.com,Analytics Dashboard,Security Concern,The payment was deducted from my bank account but the transaction shows failed.,The duplicate charge was reversed and refund processed within 3-5 business days.,Low,In Progress,Phone,Asia,61,Other,Free,18,8,3,31.95,237.91,2023-02-10,2023-02-20,No,No,Windows,Unknown,Bank Transfer,French,Evening,10,Individual,james.wilson429@outlook.com,,0
104311,Richard Gonzalez,richard.gonzalez309@company.com,CRM Platform,Security Concern,I would like to request a refund for the recent charge.,We have reset the account credentials and advised the customer to retry login.,High,Resolved,Email,Europe,60,Other,Premium,7,13,5,10.45,98.91,2024-08-04,2024-08-09,No,Yes,iOS,Unknown,Bank Transfer,French,Evening,1,Small Business,richard.gonzalez309@company.com,,0
79188,Barbara Jackson,barbara.jackson887@outlook.com,Analytics Dashboard,Subscription Cancellation,The system is not syncing data across devices properly.,Bug logged internally and workaround shared with the customer.,Medium,Open,Phone,North America,62,Male,Enterprise,1,4,1,65.54,9.07,2024-09-13,2024-09-23,No,No,Windows,Safari,PayPal,German,Evening,4,Corporate,barbara.jackson887@outlook.com,,0
149145,James Thomas,james.thomas604@hotmail.com,Analytics Dashboard,Payment Problem,I am unable to access my account after entering the correct credentials.,Subscription status corrected and confirmation email sent to customer.,High,Pending Customer,Email,Europe,64,Male,Enterprise,51,1,5,36.66,208.67,2022-04-17,2022-04-29,Yes,Yes,MacOS,Edge,Bank Transfer,German,Night,9,Small Business,james.thomas604@hotmail.com,,0
158739,Patricia Davis,patricia.davis120@company.com,Web Portal,Performance Issue,The payment was deducted from my bank account but the transaction shows failed.,Data synchronization restored after backend service restart.,Medium,Pending Customer,Web Form,South America,50,Female,Free,26,19,1,32.36,68.14,2022-08-01,2022-08-10,Yes,No,MacOS,Unknown,Credit Card,English,Afternoon,2,Corporate,patricia.davis120@company.com,,0
54144,Sarah Johnson,sarah.johnson889@gmail.com,Analytics Dashboard,Refund Request,I am experiencing very slow performance while using the dashboard.,We have reset the account credentials and advised the customer to retry login.,Low,Resolved,Social Media,North America,75,Female,Premium,51,11,5,29.26,93.85,2024-04-18,2024-04-25,Yes,No,iOS,Unknown,Debit Card,French,Night,2,Individual,sarah.johnson889@gmail.com,,0
3977,Jessica Hernandez,jessica.hernandez503@outlook.com,E-commerce Store,Performance Issue,The payment was deducted from my bank account but the transaction shows failed.,Security settings updated and customer notified of precautionary measures.,High,Resolved,Email,Australia,27,Male,Basic,44,17,1,1.08,53.5,2022-10-19,2022-10-31,No,No,MacOS,Firefox,Debit Card,Chinese,Morning,3,Individual,jessica.hernandez503@outlook.com,,0
120172,Joseph Anderson,joseph.anderson510@hotmail.com,CRM Platform,Data Sync Issue,I am unable to access my account after entering the correct credentials.,The duplicate charge was reversed and refund processed within 3-5 business days.,Medium,Pending Customer,Social Media,South America,70,Female,Basic,7,14,1,11.79,60.42,2024-12-01,2024-12-15,No,Yes,MacOS,Edge,Bank Transfer,French,Morning,4,Small Business,joseph.anderson510@hotmail.com,2023-08-05,0
146346,Susan Williams,susan.williams560@outlook.com,Cloud Storage,Account Suspension,The payment was deducted from my bank account but the transaction shows failed.,Explained billing breakdown and clarified applicable charges.,Medium,In Progress,Email,Australia,23,Female,Free,59,11,3,31.03,136.58,2022-09-29,2022-09-29,Yes,No,iOS,Chrome,Credit Card,Japanese,Evening,9,Corporate,susan.williams560@outlook.com,,0
99,Karen Garcia,karen.garcia834@company.com,Payment Gateway,Data Sync Issue,I found a bug in the latest update affecting report generation.,The duplicate charge was reversed and refund processed within 3-5 business days.,High,Open,Chat,Asia,25,Male,Premium,45,4,5,28.28,143.55,2023-09-02,2023-09-16,No,No,MacOS,Edge,Crypto,Japanese,Afternoon,9,Individual,karen.garcia834@company.com,,0
90847,Michael Williams,michael.williams968@gmail.com,Billing System,Account Suspension,I found a bug in the latest update affecting report generation.,Bug logged internally and workaround shared with the customer.,Medium,In Progress,Chat,Europe,46,Female,Premium,53,8,1,4.66,153.15,2023-01-29,2023-02-11,No,No,Linux,Safari,Credit Card,German,Afternoon,1,Individual,michael.williams968@gmail.com,,0
41497,Patricia Lopez,patricia.lopez568@icloud.com,Mobile App,Bug Report,The system is not syncing data across devices properly.,The issue was escalated to engineering and resolved in the latest patch.,Medium,Resolved,Chat,Asia,64,Other,Premium,11,20,5,12.83,236.61,2024-05-10,2024-05-24,No,No,Windows,Chrome,Credit Card,French,Evening,7,Small Business,patricia.lopez568@icloud.com,,0
89095,Patricia Taylor,patricia.taylor910@company.com,Cloud Storage,Subscription Cancellation,The application crashes whenever I try to upload a file.,Explained billing breakdown and clarified applicable charges.,Urgent,Open,Phone,North America,54,Other,Enterprise,13,6,3,42.5,62.95,2023-03-08,2023-03-08,No,Yes,MacOS,Unknown,Credit Card,Japanese,Evening,1,Individual,patricia.taylor910@company.com,,0
104430,James Brown,james.brown132@yahoo.com,Cloud Storage,Payment Problem,The application crashes whenever I try to upload a file.,Data synchronization restored after backend service restart.,High,In Progress,Social Media,Europe,45,Other,Free,20,8,5,30.32,158.26,2022-10-19,2022-10-19,Yes,Yes,MacOS,Firefox,Crypto,German,Night,10,Individual,james.brown132@yahoo.com,,0
59018,Robert Martin,robert.martin470@icloud.com,Mobile App,Refund Request,Two-factor authentication codes are not being delivered to my phone.,Explained billing breakdown and clarified applicable charges.,Medium,Closed,Social Media,Europe,47,Female,Free,40,4,5,35.93,214.4,2022-02-10,2022-02-19,Yes,No,iOS,Unknown,Crypto,English,Morning,10,Small Business,robert.martin470@icloud.com,,0
176574,James Anderson,james.anderson930@outlook.com,Payment Gateway,Subscription Cancellation,I found a bug in the latest update affecting report generation.,Security settings updated and customer notified of precautionary measures.,High,Resolved,Web Form,Europe,29,Other,Premium,46,4,2,52.78,39.66,2022-06-28,2022-07-06,No,No,Android,Safari,Debit Card,Spanish,Morning,4,Corporate,james.anderson930@outlook.com,,0
177117,James Garcia,james.garcia105@outlook.com,CRM Platform,Feature Request,The system is not syncing data across devices properly.,Payment gateway timeout issue fixed and monitoring implemented.,Medium,Closed,Email,North America,26,Male,Enterprise,17,18,5,53.49,168.74,2024-06-25,2024-07-04,No,Yes,Windows,Safari,Debit Card,Spanish,Night,2,Corporate,james.garcia105@outlook.com,,0
131942,David Garcia,david.garcia36@company.com,Billing System,Data Sync Issue,I am unable to access my account after entering the correct credentials.,Provided step-by-step troubleshooting instructions and issue resolved.,Low,Resolved,Phone,South America,23,Male,Enterprise,45,1,2,54.84,44.83,2024-11-12,2024-11-14,Yes,Yes,Windows,Edge,Debit Card,German,Night,7,Individual,david.garcia36@company.com,,0
118700,Jennifer Williams,jennifer.williams189@icloud.com,Subscription Service,Refund Request,The system is not syncing data across devices properly.,Data synchronization restored after backend service restart.,Urgent,Closed,Web Form,Europe,26,Female,Enterprise,51,4,4,22.03,18.02,2023-12-30,2024-01-03,No,No,Linux,Edge,Debit Card,Chinese,Morning,7,Corporate,jennifer.williams189@icloud.com,2023-11-24,0
32530,Robert Wilson,robert.wilson644@gmail.com,Payment Gateway,Data Sync Issue,My subscription was cancelled without my request and I need clarification.,The issue was escalated to engineering and resolved in the latest patch.,Low,Resolved,Email,Africa,33,Male,Basic,29,14,4,19.02,93.01,2022-03-14,2022-03-27,Yes,No,Android,Unknown,Credit Card,Spanish,Night,8,Small Business,robert.wilson644@gmail.com,,0
184979,Sarah Martin,sarah.martin774@gmail.com,Web Portal,Feature Request,I found a bug in the latest update affecting report generation.,Explained billing breakdown and clarified applicable charges.,High,Resolved,Web Form,South America,75,Female,Enterprise,1,1,4,58.64,63.86,2024-06-08,2024-06-10,No,Yes,Android,Unknown,Bank Transfer,Spanish,Night,2,Individual,sarah.martin774@gmail.com,,0
43388,Michael Hernandez,michael.hernandez641@yahoo.com,Payment Gateway,Account Suspension,I am experiencing very slow performance while using the dashboard.,Data synchronization restored after backend service restart.,Urgent,Open,Email,Europe,21,Male,Enterprise,10,20,5,55.23,30.19,2022-03-06,2022-03-10,No,No,Android,Edge,Credit Card,English,Night,6,Small Business,michael.hernandez641@yahoo.com,,0
128989,Barbara Jones,barbara.jones917@company.com,Web Portal,Bug Report,The payment was deducted from my bank account but the transaction shows failed.,Payment gateway timeout issue fixed and monitoring implemented.,High,Pending Customer,Social Media,Asia,37,Male,Basic,51,12,3,11.65,3.36,2024-11-28,2024-12-10,Yes,No,iOS,Unknown,Credit Card,Chinese,Afternoon,6,Individual,barbara.jones917@company.com,,0
66262,David Brown,david.brown839@yahoo.com,Cloud Storage,Performance Issue,The system is not syncing data across devices properly.,Subscription status corrected and confirmation email sent to customer.,Low,Closed,Phone,Asia,58,Female,Enterprise,56,19,4,43.77,40.44,2022-05-27,2022-06-06,Yes,No,Linux,Edge,Credit Card,German,Afternoon,5,Individual,david.brown839@yahoo.com,,0
90559,Barbara Anderson,barbara.anderson263@company.com,Mobile App,Refund Request,The system is not syncing data across devices properly.,We have reset the account credentials and advised the customer to retry login.,High,Resolved,Social Media,North America,41,Male,Free,4,10,4,14.46,230.16,2022-05-22,2022-06-04,No,Yes,MacOS,Edge,Credit Card,English,Afternoon,6,Individual,barbara.anderson263@company.com,,0
61889,Linda Martin,linda.martin114@icloud.com,Payment Gateway,Payment Problem,I am experiencing very slow performance while using the dashboard.,Subscription status corrected and confirmation email sent to customer.,High,In Progress,Social Media,Europe,59,Other,Enterprise,7,3,4,44.79,104.78,2023-10-29,2023-11-08,No,Yes,MacOS,Edge,Bank Transfer,French,Afternoon,3,Small Business,linda.martin114@icloud.com,,0
7909,Richard Martinez,richard.martinez815@company.com,Subscription Service,Account Suspension,I found a bug in the latest update affecting report generation.,Security settings updated and customer notified of precautionary measures.,Urgent,Closed,Chat,Europe,40,Male,Enterprise,19,18,1,51.17,66.82,2022-11-27,2022-11-30,Yes,No,Windows,Chrome,Credit Card,Japanese,Evening,7,Corporate,richard.martinez815@company.com,,0
156361,Patricia Williams,patricia.williams156@icloud.com,API Service,Feature Request,My subscription was cancelled without my request and I need clarification.,Data synchronization restored after backend service restart.,Medium,In Progress,Phone,Africa,40,Female,Free,16,16,3,36.28,64.19,2023-06-27,2023-07-04,No,Yes,Linux,Chrome,PayPal,English,Evening,3,Corporate,patricia.williams156@icloud.com,,0
148329,Charles Lopez,charles.lopez375@yahoo.com,Billing System,Performance Issue,There seems to be a discrepancy in my billing statement for this month.,Data synchronization restored after backend service restart.,Low,Closed,Chat,South America,58,Male,Premium,60,0,5,70.85,23.29,2022-10-20,2022-10-30,No,No,iOS,Chrome,Credit Card,Chinese,Morning,8,Small Business,charles.lopez375@yahoo.com,,0
83953,Susan Rodriguez,susan.rodriguez27@icloud.com,Subscription Service,Data Sync Issue,Two-factor authentication codes are not being delivered to my phone.,The issue was escalated to engineering and resolved in the latest patch.,Urgent,Open,Phone,South America,25,Male,Enterprise,12,17,5,46.8,149.3,2024-07-13,2024-07-13,No,No,Windows,Edge,Debit Card,Spanish,Night,6,Individual,susan.rodriguez27@icloud.com,,0
113648,Richard Garcia,richard.garcia57@outlook.com,Analytics Dashboard,Login Issue,There seems to be a discrepancy in my billing statement for this month.,Bug logged internally and workaround shared with the customer.,Medium,Pending Customer,Chat,North America,32,Other,Free,46,17,5,21.78,139.31,2022-10-14,2022-10-25,No,No,Android,Edge,Debit Card,German,Morning,3,Small Business,richard.garcia57@outlook.com,,0
168604,John Jones,john.jones307@gmail.com,Billing System,Refund Request,The system is not syncing data across devices properly.,Subscription status corrected and confirmation email sent to customer.,High,Resolved,Chat,Australia,38,Other,Basic,57,14,4,62.02,206.38,2024-05-12,2024-05-26,Yes,Yes,Android,Firefox,Credit Card,Spanish,Afternoon,9,Small Business,john.jones307@gmail.com,,0
77204,David Jackson,david.jackson655@icloud.com,Cloud Storage,Bug Report,I found a bug in the latest update affecting report generation.,We have reset the account credentials and advised the customer to retry login.,Medium,Resolved,Phone,Asia,47,Male,Premium,26,19,3,10.43,231.11,2024-08-24,2024-08-26,No,No,Linux,Edge,Bank Transfer,Spanish,Night,8,Small Business,david.jackson655@icloud.com,,0
138565,Sarah Williams,sarah.williams749@yahoo.com,E-commerce Store,Feature Request,My subscription was cancelled without my request and I need clarification.,Data synchronization restored after backend service restart.,Low,Open,Web Form,Europe,28,Other,Enterprise,48,13,3,50.82,6.68,2023-12-30,2024-01-08,Yes,Yes,Linux,Firefox,Bank Transfer,Japanese,Evening,5,Corporate,sarah.williams749@yahoo.com,,0
172261,Karen Williams,karen.williams215@yahoo.com,Mobile App,Performance Issue,I found a bug in the latest update affecting report generation.,Explained billing breakdown and clarified applicable charges.,Low,In Progress,Social Media,Asia,19,Male,Free,1,4,2,19.29,217.3,2023-05-09,2023-05-23,No,No,Android,Safari,Credit Card,German,Evening,10,Small Business,karen.williams215@yahoo.com,,0
116863,Joseph Davis,joseph.davis163@hotmail.com,CRM Platform,Feature Request,I am experiencing very slow performance while using the dashboard.,We have reset the account credentials and advised the customer to retry login.,Low,Open,Chat,Australia,52,Female,Premium,30,7,4,59.55,189.42,2024-03-20,2024-03-25,Yes,Yes,iOS,Chrome,Bank Transfer,English,Evening,5,Corporate,joseph.davis163@hotmail.com,,0
78360,Mary Hernandez,mary.hernandez492@gmail.com,API Service,Subscription Cancellation,I am unable to access my account after entering the correct credentials.,Bug logged internally and workaround shared with the customer.,Low,Resolved,Social Media,Asia,46,Other,Premium,51,18,4,21.9,198.38,2024-06-13,2024-06-24,No,No,MacOS,Safari,Debit Card,French,Afternoon,10,Small Business,mary.hernandez492@gmail.com,,0
162790,Sarah Wilson,sarah.wilson306@yahoo.com,Billing System,Performance Issue,I would like to request a refund for the recent charge.,Provided step-by-step troubleshooting instructions and issue resolved.,Urgent,Resolved,Phone,Asia,39,Other,Basic,60,6,4,14.82,70.38,2022-11-15,2022-11-28,Yes,No,MacOS,Unknown,Bank Transfer,Chinese,Night,10,Small Business,sarah.wilson306@yahoo.com,,0
106876,Karen Lopez,karen.lopez823@gmail.com,Payment Gateway,Security Concern,The system is not syncing data across devices properly.,Security settings updated and customer notified of precautionary measures.,Urgent,Closed,Email,North America,41,Other,Premium,39,17,2,47.6,212.53,2022-03-16,2022-03-19,Yes,No,Windows,Unknown,Credit Card,Spanish,Morning,1,Individual,karen.lopez823@gmail.com,,0
177537,Mary Hernandez,mary.hernandez771@hotmail.com,API Service,Feature Request,The payment was deducted from my bank account but the transaction shows failed.,Bug logged internally and workaround shared with the customer.,High,Resolved,Phone,Asia,27,Male,Premium,3,16,4,58.2,12.94,2022-09-09,2022-09-19,Yes,No,Android,Safari,PayPal,English,Morning,4,Individual,mary.hernandez771@hotmail.com,,0
50144,Thomas Hernandez,thomas.hernandez29@hotmail.com,API Service,Payment Problem,I would like to request a refund for the recent charge.,The duplicate charge was reversed and refund processed within 3-5 business days.,Urgent,Open,Email,Africa,22,Other,Premium,27,9,4,42.96,17.74,2024-02-05,2024-02-18,No,Yes,Linux,Firefox,Credit Card,Chinese,Afternoon,5,Individual,thomas.hernandez29@hotmail.com,,0
166784,Joseph Thomas,joseph.thomas923@hotmail.com,Web Portal,Payment Problem,I would like to request a refund for the recent charge.,Bug logged internally and workaround shared with the customer.,Low,Resolved,Phone,North America,51,Female,Basic,5,5,3,48.28,87.02,2023-07-03,2023-07-09,No,No,Android,Safari,Debit Card,German,Afternoon,4,Corporate,joseph.thomas923@hotmail.com,,0
98853,David Taylor,david.taylor182@hotmail.com,Web Portal,Account Suspension,The payment was deducted from my bank account but the transaction shows failed.,The duplicate charge was reversed and refund processed within 3-5 business days.,Low,Open,Email,Africa,43,Other,Basic,9,16,1,3.43,46.49,2024-05-27,2024-05-28,No,No,Windows,Firefox,Crypto,English,Night,7,Corporate,david.taylor182@hotmail.com,,0
172997,Jennifer Hernandez,jennifer.hernandez339@icloud.com,Subscription Service,Account Suspension,I would like to request a refund for the recent charge.,Data synchronization restored after backend service restart.,Medium,Closed,Web Form,Africa,21,Female,Premium,60,19,2,56.05,162.74,2023-10-27,2023-11-02,Yes,Yes,iOS,Safari,Debit Card,Chinese,Morning,10,Small Business,jennifer.hernandez339@icloud.com,,0
151244,Linda Jones,linda.jones274@gmail.com,Subscription Service,Account Suspension,The payment was deducted from my bank account but the transaction shows failed.,Subscription status corrected and confirmation email sent to customer.,High,In Progress,Social Media,North America,41,Male,Premium,60,1,3,69.1,87.98,2023-02-01,2023-02-11,Yes,No,Linux,Safari,Crypto,German,Evening,2,Small Business,linda.jones274@gmail.com,,0
153431,Charles Moore,charles.moore474@outlook.com,E-commerce Store,Bug Report,My subscription was cancelled without my request and I need clarification.,Explained billing breakdown and clarified applicable charges.,Low,Pending Customer,Email,Europe,42,Male,Free,11,7,2,24.9,236.35,2022-01-04,2022-01-10,No,No,Linux,Edge,PayPal,French,Morning,10,Corporate,charles.moore474@outlook.com,,0
184107,Karen Gonzalez,karen.gonzalez808@gmail.com,Cloud Storage,Refund Request,I found a bug in the latest update affecting report generation.,The issue was escalated to engineering and resolved in the latest patch.,High,Pending Customer,Phone,Europe,73,Other,Basic,22,13,3,12.48,60.16,2022-04-22,2022-05-02,Yes,No,MacOS,Edge,Crypto,German,Morning,5,Small Business,karen.gonzalez808@gmail.com,,0
21033,Elizabeth Miller,elizabeth.miller858@yahoo.com,Cloud Storage,Performance Issue,Two-factor authentication codes are not being delivered to my phone.,Bug logged internally and workaround shared with the customer.,High,Closed,Web Form,Australia,73,Other,Basic,6,3,1,28.6,51.63,2022-07-29,2022-08-10,Yes,No,Android,Unknown,Credit Card,German,Night,7,Small Business,elizabeth.miller858@yahoo.com,,0
24039,Charles Davis,charles.davis462@icloud.com,Mobile App,Subscription Cancellation,Two-factor authentication codes are not being delivered to my phone.,The issue was escalated to engineering and resolved in the latest patch.,Low,Open,Chat,Australia,51,Other,Premium,57,9,4,45.88,163.29,2023-03-08,2023-03-19,No,No,Linux,Unknown,Debit Card,Spanish,Evening,9,Individual,charles.davis462@icloud.com,,0
190283,Charles Martinez,charles.martinez309@hotmail.com,Web Portal,Security Concern,My subscription was cancelled without my request and I need clarification.,Provided step-by-step troubleshooting instructions and issue resolved.,Urgent,Open,Email,Europe,34,Female,Free,28,9,1,69.67,173.95,2022-06-08,2022-06-18,Yes,Yes,Linux,Unknown,Credit Card,German,Night,4,Corporate,charles.martinez309@hotmail.com,,0
85958,Joseph Gonzalez,joseph.gonzalez82@gmail.com,Web Portal,Account Suspension,The system is not syncing data across devices properly.,Subscription status corrected and confirmation email sent to customer.,Low,Closed,Social Media,Australia,21,Female,Free,48,10,4,4.08,195.78,2024-12-01,2024-12-07,Yes,No,Android,Safari,Crypto,Japanese,Evening,4,Individual,joseph.gonzalez82@gmail.com,,0
11690,Patricia Rodriguez,patricia.rodriguez103@icloud.com,Billing System,Security Concern,I am unable to access my account after entering the correct credentials.,Bug logged internally and workaround shared with the customer.,Urgent,Pending Customer,Email,Europe,35,Male,Enterprise,51,14,5,6.99,228.65,2024-02-08,2024-02-11,No,Yes,Android,Edge,Credit Card,Spanish,Night,8,Corporate,patricia.rodriguez103@icloud.com,2023-02-17,0
7177,Karen Hernandez,karen.hernandez932@company.com,API Service,Data Sync Issue,I am unable to access my account after entering the correct credentials.,Explained billing breakdown and clarified applicable charges.,Medium,Pending Customer,Phone,South America,74,Male,Basic,38,14,4,56.14,9.47,2024-07-16,2024-07-16,No,No,Linux,Edge,Crypto,Spanish,Evening,8,Corporate,karen.hernandez932@company.com,,0
152655,Richard Johnson,richard.johnson938@outlook.com,CRM Platform,Performance Issue,My subscription was cancelled without my request and I need clarification.,Security settings updated and customer notified of precautionary measures.,Urgent,Resolved,Email,South America,48,Male,Free,18,18,5,24.71,11.14,2022-07-02,2022-07-06,No,No,Linux,Chrome,PayPal,English,Morning,9,Corporate,richard.johnson938@outlook.com,,0
16536,Robert Moore,robert.moore218@hotmail.com,Analytics Dashboard,Security Concern,The system is not syncing data across devices properly.,Security settings updated and customer notified of precautionary measures.,Urgent,Pending Customer,Social Media,South America,69,Female,Premium,9,7,3,39.3,39.81,2022-12-08,2022-12-14,No,Yes,iOS,Safari,Credit Card,Spanish,Evening,2,Small Business,robert.moore218@hotmail.com,,0
164673,Patricia Taylor,patricia.taylor480@outlook.com,API Service,Account Suspension,The system is not syncing data across devices properly.,Payment gateway timeout issue fixed and monitoring implemented.,High,Open,Web Form,North America,18,Male,Basic,54,5,5,24.26,139.4,2024-05-08,2024-05-17,No,Yes,MacOS,Safari,Bank Transfer,Spanish,Evening,9,Small Business,patricia.taylor480@outlook.com,,0
126443,Michael Jackson,michael.jackson672@outlook.com,CRM Platform,Bug Report,The payment was deducted from my bank account but the transaction shows failed.,Subscription status corrected and confirmation email sent to customer.,Urgent,Open,Web Form,Europe,23,Male,Enterprise,2,20,4,31.07,26.65,2023-10-20,2023-10-26,Yes,No,Windows,Edge,Crypto,Japanese,Afternoon,7,Individual,michael.jackson672@outlook.com,,0
119949,Richard Davis,richard.davis684@icloud.com,E-commerce Store,Bug Report,The system is not syncing data across devices properly.,Security settings updated and customer notified of precautionary measures.,Low,Open,Web Form,South America,69,Female,Basic,7,15,1,31.81,168.01,2024-05-19,2024-05-27,Yes,Yes,MacOS,Safari,Crypto,Japanese,Morning,5,Corporate,richard.davis684@icloud.com,,0
97871,Elizabeth Garcia,elizabeth.garcia858@icloud.com,Mobile App,Subscription Cancellation,I would like to request a refund for the recent charge.,Data synchronization restored after backend service restart.,Low,Pending Customer,Web Form,North America,56,Female,Basic,52,5,3,49.51,36.08,2023-09-23,2023-09-28,No,Yes,Windows,Firefox,Credit Card,Spanish,Evening,5,Individual,elizabeth.garcia858@icloud.com,,0
149025,Patricia Lopez,patricia.lopez241@yahoo.com,E-commerce Store,Performance Issue,I would like to request a refund for the recent charge.,Security settings updated and customer notified of precautionary measures.,High,In Progress,Social Media,North America,50,Female,Free,44,17,4,67.99,40.18,2024-08-01,2024-08-03,No,Yes,iOS,Safari,Bank Transfer,Japanese,Night,4,Individual,patricia.lopez241@yahoo.com,,0
101818,Charles Smith,charles.smith15@gmail.com,E-commerce Store,Subscription Cancellation,The system is not syncing data across devices properly.,Data synchronization restored after backend service restart.,High,Resolved,Phone,Asia,75,Other,Premium,37,11,2,63.29,99.39,2022-01-17,2022-01-25,No,Yes,iOS,Chrome,Bank Transfer,German,Morning,4,Corporate,charles.smith15@gmail.com,,0
146807,Susan Taylor,susan.taylor732@gmail.com,Web Portal,Security Concern,I found a bug in the latest update affecting report generation.,Subscription status corrected and confirmation email sent to customer.,High,Open,Email,Africa,42,Male,Free,48,10,5,38.86,140.57,2023-12-26,2024-01-01,Yes,Yes,Windows,Chrome,Bank Transfer,German,Night,10,Small Business,susan.taylor732@gmail.com,,0
153657,David Lopez,david.lopez631@yahoo.com,Subscription Service,Bug Report,I found a bug in the latest update affecting report generation.,The issue was escalated to engineering and resolved in the latest patch.,Medium,In Progress,Chat,Australia,57,Female,Enterprise,27,1,2,51.42,71.78,2023-01-29,2023-02-12,Yes,Yes,Android,Edge,Bank Transfer,Spanish,Afternoon,10,Individual,david.lopez631@yahoo.com,,0
120343,Sarah Lopez,sarah.lopez245@company.com,CRM Platform,Security Concern,The payment was deducted from my bank account but the transaction shows failed.,Data synchronization restored after backend service restart.,High,Open,Phone,Europe,60,Male,Basic,53,6,4,69.75,134.2,2023-09-06,2023-09-16,No,Yes,Android,Unknown,Bank Transfer,French,Evening,6,Individual,sarah.lopez245@company.com,,0
40384,Sarah Thomas,sarah.thomas992@gmail.com,Mobile App,Login Issue,There seems to be a discrepancy in my billing statement for this month.,Payment gateway timeout issue fixed and monitoring implemented.,Medium,In Progress,Web Form,Asia,45,Other,Premium,21,6,4,45.76,208.01,2022-04-30,2022-05-14,Yes,No,Android,Unknown,Debit Card,Chinese,Morning,2,Small Business,sarah.thomas992@gmail.com,,0
139875,James Martin,james.martin431@yahoo.com,E-commerce Store,Payment Problem,I found a bug in the latest update affecting report generation.,The issue was escalated to engineering and resolved in the latest patch.,Medium,Closed,Email,Africa,69,Male,Premium,4,9,5,16.85,26.38,2022-04-11,2022-04-15,Yes,No,iOS,Firefox,Crypto,German,Afternoon,8,Corporate,james.martin431@yahoo.com,,0
153437,Thomas Hernandez,thomas.hernandez52@gmail.com,Billing System,Feature Request,The payment was deducted from my bank account but the transaction shows failed.,The issue was escalated to engineering and resolved in the latest patch.,Urgent,Closed,Web Form,Asia,47,Male,Basic,28,13,3,9.17,172.28,2024-03-10,2024-03-21,Yes,Yes,Windows,Chrome,Credit Card,Spanish,Afternoon,8,Individual,thomas.hernandez52@gmail.com,,0
185040,Jessica Hernandez,jessica.hernandez83@outlook.com,Mobile App,Login Issue,I found a bug in the latest update affecting report generation.,Security settings updated and customer notified of precautionary measures.,Low,In Progress,Social Media,Europe,30,Other,Basic,45,15,4,15.31,225.69,2022-10-25,2022-10-25,Yes,Yes,Windows,Safari,Crypto,German,Night,9,Small Business,jessica.hernandez83@outlook.com,,0
49801,Linda Miller,linda.miller567@gmail.com,Billing System,Subscription Cancellation,I am experiencing very slow performance while using the dashboard.,Provided step-by-step troubleshooting instructions and issue resolved.,Medium,Closed,Web Form,North America,51,Other,Basic,32,17,1,21.04,108.46,2024-12-03,2024-12-08,Yes,No,Linux,Unknown,Debit Card,French,Evening,4,Individual,linda.miller567@gmail.com,2024-03-12,0
194816,Sarah Rodriguez,sarah.rodriguez769@hotmail.com,Cloud Storage,Feature Request,I found a bug in the latest update affecting report generation.,Data synchronization restored after backend service restart.,Medium,Pending Customer,Social Media,North America,26,Female,Free,17,18,3,6.94,62.83,2022-10-03,2022-10-05,Yes,No,iOS,Safari,Debit Card,German,Morning,9,Individual,sarah.rodriguez769@hotmail.com,,0
164613,Barbara Gonzalez,barbara.gonzalez66@gmail.com,Subscription Service,Login Issue,The payment was deducted from my bank account but the transaction shows failed.,Payment gateway timeout issue fixed and monitoring implemented.,Medium,Pending Customer,Social Media,North America,25,Other,Premium,51,16,5,49.01,95.5,2023-09-23,2023-09-28,No,Yes,Android,Chrome,Credit Card,German,Morning,10,Small Business,barbara.gonzalez66@gmail.com,,0
185623,Michael Williams,michael.williams210@gmail.com,Mobile App,Performance Issue,Two-factor authentication codes are not being delivered to my phone.,Bug logged internally and workaround shared with the customer.,Medium,Open,Email,South America,47,Other,Basic,12,18,2,15.99,67.26,2024-07-11,2024-07-14,Yes,No,Android,Edge,PayPal,German,Night,6,Small Business,michael.williams210@gmail.com,2024-06-25,1
68580,Jessica Johnson,jessica.johnson381@hotmail.com,API Service,Account Suspension,I am unable to access my account after entering the correct credentials.,Bug logged internally and workaround shared with the customer.,High,Pending Customer,Web Form,Asia,49,Female,Basic,3,9,2,67.0,181.21,2024-11-26,2024-11-30,No,No,iOS,Unknown,PayPal,Spanish,Afternoon,7,Corporate,jessica.johnson381@hotmail.com,,0
66051,Susan Martin,susan.martin988@icloud.com,Mobile App,Performance Issue,I would like to request a refund for the recent charge.,Provided step-by-step troubleshooting instructions and issue resolved.,Urgent,Closed,Social Media,Australia,74,Female,Premium,10,11,5,28.35,213.66,2022-09-09,2022-09-12,No,No,MacOS,Chrome,Credit Card,Chinese,Evening,9,Corporate,susan.martin988@icloud.com,,0
84155,Michael Jones,michael.jones796@icloud.com,API Service,Payment Problem,Two-factor authentication codes are not being delivered to my phone.,Security settings updated and customer notified of precautionary measures.,Low,In Progress,Chat,Asia,61,Other,Free,3,10,4,15.84,131.41,2022-01-31,2022-02-06,No,Yes,Windows,Chrome,PayPal,Chinese,Evening,2,Individual,michael.jones796@icloud.com,,0
147945,Robert Moore,robert.moore7@yahoo.com,Billing System,Payment Problem,The system is not syncing data across devices properly.,We have reset the account credentials and advised the customer to retry login.,Medium,Pending Customer,Email,Asia,66,Other,Basic,41,9,5,57.15,127.45,2024-12-27,2025-01-06,Yes,Yes,Android,Firefox,Debit Card,French,Night,8,Corporate,robert.moore7@yahoo.com,,0
86852,William Anderson,william.anderson198@icloud.com,Payment Gateway,Subscription Cancellation,I found a bug in the latest update affecting report generation.,Payment gateway timeout issue fixed and monitoring implemented.,Urgent,Open,Chat,Africa,67,Other,Premium,6,0,5,27.12,2.15,2022-06-23,2022-06-25,Yes,No,Linux,Chrome,Debit Card,Spanish,Afternoon,5,Small Business,william.anderson198@icloud.com,,0
44079,Karen Gonzalez,karen.gonzalez62@gmail.com,E-commerce Store,Refund Request,Two-factor authentication codes are not being delivered to my phone.,Explained billing breakdown and clarified applicable charges.,Urgent,Resolved,Web Form,Europe,62,Other,Enterprise,38,5,4,44.79,164.1,2022-07-15,2022-07-28,Yes,Yes,iOS,Chrome,PayPal,Japanese,Morning,2,Small Business,karen.gonzalez62@gmail.com,,0
95302,Jennifer Taylor,jennifer.taylor650@yahoo.com,E-commerce Store,Account Suspension,I am unable to access my account after entering the correct credentials.,Data synchronization restored after backend service restart.,High,Pending Customer,Web Form,North America,26,Male,Premium,43,0,2,20.14,99.86,2022-06-15,2022-06-29,Yes,No,MacOS,Safari,PayPal,Chinese,Morning,8,Small Business,jennifer.taylor650@yahoo.com,,0
193150,Patricia Jackson,patricia.jackson891@hotmail.com,Billing System,Data Sync Issue,I found a bug in the latest update affecting report generation.,Payment gateway timeout issue fixed and monitoring implemented.,Urgent,Resolved,Web Form,Africa,55,Other,Enterprise,45,1,4,47.95,194.41,2023-07-26,2023-07-28,Yes,No,Windows,Edge,Credit Card,Chinese,Night,6,Corporate,patricia.jackson891@hotmail.com,,0
48014,Patricia Jones,patricia.jones181@gmail.com,Web Portal,Payment Problem,Two-factor authentication codes are not being delivered to my phone.,Explained billing breakdown and clarified applicable charges.,Medium,In Progress,Email,South America,38,Male,Premium,12,1,4,29.13,201.38,2022-12-14,2022-12-24,Yes,No,Android,Firefox,Bank Transfer,German,Morning,9,Corporate,patricia.jones181@gmail.com,,0
179408,Jessica Taylor,jessica.taylor313@yahoo.com,Analytics Dashboard,Login Issue,I found a bug in the latest update affecting report generation.,The duplicate charge was reversed and refund processed within 3-5 business days.,High,Pending Customer,Email,Asia,34,Other,Premium,38,19,2,29.93,206.55,2024-03-07,2024-03-12,Yes,Yes,Android,Chrome,Debit Card,French,Afternoon,9,Corporate,jessica.taylor313@yahoo.com,,0
124915,Elizabeth Gonzalez,elizabeth.gonzalez434@gmail.com,Analytics Dashboard,Account Suspension,Two-factor authentication codes are not being delivered to my phone.,Subscription status corrected and confirmation email sent to customer.,Low,Open,Social Media,Australia,37,Male,Free,51,4,2,35.27,50.55,2022-03-16,2022-03-20,No,Yes,iOS,Unknown,Debit Card,French,Afternoon,1,Corporate,elizabeth.gonzalez434@gmail.com,,0
192115,Michael Jackson,michael.jackson334@gmail.com,Analytics Dashboard,Performance Issue,The system is not syncing data across devices properly.,The duplicate charge was reversed and refund processed within 3-5 business days.,Urgent,Open,Email,Australia,60,Female,Premium,4,19,5,32.76,71.82,2024-04-23,2024-05-05,Yes,No,Windows,Edge,Credit Card,Japanese,Evening,6,Individual,michael.jackson334@gmail.com,,0
68014,Sarah Gonzalez,sarah.gonzalez767@outlook.com,Payment Gateway,Feature Request,I am experiencing very slow performance while using the dashboard.,Payment gateway timeout issue fixed and monitoring implemented.,Medium,Pending Customer,Social Media,North America,27,Other,Premium,53,12,5,50.5,200.43,2024-03-20,2024-03-30,Yes,No,iOS,Firefox,Credit Card,Spanish,Afternoon,10,Corporate,sarah.gonzalez767@outlook.com,,0
8082,Joseph Martin,joseph.martin346@hotmail.com,Cloud Storage,Refund Request,I am experiencing very slow performance while using the dashboard.,Provided step-by-step troubleshooting instructions and issue resolved.,High,Closed,Phone,Europe,66,Male,Basic,54,8,5,46.8,99.85,2024-02-19,2024-02-24,No,No,Linux,Firefox,Bank Transfer,Spanish,Evening,5,Small Business,joseph.martin346@hotmail.com,,0
151209,William Rodriguez,william.rodriguez579@gmail.com,Analytics Dashboard,Data Sync Issue,Two-factor authentication codes are not being delivered to my phone.,Security settings updated and customer notified of precautionary measures.,High,Resolved,Web Form,Africa,23,Male,Premium,18,17,2,40.8,48.75,2022-06-11,2022-06-14,Yes,Yes,iOS,Safari,Debit Card,English,Morning,8,Individual,william.rodriguez579@gmail.com,,0
105097,Charles Jones,charles.jones139@hotmail.com,Web Portal,Refund Request,I would like to request a refund for the recent charge.,Bug logged internally and workaround shared with the customer.,Urgent,Closed,Web Form,Europe,65,Other,Premium,46,10,3,65.69,73.46,2023-10-13,2023-10-23,Yes,No,Windows,Chrome,Bank Transfer,French,Morning,7,Small Business,charles.jones139@hotmail.com,2023-04-11,0
23288,Jessica Williams,jessica.williams531@icloud.com,CRM Platform,Data Sync Issue,The payment was deducted from my bank account but the transaction shows failed.,The duplicate charge was reversed and refund processed within 3-5 business days.,High,Resolved,Phone,Australia,67,Other,Enterprise,8,13,4,58.36,24.46,2023-05-05,2023-05-16,Yes,Yes,Windows,Chrome,Debit Card,Japanese,Night,7,Small Business,jessica.williams531@icloud.com,2022-05-22,0
173313,Susan Thomas,susan.thomas720@outlook.com,API Service,Payment Problem,I am unable to access my account after entering the correct credentials.,Provided step-by-step troubleshooting instructions and issue resolved.,Urgent,Resolved,Phone,Africa,45,Other,Free,23,5,1,70.22,108.98,2024-12-10,2024-12-17,Yes,Yes,Windows,Safari,Bank Transfer,Spanish,Evening,3,Corporate,susan.thomas720@outlook.com,,0
159833,Sarah Jones,sarah.jones738@yahoo.com,Billing System,Subscription Cancellation,Two-factor authentication codes are not being delivered to my phone.,We have reset the account credentials and advised the customer to retry login.,Urgent,In Progress,Phone,Asia,39,Other,Basic,32,7,5,63.18,77.03,2024-10-01,2024-10-09,Yes,No,Windows,Edge,Credit Card,English,Afternoon,2,Small Business,sarah.jones738@yahoo.com,,0
53802,John Rodriguez,john.rodriguez732@icloud.com,E-commerce Store,Login Issue,I would like to request a refund for the recent charge.,The issue was escalated to engineering and resolved in the latest patch.,Medium,In Progress,Phone,Africa,47,Other,Basic,53,1,1,13.71,190.32,2023-11-18,2023-11-29,Yes,Yes,MacOS,Safari,Credit Card,French,Evening,10,Small Business,john.rodriguez732@icloud.com,,0
28348,Karen Hernandez,karen.hernandez863@company.com,Subscription Service,Login Issue,I found a bug in the latest update affecting report generation.,We have reset the account credentials and advised the customer to retry login.,Urgent,Open,Chat,Asia,42,Male,Free,17,0,5,0.94,31.69,2023-08-13,2023-08-27,Yes,Yes,iOS,Unknown,Crypto,French,Afternoon,4,Small Business,karen.hernandez863@company.com,,0
4032,John Taylor,john.taylor124@yahoo.com,Cloud Storage,Feature Request,The system is not syncing data across devices properly.,We have reset the account credentials and advised the customer to retry login.,Medium,Open,Phone,South America,63,Male,Enterprise,20,14,3,14.46,161.52,2022-10-14,2022-10-21,No,No,iOS,Chrome,PayPal,French,Morning,2,Small Business,john.taylor124@yahoo.com,,0
184491,Elizabeth Lopez,elizabeth.lopez383@outlook.com,Cloud Storage,Refund Request,I found a bug in the latest update affecting report generation.,We have reset the account credentials and advised the customer to retry login.,Low,Closed,Phone,Africa,22,Female,Premium,26,0,5,50.39,188.36,2023-06-22,2023-07-04,No,Yes,MacOS,Firefox,Debit Card,Spanish,Afternoon,3,Individual,elizabeth.lopez383@outlook.com,,0
32544,David Smith,david.smith116@yahoo.com,Analytics Dashboard,Data Sync Issue,Two-factor authentication codes are not being delivered to my phone.,Payment gateway timeout issue fixed and monitoring implemented.,Urgent,Pending Customer,Social Media,Asia,58,Male,Premium,42,1,3,12.91,40.6,2024-08-25,2024-09-02,Yes,No,iOS,Chrome,Bank Transfer,Japanese,Evening,7,Corporate,david.smith116@yahoo.com,,0
141536,William Williams,william.williams16@company.com,Web Portal,Bug Report,The payment was deducted from my bank account but the transaction shows failed.,Payment gateway timeout issue fixed and monitoring implemented.,Low,In Progress,Email,Africa,34,Female,Enterprise,52,1,4,53.78,77.33,2022-09-18,2022-09-19,No,No,Windows,Unknown,PayPal,German,Night,10,Small Business,william.williams16@company.com,,0
81706,Charles Anderson,charles.anderson438@gmail.com,Subscription Service,Performance Issue,Two-factor authentication codes are not being delivered to my phone.,Security settings updated and customer notified of precautionary measures.,Low,Resolved,Web Form,Africa,54,Female,Basic,6,4,5,63.8,206.28,2023-08-31,2023-09-12,Yes,No,Linux,Chrome,Crypto,Chinese,Night,3,Small Business,charles.anderson438@gmail.com,,0
77590,Richard Lopez,richard.lopez959@outlook.com,Mobile App,Security Concern,The system is not syncing data across devices properly.,Payment gateway timeout issue fixed and monitoring implemented.,High,Open,Social Media,Europe,53,Other,Free,6,13,4,34.37,15.99,2022-10-25,2022-10-28,No,No,Linux,Edge,Bank Transfer,German,Afternoon,9,Corporate,richard.lopez959@outlook.com,,0
106896,Jennifer Williams,jennifer.williams432@gmail.com,E-commerce Store,Subscription Cancellation,I am unable to access my account after entering the correct credentials.,The issue was escalated to engineering and resolved in the latest patch.,Urgent,Closed,Email,Africa,55,Male,Basic,14,20,5,71.23,22.77,2023-11-30,2023-12-10,Yes,Yes,Android,Edge,Bank Transfer,Chinese,Evening,6,Corporate,jennifer.williams432@gmail.com,,0
1893,Michael Thomas,michael.thomas996@yahoo.com,Billing System,Payment Problem,The payment was deducted from my bank account but the transaction shows failed.,The issue was escalated to engineering and resolved in the latest patch.,Low,In Progress,Email,North America,27,Female,Basic,15,14,1,26.45,92.68,2023-11-08,2023-11-21,No,No,Linux,Firefox,PayPal,Spanish,Afternoon,10,Individual,michael.thomas996@yahoo.com,,0
163745,Linda Martin,linda.martin681@company.com,Billing System,Account Suspension,Two-factor authentication codes are not being delivered to my phone.,Security settings updated and customer notified of precautionary measures.,Medium,In Progress,Chat,Asia,67,Other,Premium,9,10,1,65.07,145.35,2024-06-30,2024-07-14,Yes,No,Android,Edge,Credit Card,Spanish,Afternoon,7,Individual,linda.martin681@company.com,,0
189719,Elizabeth Martinez,elizabeth.martinez491@yahoo.com,Analytics Dashboard,Login Issue,There seems to be a discrepancy in my billing statement for this month.,Payment gateway timeout issue fixed and monitoring implemented.,High,Pending Customer,Phone,Asia,67,Other,Enterprise,47,4,1,25.71,48.27,2022-10-11,2022-10-20,Yes,No,Android,Unknown,Credit Card,Spanish,Evening,8,Small Business,elizabeth.martinez491@yahoo.com,,0
133811,Patricia Wilson,patricia.wilson376@hotmail.com,Billing System,Data Sync Issue,The payment was deducted from my bank account but the transaction shows failed.,Explained billing breakdown and clarified applicable charges.,Urgent,Closed,Web Form,South America,24,Male,Premium,21,9,3,44.69,119.89,2022-06-18,2022-06-25,Yes,Yes,Android,Chrome,Crypto,German,Night,6,Corporate,patricia.wilson376@hotmail.com,2022-03-09,0
190383,Karen Brown,karen.brown652@company.com,Billing System,Login Issue,I would like to request a refund for the recent charge.,Bug logged internally and workaround shared with the customer.,Urgent,Closed,Web Form,Europe,69,Other,Free,7,7,5,65.3,13.36,2022-04-12,2022-04-18,No,Yes,Linux,Unknown,PayPal,Japanese,Afternoon,8,Small Business,karen.brown652@company.com,,0
20583,Barbara Jones,barbara.jones826@gmail.com,E-commerce Store,Security Concern,I am experiencing very slow performance while using the dashboard.,Data synchronization restored after backend service restart.,Low,Open,Social Media,Australia,22,Male,Enterprise,1,6,5,67.11,32.47,2022-07-25,2022-07-29,No,Yes,Linux,Chrome,Bank Transfer,Chinese,Evening,10,Small Business,barbara.jones826@gmail.com,,0
195058,Michael Martinez,michael.martinez628@yahoo.com,Analytics Dashboard,Security Concern,There seems to be a discrepancy in my billing statement for this month.,Payment gateway timeout issue fixed and monitoring implemented.,Medium,Pending Customer,Email,Asia,61,Male,Basic,4,10,4,67.08,71.58,2024-02-26,2024-02-28,Yes,No,Windows,Unknown,Bank Transfer,Chinese,Evening,10,Individual,michael.martinez628@yahoo.com,,0
144084,Sarah Jackson,sarah.jackson780@company.com,CRM Platform,Security Concern,The payment was deducted from my bank account but the transaction shows failed.,Security settings updated and customer notified of precautionary measures.,Urgent,Closed,Phone,South America,52,Female,Free,20,16,2,35.62,87.83,2022-08-18,2022-08-20,Yes,Yes,MacOS,Chrome,Credit Card,German,Morning,10,Individual,sarah.jackson780@company.com,,0
145269,James Brown,james.brown187@outlook.com,Billing System,Account Suspension,I would like to request a refund for the recent charge.,Subscription status corrected and confirmation email sent to customer.,Low,Closed,Phone,Australia,26,Male,Premium,37,3,1,32.56,43.9,2023-10-13,2023-10-17,Yes,Yes,MacOS,Unknown,PayPal,French,Morning,6,Small Business,james.brown187@outlook.com,,0
137010,Barbara Garcia,barbara.garcia980@gmail.com,Web Portal,Performance Issue,I found a bug in the latest update affecting report generation.,We have reset the account credentials and advised the customer to retry login.,Urgent,Open,Chat,Asia,40,Other,Premium,32,0,1,61.14,227.68,2023-02-05,2023-02-16,Yes,No,Android,Chrome,Debit Card,Japanese,Morning,4,Corporate,barbara.garcia980@gmail.com,2022-07-08,0
153528,Elizabeth Martinez,elizabeth.martinez151@icloud.com,Analytics Dashboard,Subscription Cancellation,There seems to be a discrepancy in my billing statement for this month.,The duplicate charge was reversed and refund processed within 3-5 business days.,Medium,Pending Customer,Social Media,Africa,23,Female,Free,30,19,5,69.04,95.48,2023-01-01,2023-01-02,Yes,No,Windows,Chrome,Bank Transfer,German,Afternoon,7,Individual,elizabeth.martinez151@icloud.com,,0
123,Charles Davis,charles.davis167@icloud.com,CRM Platform,Login Issue,I am experiencing very slow performance while using the dashboard.,We have reset the account credentials and advised the customer to retry login.,High,Open,Email,Asia,28,Female,Basic,47,2,5,67.84,234.75,2022-05-31,2022-06-12,No,No,Windows,Edge,Debit Card,Chinese,Night,3,Individual,charles.davis167@icloud.com,,0
39491,David Davis,david.davis693@gmail.com,Subscription Service,Payment Problem,The system is not syncing data across devices properly.,Subscription status corrected and confirmation email sent to customer.,Urgent,Pending Customer,Phone,Asia,24,Male,Free,46,14,4,35.06,30.02,2024-05-14,2024-05-25,No,Yes,iOS,Edge,Credit Card,English,Night,2,Small Business,david.davis693@gmail.com,,0
103762,Jennifer Brown,jennifer.brown560@yahoo.com,Cloud Storage,Feature Request,The application crashes whenever I try to upload a file.,Subscription status corrected and confirmation email sent to customer.,High,In Progress,Web Form,Australia,34,Male,Premium,28,7,5,68.09,73.41,2023-08-30,2023-09-03,No,No,MacOS,Chrome,PayPal,Chinese,Night,6,Corporate,jennifer.brown560@yahoo.com,,0
144324,Karen Lopez,karen.lopez789@outlook.com,Mobile App,Bug Report,There seems to be a discrepancy in my billing statement for this month.,We have reset the account credentials and advised the customer to retry login.,Low,Open,Email,Europe,47,Male,Basic,4,0,2,42.31,42.27,2023-03-26,2023-03-26,No,No,Linux,Edge,PayPal,Japanese,Afternoon,6,Corporate,karen.lopez789@outlook.com,,0
55412,Sarah Martinez,sarah.martinez949@hotmail.com,CRM Platform,Feature Request,Two-factor authentication codes are not being delivered to my phone.,We have reset the account credentials and advised the customer to retry login.,Urgent,In Progress,Chat,South America,54,Male,Premium,52,0,3,26.22,15.97,2022-05-20,2022-05-31,Yes,Yes,Windows,Unknown,Bank Transfer,Chinese,Afternoon,5,Corporate,sarah.martinez949@hotmail.com,,0
18301,David Thomas,david.thomas96@gmail.com,Analytics Dashboard,Refund Request,The system is not syncing data across devices properly.,We have reset the account credentials and advised the customer to retry login.,High,Closed,Phone,Europe,34,Other,Free,5,19,4,39.42,108.4,2022-02-12,2022-02-21,Yes,No,Linux,Chrome,Debit Card,Chinese,Afternoon,8,Small Business,david.thomas96@gmail.com,,0
16681,Jennifer Rodriguez,jennifer.rodriguez438@icloud.com,Cloud Storage,Account Suspension,I would like to request a refund for the recent charge.,Explained billing breakdown and clarified applicable charges.,Urgent,Resolved,Email,Europe,23,Other,Free,18,0,3,57.65,183.71,2024-06-27,2024-07-09,Yes,No,Android,Edge,Credit Card,English,Afternoon,3,Individual,jennifer.rodriguez438@icloud.com,,0
127729,Sarah Wilson,sarah.wilson880@icloud.com,Payment Gateway,Feature Request,I found a bug in the latest update affecting report generation.,Data synchronization restored after backend service restart.,Low,Pending Customer,Chat,Australia,30,Male,Basic,46,11,4,43.38,43.54,2023-05-11,2023-05-19,Yes,Yes,Android,Unknown,PayPal,English,Evening,4,Small Business,sarah.wilson880@icloud.com,,0
87602,William Wilson,william.wilson174@yahoo.com,Payment Gateway,Account Suspension,The system is not syncing data across devices properly.,Security settings updated and customer notified of precautionary measures.,Medium,Pending Customer,Phone,Australia,35,Other,Basic,58,11,4,6.41,173.86,2024-09-20,2024-09-23,No,Yes,Android,Edge,Debit Card,German,Morning,9,Small Business,william.wilson174@yahoo.com,,0
140483,Patricia Jackson,patricia.jackson12@icloud.com,Analytics Dashboard,Performance Issue,I am unable to access my account after entering the correct credentials.,We have reset the account credentials and advised the customer to retry login.,Medium,In Progress,Email,Africa,55,Female,Free,5,4,1,8.53,4.3,2022-09-27,2022-10-06,Yes,No,Linux,Unknown,Credit Card,Spanish,Night,8,Individual,patricia.jackson12@icloud.com,,0
159206,Barbara Hernandez,barbara.hernandez699@gmail.com,Payment Gateway,Subscription Cancellation,The payment was deducted from my bank account but the transaction shows failed.,Security settings updated and customer notified of precautionary measures.,Low,Closed,Social Media,North America,58,Other,Premium,9,3,4,44.5,210.88,2023-08-06,2023-08-10,Yes,No,Windows,Firefox,PayPal,German,Evening,8,Small Business,barbara.hernandez699@gmail.com,,0
91303,Susan Martinez,susan.martinez531@company.com,Payment Gateway,Performance Issue,The system is not syncing data across devices properly.,Data synchronization restored after backend service restart.,Medium,Open,Social Media,Africa,45,Female,Free,24,0,2,23.17,80.62,2022-09-02,2022-09-05,Yes,Yes,MacOS,Chrome,Crypto,Japanese,Morning,3,Individual,susan.martinez531@company.com,,0
154712,Mary Davis,mary.davis625@yahoo.com,E-commerce Store,Bug Report,I am unable to access my account after entering the correct credentials.,Subscription status corrected and confirmation email sent to customer.,Medium,Closed,Chat,Asia,74,Male,Basic,32,14,5,51.76,118.77,2022-10-07,2022-10-11,Yes,No,Windows,Chrome,Credit Card,German,Evening,7,Corporate,mary.davis625@yahoo.com,,0
93234,Karen Thomas,karen.thomas720@company.com,Mobile App,Login Issue,I found a bug in the latest update affecting report generation.,Payment gateway timeout issue fixed and monitoring implemented.,Urgent,Pending Customer,Phone,Europe,26,Female,Enterprise,31,15,3,49.47,229.24,2022-03-20,2022-03-27,No,Yes,Android,Edge,Credit Card,Chinese,Morning,2,Small Business,karen.thomas720@company.com,,0
134468,Robert Moore,robert.moore679@gmail.com,Billing System,Payment Problem,My subscription was cancelled without my request and I need clarification.,The duplicate charge was reversed and refund processed within 3-5 business days.,Medium,In Progress,Social Media,Australia,54,Other,Free,45,9,5,14.16,111.84,2022-03-29,2022-04-07,Yes,Yes,iOS,Edge,PayPal,Japanese,Evening,10,Small Business,robert.moore679@gmail.com,,0
90071,Barbara Jones,barbara.jones706@company.com,Cloud Storage,Bug Report,The system is not syncing data across devices properly.,Subscription status corrected and confirmation email sent to customer.,Medium,Open,Chat,South America,21,Other,Enterprise,45,18,3,8.15,129.63,2022-05-26,2022-06-09,Yes,Yes,Windows,Safari,Credit Card,Spanish,Afternoon,7,Small Business,barbara.jones706@company.com,,0
85663,Linda Hernandez,linda.hernandez258@company.com,Analytics Dashboard,Subscription Cancellation,My subscription was cancelled without my request and I need clarification.,Subscription status corrected and confirmation email sent to customer.,Urgent,Resolved,Email,South America,41,Male,Free,38,10,1,21.36,200.84,2024-08-20,2024-08-30,Yes,Yes,Windows,Safari,Credit Card,Chinese,Evening,8,Corporate,linda.hernandez258@company.com,,0
192589,Patricia Garcia,patricia.garcia409@yahoo.com,CRM Platform,Refund Request,The payment was deducted from my bank account but the transaction shows failed.,Bug logged internally and workaround shared with the customer.,High,In Progress,Chat,Europe,42,Male,Basic,39,19,4,65.7,21.2,2023-06-25,2023-06-28,Yes,Yes,iOS,Edge,Crypto,German,Morning,10,Small Business,patricia.garcia409@yahoo.com,,0
155769,Susan Lopez,susan.lopez532@hotmail.com,API Service,Account Suspension,I am unable to access my account after entering the correct credentials.,Provided step-by-step troubleshooting instructions and issue resolved.,Urgent,Closed,Social Media,Africa,35,Female,Free,57,2,4,30.08,14.22,2022-01-24,2022-02-06,No,Yes,Android,Firefox,Credit Card,French,Afternoon,8,Individual,susan.lopez532@hotmail.com,,0
10246,Joseph Martinez,joseph.martinez754@company.com,CRM Platform,Login Issue,There seems to be a discrepancy in my billing statement for this month.,Explained billing breakdown and clarified applicable charges.,Low,In Progress,Chat,North America,50,Female,Premium,57,8,2,45.26,208.69,2022-11-03,2022-11-07,No,No,Linux,Chrome,PayPal,German,Morning,7,Corporate,joseph.martinez754@company.com,,0
17660,William Moore,william.moore634@company.com,E-commerce Store,Payment Problem,My subscription was cancelled without my request and I need clarification.,Payment gateway timeout issue fixed and monitoring implemented.,High,In Progress,Social Media,Australia,29,Male,Premium,20,11,4,44.77,92.71,2022-04-22,2022-05-01,No,No,Android,Chrome,Credit Card,Spanish,Morning,4,Small Business,william.moore634@company.com,,0
89850,Barbara Gonzalez,barbara.gonzalez220@icloud.com,CRM Platform,Login Issue,I found a bug in the latest update affecting report generation.,Data synchronization restored after backend service restart.,Medium,Pending Customer,Email,Europe,18,Female,Enterprise,46,19,3,42.64,229.17,2022-01-24,2022-02-02,No,No,Android,Edge,Credit Card,Spanish,Afternoon,8,Corporate,barbara.gonzalez220@icloud.com,,0
47744,Mary Taylor,mary.taylor841@icloud.com,Payment Gateway,Performance Issue,The system is not syncing data across devices properly.,The duplicate charge was reversed and refund processed within 3-5 business days.,Medium,Pending Customer,Chat,Africa,63,Other,Premium,49,0,4,51.51,191.08,2023-02-18,2023-02-24,Yes,Yes,Linux,Unknown,Crypto,French,Morning,4,Small Business,mary.taylor841@icloud.com,,0
63415,Susan Martinez,susan.martinez988@hotmail.com,E-commerce Store,Security Concern,The application crashes whenever I try to upload a file.,Provided step-by-step troubleshooting instructions and issue resolved.,Medium,Resolved,Social Media,Africa,40,Other,Premium,53,9,2,60.5,4.53,2024-07-12,2024-07-12,Yes,No,MacOS,Chrome,PayPal,French,Morning,10,Individual,susan.martinez988@hotmail.com,,0
57700,Susan Garcia,susan.garcia938@yahoo.com,API Service,Login Issue,I found a bug in the latest update affecting report generation.,The duplicate charge was reversed and refund processed within 3-5 business days.,Urgent,In Progress,Social Media,Africa,63,Male,Premium,3,15,3,50.84,165.11,2024-04-09,2024-04-12,Yes,Yes,Linux,Safari,Credit Card,French,Morning,4,Small Business,susan.garcia938@yahoo.com,,0
92122,Michael Garcia,michael.garcia725@hotmail.com,Analytics Dashboard,Subscription Cancellation,Two-factor authentication codes are not being delivered to my phone.,Payment gateway timeout issue fixed and monitoring implemented.,High,Resolved,Web Form,Africa,61,Female,Premium,50,2,5,37.85,140.74,2023-05-13,2023-05-13,No,Yes,iOS,Chrome,Bank Transfer,English,Night,1,Individual,michael.garcia725@hotmail.com,,0
38973,David Brown,david.brown668@company.com,Payment Gateway,Data Sync Issue,The system is not syncing data across devices properly.,Provided step-by-step troubleshooting instructions and issue resolved.,Urgent,Open,Email,Australia,63,Other,Premium,21,6,1,11.79,165.64,2022-12-19,2023-01-01,Yes,Yes,MacOS,Edge,PayPal,Spanish,Night,3,Small Business,david.brown668@company.com,,0
138551,Thomas Rodriguez,thomas.rodriguez318@icloud.com,Subscription Service,Performance Issue,My subscription was cancelled without my request and I need clarification.,Provided step-by-step troubleshooting instructions and issue resolved.,Urgent,Resolved,Email,Africa,74,Male,Basic,26,8,1,4.99,141.58,2024-12-30,2025-01-13,Yes,Yes,Android,Chrome,Bank Transfer,Chinese,Afternoon,5,Corporate,thomas.rodriguez318@icloud.com,,0
50501,Karen Jones,karen.jones224@hotmail.com,Web Portal,Subscription Cancellation,There seems to be a discrepancy in my billing statement for this month.,The duplicate charge was reversed and refund processed within 3-5 business days.,Urgent,In Progress,Social Media,Australia,46,Male,Basic,48,15,4,43.45,204.7,2022-03-12,2022-03-26,Yes,No,Android,Firefox,Debit Card,English,Morning,3,Small Business,karen.jones224@hotmail.com,,0
43176,Michael Jackson,michael.jackson385@hotmail.com,Payment Gateway,Account Suspension,I would like to request a refund for the recent charge.,The issue was escalated to engineering and resolved in the latest patch.,Low,Pending Customer,Phone,Australia,58,Other,Enterprise,49,2,3,46.61,43.61,2023-05-15,2023-05-21,No,Yes,Linux,Chrome,Crypto,French,Morning,2,Small Business,michael.jackson385@hotmail.com,,0
121497,Elizabeth Garcia,elizabeth.garcia171@hotmail.com,E-commerce Store,Subscription Cancellation,The system is not syncing data across devices properly.,Security settings updated and customer notified of precautionary measures.,Urgent,Closed,Web Form,Australia,52,Male,Free,3,5,1,7.17,96.36,2024-07-16,2024-07-27,Yes,No,iOS,Unknown,Credit Card,Japanese,Night,4,Corporate,elizabeth.garcia171@hotmail.com,,0
49343,Mary Moore,mary.moore395@yahoo.com,Web Portal,Bug Report,I would like to request a refund for the recent charge.,The duplicate charge was reversed and refund processed within 3-5 business days.,Medium,In Progress,Chat,Asia,30,Other,Premium,48,9,3,12.23,164.84,2022-05-31,2022-06-12,No,No,Windows,Safari,Credit Card,Chinese,Evening,2,Corporate,mary.moore395@yahoo.com,,0
28558,James Rodriguez,james.rodriguez743@yahoo.com,Mobile App,Subscription Cancellation,I am unable to access my account after entering the correct credentials.,Provided step-by-step troubleshooting instructions and issue resolved.,Medium,Open,Phone,Europe,46,Male,Free,46,0,5,49.67,97.27,2024-04-08,2024-04-12,No,Yes,Windows,Firefox,Crypto,Spanish,Afternoon,2,Small Business,james.rodriguez743@yahoo.com,,0
40376,Barbara Hernandez,barbara.hernandez205@outlook.com,CRM Platform,Subscription Cancellation,I am experiencing very slow performance while using the dashboard.,Payment gateway timeout issue fixed and monitoring implemented.,Low,In Progress,Chat,Asia,42,Other,Enterprise,58,16,2,34.37,218.69,2023-03-11,2023-03-21,Yes,Yes,Android,Safari,Debit Card,German,Afternoon,8,Individual,barbara.hernandez205@outlook.com,,0
71237,Susan Jones,susan.jones718@yahoo.com,Analytics Dashboard,Performance Issue,I am unable to access my account after entering the correct credentials.,Subscription status corrected and confirmation email sent to customer.,Urgent,Closed,Email,Africa,27,Male,Basic,59,15,1,34.52,216.75,2024-04-18,2024-04-23,Yes,No,iOS,Chrome,Credit Card,German,Night,9,Small Business,susan.jones718@yahoo.com,,0
14296,Patricia Rodriguez,patricia.rodriguez69@gmail.com,Cloud Storage,Security Concern,I am experiencing very slow performance while using the dashboard.,We have reset the account credentials and advised the customer to retry login.,High,Resolved,Web Form,Africa,22,Female,Premium,47,2,4,62.14,50.1,2023-02-12,2023-02-21,Yes,Yes,Android,Chrome,Crypto,Spanish,Evening,8,Corporate,patricia.rodriguez69@gmail.com,,0
29333,William Miller,william.miller513@gmail.com,Analytics Dashboard,Refund Request,The payment was deducted from my bank account but the transaction shows failed.,Data synchronization restored after backend service restart.,Urgent,Open,Web Form,North America,27,Female,Basic,9,6,2,64.23,147.37,2022-08-28,2022-09-10,No,Yes,MacOS,Unknown,Credit Card,Japanese,Night,3,Small Business,william.miller513@gmail.com,,0
40114,Elizabeth Jones,elizabeth.jones337@yahoo.com,E-commerce Store,Login Issue,My subscription was cancelled without my request and I need clarification.,Security settings updated and customer notified of precautionary measures.,Low,In Progress,Email,North America,50,Other,Free,41,5,5,26.49,122.04,2023-12-24,2024-01-07,No,Yes,Android,Edge,Debit Card,Spanish,Evening,4,Small Business,elizabeth.jones337@yahoo.com,,0
602,Elizabeth Johnson,elizabeth.johnson874@outlook.com,Subscription Service,Bug Report,The application crashes whenever I try to upload a file.,Security settings updated and customer notified of precautionary measures.,High,Closed,Phone,Africa,25,Female,Basic,52,4,1,6.94,171.0,2023-05-05,2023-05-08,No,No,Windows,Unknown,Credit Card,Chinese,Afternoon,4,Corporate,elizabeth.johnson874@outlook.com,,0
19288,James Hernandez,james.hernandez847@hotmail.com,Payment Gateway,Payment Problem,The system is not syncing data across devices properly.,We have reset the account credentials and advised the customer to retry login.,Low,Open,Email,Europe,25,Male,Basic,55,12,3,34.51,22.53,2024-06-30,2024-07-12,No,Yes,Windows,Unknown,Debit Card,Chinese,Morning,6,Small Business,james.hernandez847@hotmail.com,,0
48300,Robert Martinez,robert.martinez453@outlook.com,Subscription Service,Subscription Cancellation,The application crashes whenever I try to upload a file.,Subscription status corrected and confirmation email sent to customer.,Urgent,Closed,Phone,Australia,59,Female,Enterprise,38,1,4,47.78,186.25,2024-05-29,2024-06-07,No,Yes,Android,Edge,Debit Card,Spanish,Evening,9,Corporate,robert.martinez453@outlook.com,2022-04-03,0
140673,James Wilson,james.wilson161@icloud.com,Web Portal,Feature Request,I would like to request a refund for the recent charge.,The duplicate charge was reversed and refund processed within 3-5 business days.,High,Resolved,Social Media,North America,50,Other,Free,39,7,1,61.23,209.68,2022-12-18,2022-12-30,No,No,iOS,Edge,PayPal,English,Afternoon,5,Corporate,james.wilson161@icloud.com,,0
182550,Barbara Davis,barbara.davis858@gmail.com,Mobile App,Login Issue,The system is not syncing data across devices properly.,Payment gateway timeout issue fixed and monitoring implemented.,Medium,Resolved,Web Form,Europe,27,Other,Free,54,2,2,54.31,69.14,2024-10-29,2024-10-30,No,Yes,MacOS,Safari,Crypto,French,Night,1,Corporate,barbara.davis858@gmail.com,2023-01-02,0
124854,Mary Martinez,mary.martinez768@hotmail.com,E-commerce Store,Security Concern,I am experiencing very slow performance while using the dashboard.,Data synchronization restored after backend service restart.,Urgent,Closed,Chat,North America,63,Female,Enterprise,37,2,3,7.81,174.89,2023-04-22,2023-04-23,No,Yes,Android,Firefox,Bank Transfer,German,Night,2,Corporate,mary.martinez768@hotmail.com,,0
12959,Elizabeth Thomas,elizabeth.thomas296@hotmail.com,Analytics Dashboard,Payment Problem,I found a bug in the latest update affecting report generation.,Bug logged internally and workaround shared with the customer.,Urgent,Pending Customer,Phone,North America,34,Female,Premium,2,14,2,10.86,63.41,2023-02-22,2023-02-22,No,Yes,Android,Firefox,Credit Card,Chinese,Afternoon,5,Individual,elizabeth.thomas296@hotmail.com,,0
145489,Richard Jackson,richard.jackson285@icloud.com,Cloud Storage,Security Concern,My subscription was cancelled without my request and I need clarification.,Data synchronization restored after backend service restart.,Low,Pending Customer,Phone,South America,20,Female,Free,42,5,5,59.09,190.51,2023-03-07,2023-03-11,No,No,MacOS,Firefox,Bank Transfer,Chinese,Evening,4,Corporate,richard.jackson285@icloud.com,,0
175970,Charles Davis,charles.davis690@hotmail.com,Mobile App,Account Suspension,The payment was deducted from my bank account but the transaction shows failed.,Explained billing breakdown and clarified applicable charges.,Low,Closed,Email,Africa,24,Female,Enterprise,40,15,4,53.98,109.21,2023-08-26,2023-09-05,Yes,Yes,Windows,Edge,Credit Card,French,Evening,10,Individual,charles.davis690@hotmail.com,,0
66699,William Jones,william.jones509@hotmail.com,Billing System,Account Suspension,I am experiencing very slow performance while using the dashboard.,Payment gateway timeout issue fixed and monitoring implemented.,Urgent,Closed,Phone,North America,52,Male,Free,26,17,2,58.34,233.48,2022-11-10,2022-11-13,Yes,Yes,Linux,Unknown,Debit Card,German,Evening,3,Individual,william.jones509@hotmail.com,,0
126833,Mary Taylor,mary.taylor411@icloud.com,API Service,Feature Request,I am unable to access my account after entering the correct credentials.,We have reset the account credentials and advised the customer to retry login.,Medium,In Progress,Chat,North America,26,Female,Free,58,20,5,34.29,87.72,2024-12-01,2024-12-12,Yes,Yes,Linux,Chrome,Crypto,Chinese,Night,8,Corporate,mary.taylor411@icloud.com,,0
153089,Jennifer Johnson,jennifer.johnson603@yahoo.com,E-commerce Store,Payment Problem,My subscription was cancelled without my request and I need clarification.,The duplicate charge was reversed and refund processed within 3-5 business days.,Low,Closed,Chat,Europe,19,Female,Enterprise,59,9,5,45.34,17.15,2023-05-17,2023-05-21,No,No,Linux,Unknown,Crypto,Japanese,Morning,3,Individual,jennifer.johnson603@yahoo.com,,0
61007,David Martin,david.martin405@icloud.com,Web Portal,Subscription Cancellation,My subscription was cancelled without my request and I need clarification.,Explained billing breakdown and clarified applicable charges.,Low,Resolved,Web Form,North America,73,Male,Enterprise,38,6,3,61.32,84.12,2023-12-01,2023-12-12,Yes,No,Linux,Chrome,Credit Card,Spanish,Night,2,Small Business,david.martin405@icloud.com,,0
178962,Thomas Anderson,thomas.anderson298@icloud.com,Mobile App,Account Suspension,I am experiencing very slow performance while using the dashboard.,The issue was escalated to engineering and resolved in the latest patch.,Low,Resolved,Web Form,South America,29,Female,Enterprise,33,11,2,25.44,84.6,2022-01-22,2022-02-04,Yes,No,Windows,Edge,Bank Transfer,Japanese,Night,6,Small Business,thomas.anderson298@icloud.com,,0
70707,Mary Smith,mary.smith367@icloud.com,API Service,Performance Issue,I found a bug in the latest update affecting report generation.,Explained billing breakdown and clarified applicable charges.,Medium,Pending Customer,Email,Asia,37,Female,Enterprise,57,18,1,51.98,91.73,2022-10-18,2022-10-24,Yes,Yes,Windows,Chrome,Debit Card,Chinese,Night,7,Small Business,mary.smith367@icloud.com,,0
30657,Jennifer Williams,jennifer.williams935@company.com,API Service,Performance Issue,I would like to request a refund for the recent charge.,The duplicate charge was reversed and refund processed within 3-5 business days.,Medium,Closed,Phone,Australia,40,Female,Free,4,18,4,2.62,46.36,2022-09-16,2022-09-27,Yes,Yes,Linux,Unknown,Crypto,French,Evening,2,Corporate,jennifer.williams935@company.com,,0
179252,Charles Martin,charles.martin879@company.com,Cloud Storage,Data Sync Issue,I found a bug in the latest update affecting report generation.,Bug logged internally and workaround shared with the customer.,Medium,In Progress,Email,Australia,31,Male,Enterprise,25,1,1,61.97,15.79,2023-08-23,2023-09-04,Yes,Yes,Android,Chrome,Debit Card,German,Morning,9,Corporate,charles.martin879@company.com,,0
5626,Charles Lopez,charles.lopez275@gmail.com,Mobile App,Security Concern,I would like to request a refund for the recent charge.,Provided step-by-step troubleshooting instructions and issue resolved.,Urgent,Open,Email,Africa,56,Other,Basic,27,7,3,58.27,154.12,2022-08-05,2022-08-15,Yes,No,MacOS,Safari,PayPal,Japanese,Morning,4,Corporate,charles.lopez275@gmail.com,,0
167486,William Anderson,william.anderson449@outlook.com,Billing System,Refund Request,The application crashes whenever I try to upload a file.,Data synchronization restored after backend service restart.,Low,In Progress,Web Form,North America,23,Other,Free,49,11,5,35.85,97.06,2024-01-28,2024-02-05,Yes,No,Android,Firefox,Credit Card,French,Morning,5,Small Business,william.anderson449@outlook.com,,0
156726,Charles Johnson,charles.johnson297@hotmail.com,API Service,Payment Problem,I am experiencing very slow performance while using the dashboard.,Bug logged internally and workaround shared with the customer.,Low,In Progress,Email,Asia,36,Male,Enterprise,2,18,3,9.1,203.22,2024-09-25,2024-09-29,Yes,Yes,Windows,Chrome,Crypto,French,Evening,4,Individual,charles.johnson297@hotmail.com,,0
164912,William Hernandez,william.hernandez714@icloud.com,E-commerce Store,Refund Request,I would like to request a refund for the recent charge.,The issue was escalated to engineering and resolved in the latest patch.,Medium,Closed,Social Media,Africa,72,Female,Free,46,6,5,65.45,4.27,2024-02-07,2024-02-12,Yes,Yes,MacOS,Firefox,PayPal,French,Afternoon,10,Corporate,william.hernandez714@icloud.com,2022-11-06,0
70503,David Garcia,david.garcia890@yahoo.com,Web Portal,Payment Problem,I found a bug in the latest update affecting report generation.,The duplicate charge was reversed and refund processed within 3-5 business days.,High,Pending Customer,Web Form,South America,53,Female,Free,33,10,5,27.12,198.99,2022-05-02,2022-05-08,No,No,iOS,Chrome,Bank Transfer,Spanish,Night,8,Individual,david.garcia890@yahoo.com,,0
98354,Mary Johnson,mary.johnson931@hotmail.com,Mobile App,Security Concern,The application crashes whenever I try to upload a file.,Security settings updated and customer notified of precautionary measures.,Low,Open,Social Media,South America,42,Female,Enterprise,5,13,4,67.47,103.17,2023-12-24,2024-01-02,Yes,Yes,Linux,Chrome,Debit Card,Chinese,Afternoon,1,Small Business,mary.johnson931@hotmail.com,,0
9374,David Brown,david.brown289@company.com,Mobile App,Account Suspension,My subscription was cancelled without my request and I need clarification.,The issue was escalated to engineering and resolved in the latest patch.,Low,Resolved,Chat,Europe,44,Other,Basic,23,17,5,70.74,127.64,2024-03-26,2024-03-29,No,Yes,Windows,Firefox,PayPal,English,Morning,9,Individual,david.brown289@company.com,,0
119899,William Martinez,william.martinez58@gmail.com,API Service,Security Concern,The system is not syncing data across devices properly.,Data synchronization restored after backend service restart.,Medium,Open,Chat,Africa,73,Male,Free,25,1,4,34.33,178.3,2022-02-28,2022-03-05,No,Yes,Linux,Chrome,Bank Transfer,German,Afternoon,10,Small Business,william.martinez58@gmail.com,,0
83595,William Johnson,william.johnson815@hotmail.com,E-commerce Store,Login Issue,I am experiencing very slow performance while using the dashboard.,Subscription status corrected and confirmation email sent to customer.,High,Open,Social Media,Asia,43,Female,Basic,27,11,5,5.56,239.97,2023-12-01,2023-12-07,Yes,Yes,Android,Unknown,Bank Transfer,Spanish,Night,3,Corporate,william.johnson815@hotmail.com,,0
31240,Robert Jones,robert.jones312@icloud.com,E-commerce Store,Payment Problem,My subscription was cancelled without my request and I need clarification.,Payment gateway timeout issue fixed and monitoring implemented.,Low,Pending Customer,Social Media,Europe,50,Female,Premium,25,2,1,64.89,129.0,2023-06-18,2023-06-21,No,No,MacOS,Firefox,Debit Card,Japanese,Afternoon,2,Corporate,robert.jones312@icloud.com,,0
53897,Jennifer Rodriguez,jennifer.rodriguez999@gmail.com,API Service,Data Sync Issue,The system is not syncing data across devices properly.,We have reset the account credentials and advised the customer to retry login.,Urgent,Pending Customer,Email,Asia,21,Male,Premium,8,3,2,45.33,237.47,2023-12-12,2023-12-13,Yes,Yes,Linux,Chrome,Crypto,English,Evening,5,Small Business,jennifer.rodriguez999@gmail.com,,0
139634,William Moore,william.moore29@company.com,Cloud Storage,Payment Problem,The application crashes whenever I try to upload a file.,Subscription status corrected and confirmation email sent to customer.,Medium,In Progress,Email,North America,66,Female,Basic,22,18,1,3.57,94.27,2022-03-27,2022-03-28,Yes,Yes,Android,Edge,Bank Transfer,English,Night,7,Individual,william.moore29@company.com,,0
6167,John Brown,john.brown445@hotmail.com,Mobile App,Login Issue,The system is not syncing data across devices properly.,Data synchronization restored after backend service restart.,Low,Pending Customer,Web Form,Europe,48,Other,Premium,46,7,5,62.71,198.56,2023-09-21,2023-09-27,Yes,No,iOS,Safari,Crypto,French,Morning,5,Individual,john.brown445@hotmail.com,,0
60404,William Martin,william.martin910@icloud.com,E-commerce Store,Bug Report,The application crashes whenever I try to upload a file.,The duplicate charge was reversed and refund processed within 3-5 business days.,Low,Open,Web Form,North America,33,Other,Enterprise,59,18,2,0.86,236.7,2023-11-10,2023-11-24,Yes,Yes,Android,Firefox,Bank Transfer,Spanish,Morning,3,Individual,william.martin910@icloud.com,,0
31262,Richard Davis,richard.davis252@icloud.com,CRM Platform,Security Concern,The application crashes whenever I try to upload a file.,Provided step-by-step troubleshooting instructions and issue resolved.,Low,Pending Customer,Web Form,Asia,43,Female,Enterprise,12,4,4,36.25,99.96,2023-11-09,2023-11-12,Yes,Yes,MacOS,Edge,Crypto,Spanish,Morning,3,Corporate,richard.davis252@icloud.com,,0
42410,Barbara Smith,barbara.smith631@gmail.com,Payment Gateway,Performance Issue,There seems to be a discrepancy in my billing statement for this month.,We have reset the account credentials and advised the customer to retry login.,Medium,Open,Phone,Africa,50,Female,Free,1,16,4,0.65,165.01,2024-07-12,2024-07-17,No,No,Windows,Safari,Bank Transfer,Spanish,Evening,10,Small Business,barbara.smith631@gmail.com,,0
151564,William Miller,william.miller366@gmail.com,CRM Platform,Refund Request,I would like to request a refund for the recent charge.,Provided step-by-step troubleshooting instructions and issue resolved.,Low,Closed,Social Media,Europe,20,Male,Premium,40,18,4,42.64,69.42,2024-08-31,2024-09-11,No,No,Linux,Edge,Credit Card,German,Evening,2,Individual,william.miller366@gmail.com,,0
188899,Michael Wilson,michael.wilson595@company.com,CRM Platform,Refund Request,There seems to be a discrepancy in my billing statement for this month.,The duplicate charge was reversed and refund processed within 3-5 business days.,High,Resolved,Social Media,South America,53,Male,Premium,3,10,3,9.97,126.95,2022-04-27,2022-05-02,Yes,Yes,Android,Firefox,PayPal,Spanish,Night,10,Individual,michael.wilson595@company.com,,0
86013,Richard Martinez,richard.martinez693@hotmail.com,Analytics Dashboard,Security Concern,My subscription was cancelled without my request and I need clarification.,Payment gateway timeout issue fixed and monitoring implemented.,Urgent,Open,Email,Europe,42,Other,Basic,1,12,3,21.26,94.91,2022-02-22,2022-03-06,No,No,MacOS,Safari,Debit Card,French,Night,6,Corporate,richard.martinez693@hotmail.com,,0
94080,Mary Miller,mary.miller84@gmail.com,Cloud Storage,Subscription Cancellation,I would like to request a refund for the recent charge.,We have reset the account credentials and advised the customer to retry login.,Urgent,Open,Chat,Africa,44,Male,Free,8,3,4,53.04,113.42,2023-04-25,2023-05-07,Yes,No,Windows,Safari,Debit Card,French,Evening,8,Corporate,mary.miller84@gmail.com,,0
177047,William Williams,william.williams46@gmail.com,Subscription Service,Feature Request,There seems to be a discrepancy in my billing statement for this month.,We have reset the account credentials and advised the customer to retry login.,Medium,Resolved,Web Form,Europe,19,Other,Enterprise,15,12,5,4.74,89.96,2022-05-10,2022-05-12,No,No,Android,Safari,Credit Card,French,Afternoon,4,Corporate,william.williams46@gmail.com,,0
171192,Robert Anderson,robert.anderson660@company.com,Mobile App,Security Concern,There seems to be a discrepancy in my billing statement for this month.,Provided step-by-step troubleshooting instructions and issue resolved.,Low,Closed,Social Media,Australia,34,Female,Free,20,10,3,3.49,57.23,2024-07-11,2024-07-16,No,Yes,iOS,Edge,Bank Transfer,German,Evening,10,Individual,robert.anderson660@company.com,,0
121330,Robert Rodriguez,robert.rodriguez344@hotmail.com,Payment Gateway,Refund Request,There seems to be a discrepancy in my billing statement for this month.,Bug logged internally and workaround shared with the customer.,High,Resolved,Web Form,Africa,21,Male,Free,32,9,3,46.38,237.35,2023-06-10,2023-06-14,Yes,No,Linux,Safari,Credit Card,Spanish,Night,6,Small Business,robert.rodriguez344@hotmail.com,,0
161694,Barbara Hernandez,barbara.hernandez200@hotmail.com,CRM Platform,Security Concern,I would like to request a refund for the recent charge.,Subscription status corrected and confirmation email sent to customer.,Urgent,Closed,Social Media,Africa,50,Male,Basic,45,15,5,15.6,175.23,2023-09-05,2023-09-08,No,No,Android,Unknown,PayPal,Spanish,Evening,10,Individual,barbara.hernandez200@hotmail.com,,0
72952,Robert Smith,robert.smith994@icloud.com,CRM Platform,Feature Request,The system is not syncing data across devices properly.,We have reset the account credentials and advised the customer to retry login.,Urgent,Resolved,Social Media,Asia,34,Other,Basic,12,8,2,44.78,112.78,2024-02-17,2024-02-20,Yes,No,MacOS,Unknown,Debit Card,German,Afternoon,10,Individual,robert.smith994@icloud.com,2022-04-17,0
4687,Mary Martinez,mary.martinez331@yahoo.com,Cloud Storage,Refund Request,There seems to be a discrepancy in my billing statement for this month.,Bug logged internally and workaround shared with the customer.,Urgent,Closed,Email,Australia,71,Female,Enterprise,19,8,4,14.15,100.06,2023-05-15,2023-05-25,Yes,No,iOS,Firefox,Credit Card,Chinese,Evening,5,Corporate,mary.martinez331@yahoo.com,,0
102097,John Moore,john.moore832@outlook.com,Web Portal,Subscription Cancellation,The payment was deducted from my bank account but the transaction shows failed.,Bug logged internally and workaround shared with the customer.,High,Closed,Web Form,Asia,58,Male,Premium,47,13,5,58.1,11.07,2022-10-13,2022-10-13,Yes,No,MacOS,Unknown,Debit Card,German,Afternoon,7,Individual,john.moore832@outlook.com,,0
77440,Mary Martin,mary.martin728@yahoo.com,E-commerce Store,Bug Report,I found a bug in the latest update affecting report generation.,The issue was escalated to engineering and resolved in the latest patch.,Medium,Closed,Email,Asia,64,Other,Free,59,7,1,15.16,4.83,2024-12-06,2024-12-15,Yes,Yes,MacOS,Chrome,PayPal,Japanese,Afternoon,7,Corporate,mary.martin728@yahoo.com,,0
102773,Richard Moore,richard.moore58@hotmail.com,Cloud Storage,Subscription Cancellation,My subscription was cancelled without my request and I need clarification.,Data synchronization restored after backend service restart.,High,In Progress,Web Form,North America,70,Other,Basic,59,0,5,31.9,197.99,2024-07-29,2024-08-02,No,Yes,Windows,Chrome,Crypto,Spanish,Afternoon,8,Small Business,richard.moore58@hotmail.com,,0
187647,Patricia Gonzalez,patricia.gonzalez462@hotmail.com,Analytics Dashboard,Bug Report,I am experiencing very slow performance while using the dashboard.,Explained billing breakdown and clarified applicable charges.,Low,Resolved,Social Media,North America,54,Male,Basic,10,19,2,44.61,211.53,2023-10-31,2023-11-10,Yes,Yes,Android,Chrome,Debit Card,English,Afternoon,3,Small Business,patricia.gonzalez462@hotmail.com,,0
145711,Robert Jackson,robert.jackson917@yahoo.com,CRM Platform,Refund Request,I am experiencing very slow performance while using the dashboard.,Subscription status corrected and confirmation email sent to customer.,Medium,In Progress,Email,Europe,62,Other,Basic,35,5,2,42.88,221.08,2022-12-26,2023-01-02,No,Yes,MacOS,Firefox,Debit Card,German,Afternoon,6,Small Business,robert.jackson917@yahoo.com,,0
173994,John Martinez,john.martinez208@icloud.com,Analytics Dashboard,Data Sync Issue,The system is not syncing data across devices properly.,Data synchronization restored after backend service restart.,High,Resolved,Web Form,Australia,66,Other,Enterprise,44,8,1,25.03,32.54,2023-11-25,2023-11-25,Yes,No,MacOS,Safari,PayPal,Spanish,Morning,2,Corporate,john.martinez208@icloud.com,,0
93985,Barbara Moore,barbara.moore569@company.com,Analytics Dashboard,Performance Issue,I am experiencing very slow performance while using the dashboard.,Security settings updated and customer notified of precautionary measures.,Urgent,Pending Customer,Web Form,South America,65,Male,Basic,50,0,3,45.23,215.55,2023-08-10,2023-08-16,Yes,Yes,Windows,Unknown,Credit Card,French,Night,1,Corporate,barbara.moore569@company.com,,0
142447,Linda Hernandez,linda.hernandez736@outlook.com,Billing System,Login Issue,There seems to be a discrepancy in my billing statement for this month.,Security settings updated and customer notified of precautionary measures.,High,Closed,Chat,North America,69,Other,Free,13,15,2,1.95,88.3,2024-08-20,2024-08-25,Yes,Yes,MacOS,Chrome,Credit Card,Chinese,Morning,4,Small Business,linda.hernandez736@outlook.com,,0
166196,Jennifer Jones,jennifer.jones947@icloud.com,CRM Platform,Payment Problem,Two-factor authentication codes are not being delivered to my phone.,Bug logged internally and workaround shared with the customer.,High,Open,Web Form,South America,54,Other,Enterprise,54,15,4,4.01,81.51,2022-05-29,2022-06-02,Yes,Yes,Android,Chrome,Crypto,Spanish,Night,9,Small Business,jennifer.jones947@icloud.com,,0
59329,Mary Williams,mary.williams866@gmail.com,Payment Gateway,Bug Report,I am experiencing very slow performance while using the dashboard.,Bug logged internally and workaround shared with the customer.,Medium,Closed,Social Media,North America,48,Female,Basic,49,11,5,11.82,157.67,2023-09-14,2023-09-26,Yes,Yes,MacOS,Unknown,PayPal,Japanese,Evening,8,Individual,mary.williams866@gmail.com,,0
75064,Linda Williams,linda.williams607@company.com,Cloud Storage,Subscription Cancellation,I am unable to access my account after entering the correct credentials.,Bug logged internally and workaround shared with the customer.,Low,Open,Chat,Australia,74,Male,Basic,19,11,3,58.57,235.63,2024-04-15,2024-04-19,Yes,Yes,Linux,Edge,Credit Card,English,Morning,3,Individual,linda.williams607@company.com,,0
24117,Karen Thomas,karen.thomas294@company.com,Web Portal,Account Suspension,The application crashes whenever I try to upload a file.,The duplicate charge was reversed and refund processed within 3-5 business days.,Medium,Open,Web Form,Europe,33,Other,Basic,46,17,3,5.83,161.55,2023-04-10,2023-04-13,No,Yes,Android,Edge,Crypto,Japanese,Morning,2,Corporate,karen.thomas294@company.com,,0
47410,Jessica Taylor,jessica.taylor115@company.com,API Service,Login Issue,The application crashes whenever I try to upload a file.,Security settings updated and customer notified of precautionary measures.,Low,In Progress,Web Form,Africa,63,Female,Free,22,6,1,2.77,234.01,2023-03-07,2023-03-21,No,Yes,Windows,Firefox,PayPal,English,Morning,7,Individual,jessica.taylor115@company.com,,0
167493,David Rodriguez,david.rodriguez288@gmail.com,Cloud Storage,Data Sync Issue,Two-factor authentication codes are not being delivered to my phone.,Bug logged internally and workaround shared with the customer.,Medium,Open,Web Form,Europe,25,Other,Enterprise,51,14,5,3.5,35.44,2023-07-18,2023-08-01,No,Yes,Linux,Safari,Bank Transfer,Chinese,Evening,3,Corporate,david.rodriguez288@gmail.com,,0
54951,Elizabeth Johnson,elizabeth.johnson306@outlook.com,Mobile App,Data Sync Issue,I am unable to access my account after entering the correct credentials.,Bug logged internally and workaround shared with the customer.,Low,Closed,Email,Europe,27,Female,Basic,43,19,2,28.4,217.39,2023-12-19,2024-01-02,No,Yes,Android,Unknown,Credit Card,French,Afternoon,8,Corporate,elizabeth.johnson306@outlook.com,,0
145577,Michael Miller,michael.miller179@gmail.com,Web Portal,Performance Issue,My subscription was cancelled without my request and I need clarification.,Subscription status corrected and confirmation email sent to customer.,Low,Closed,Email,South America,32,Male,Enterprise,2,19,5,19.36,171.0,2022-12-30,2023-01-05,No,No,iOS,Edge,PayPal,Japanese,Night,9,Small Business,michael.miller179@gmail.com,,0
79714,Richard Rodriguez,richard.rodriguez304@hotmail.com,Billing System,Refund Request,Two-factor authentication codes are not being delivered to my phone.,Subscription status corrected and confirmation email sent to customer.,Low,Resolved,Web Form,North America,48,Female,Free,41,0,4,20.11,17.72,2023-05-13,2023-05-25,No,No,Windows,Edge,Credit Card,German,Morning,9,Corporate,richard.rodriguez304@hotmail.com,,0
140807,Sarah Jackson,sarah.jackson327@yahoo.com,Billing System,Account Suspension,I am unable to access my account after entering the correct credentials.,Payment gateway timeout issue fixed and monitoring implemented.,Urgent,Open,Chat,South America,60,Female,Enterprise,8,0,4,34.98,229.45,2023-09-14,2023-09-22,Yes,No,Linux,Firefox,PayPal,English,Evening,2,Individual,sarah.jackson327@yahoo.com,,0
37456,Richard Anderson,richard.anderson370@outlook.com,CRM Platform,Login Issue,Two-factor authentication codes are not being delivered to my phone.,Subscription status corrected and confirmation email sent to customer.,Urgent,Resolved,Email,South America,62,Female,Enterprise,31,11,1,38.71,170.87,2022-11-21,2022-11-22,No,No,iOS,Edge,Crypto,Japanese,Evening,3,Small Business,richard.anderson370@outlook.com,,0
56232,David Miller,david.miller462@icloud.com,Cloud Storage,Refund Request,Two-factor authentication codes are not being delivered to my phone.,Provided step-by-step troubleshooting instructions and issue resolved.,Urgent,Resolved,Social Media,Asia,48,Male,Enterprise,30,16,4,19.89,138.67,2023-02-28,2023-03-07,Yes,Yes,Windows,Unknown,Crypto,German,Evening,5,Corporate,david.miller462@icloud.com,,0
71993,Michael Anderson,michael.anderson613@icloud.com,API Service,Payment Problem,I am experiencing very slow performance while using the dashboard.,The duplicate charge was reversed and refund processed within 3-5 business days.,High,Open,Chat,Asia,70,Female,Basic,39,14,4,70.41,38.17,2022-09-12,2022-09-25,No,No,iOS,Firefox,Credit Card,German,Morning,7,Corporate,michael.anderson613@icloud.com,,0
114439,David Moore,david.moore974@outlook.com,API Service,Security Concern,There seems to be a discrepancy in my billing statement for this month.,The issue was escalated to engineering and resolved in the latest patch.,Urgent,Closed,Email,North America,75,Other,Basic,38,6,5,68.69,63.5,2024-04-19,2024-05-01,Yes,No,MacOS,Safari,Debit Card,Japanese,Night,7,Small Business,david.moore974@outlook.com,,0
54631,Barbara Davis,barbara.davis923@icloud.com,Billing System,Data Sync Issue,The application crashes whenever I try to upload a file.,Provided step-by-step troubleshooting instructions and issue resolved.,High,Pending Customer,Social Media,Europe,70,Female,Free,21,16,5,3.14,29.92,2022-11-29,2022-12-10,No,No,iOS,Unknown,PayPal,French,Night,10,Small Business,barbara.davis923@icloud.com,,0
109980,Linda Jones,linda.jones504@yahoo.com,Mobile App,Security Concern,I am experiencing very slow performance while using the dashboard.,Subscription status corrected and confirmation email sent to customer.,Urgent,In Progress,Email,Europe,75,Male,Free,1,18,1,6.55,52.12,2024-06-25,2024-06-29,No,Yes,Android,Firefox,PayPal,Spanish,Night,5,Small Business,linda.jones504@yahoo.com,,0
79430,David Davis,david.davis607@company.com,CRM Platform,Security Concern,I found a bug in the latest update affecting report generation.,Explained billing breakdown and clarified applicable charges.,Medium,Open,Chat,Asia,56,Other,Enterprise,53,12,3,18.45,167.48,2023-07-20,2023-07-23,Yes,No,Linux,Edge,PayPal,French,Night,8,Individual,david.davis607@company.com,,0
105476,David Gonzalez,david.gonzalez592@company.com,Billing System,Data Sync Issue,I would like to request a refund for the recent charge.,Subscription status corrected and confirmation email sent to customer.,High,Open,Web Form,North America,26,Female,Free,19,1,1,6.0,192.29,2022-10-16,2022-10-28,Yes,No,Linux,Unknown,Debit Card,German,Evening,8,Corporate,david.gonzalez592@company.com,,0
131308,Susan Davis,susan.davis51@outlook.com,Mobile App,Feature Request,I am unable to access my account after entering the correct credentials.,We have reset the account credentials and advised the customer to retry login.,High,Open,Email,Australia,32,Female,Basic,24,4,1,48.35,54.99,2024-07-10,2024-07-24,Yes,Yes,iOS,Edge,PayPal,French,Evening,5,Corporate,susan.davis51@outlook.com,,0
196695,Mary Wilson,mary.wilson26@outlook.com,API Service,Refund Request,There seems to be a discrepancy in my billing statement for this month.,Provided step-by-step troubleshooting instructions and issue resolved.,Medium,In Progress,Social Media,Africa,37,Other,Enterprise,45,20,3,20.68,114.92,2023-04-07,2023-04-16,No,No,MacOS,Firefox,Bank Transfer,German,Night,6,Corporate,mary.wilson26@outlook.com,,0
95480,Sarah Rodriguez,sarah.rodriguez278@yahoo.com,CRM Platform,Refund Request,The system is not syncing data across devices properly.,Security settings updated and customer notified of precautionary measures.,Medium,In Progress,Phone,Europe,55,Male,Enterprise,12,5,5,31.45,146.51,2023-06-27,2023-07-08,No,No,iOS,Edge,Crypto,Chinese,Morning,9,Corporate,sarah.rodriguez278@yahoo.com,,0
117218,Joseph Brown,joseph.brown852@icloud.com,Mobile App,Refund Request,Two-factor authentication codes are not being delivered to my phone.,Bug logged internally and workaround shared with the customer.,Low,Resolved,Web Form,Asia,19,Other,Free,4,14,2,60.06,195.38,2022-12-30,2023-01-01,No,Yes,MacOS,Safari,Bank Transfer,French,Afternoon,1,Individual,joseph.brown852@icloud.com,,0
108858,Mary Wilson,mary.wilson849@gmail.com,Analytics Dashboard,Performance Issue,There seems to be a discrepancy in my billing statement for this month.,The issue was escalated to engineering and resolved in the latest patch.,Low,Open,Email,Europe,45,Other,Enterprise,59,16,1,4.26,60.23,2022-06-11,2022-06-13,Yes,No,Android,Firefox,Bank Transfer,German,Afternoon,7,Individual,mary.wilson849@gmail.com,,0
172336,Michael Gonzalez,michael.gonzalez697@company.com,Analytics Dashboard,Performance Issue,There seems to be a discrepancy in my billing statement for this month.,Subscription status corrected and confirmation email sent to customer.,Low,Resolved,Chat,Europe,62,Female,Basic,12,3,5,27.15,24.83,2022-09-09,2022-09-18,No,Yes,MacOS,Chrome,Debit Card,French,Afternoon,10,Small Business,michael.gonzalez697@company.com,,0
147188,Charles Hernandez,charles.hernandez949@yahoo.com,Cloud Storage,Data Sync Issue,The payment was deducted from my bank account but the transaction shows failed.,We have reset the account credentials and advised the customer to retry login.,High,Open,Social Media,Africa,54,Male,Premium,43,0,4,67.12,1.04,2024-02-10,2024-02-12,No,Yes,Android,Unknown,Bank Transfer,Spanish,Afternoon,4,Individual,charles.hernandez949@yahoo.com,,0
121285,William Smith,william.smith568@outlook.com,E-commerce Store,Feature Request,The payment was deducted from my bank account but the transaction shows failed.,Provided step-by-step troubleshooting instructions and issue resolved.,High,In Progress,Social Media,Africa,59,Female,Premium,30,6,5,50.06,69.22,2024-07-31,2024-08-06,Yes,No,iOS,Safari,Bank Transfer,Japanese,Night,6,Small Business,william.smith568@outlook.com,,0
70691,Mary Jackson,mary.jackson874@gmail.com,Billing System,Payment Problem,Two-factor authentication codes are not being delivered to my phone.,Provided step-by-step troubleshooting instructions and issue resolved.,High,Open,Email,Europe,30,Male,Premium,33,6,2,14.39,136.2,2024-05-31,2024-06-13,No,Yes,Linux,Firefox,Credit Card,English,Evening,6,Small Business,mary.jackson874@gmail.com,,0
141556,Karen Williams,karen.williams936@outlook.com,E-commerce Store,Login Issue,Two-factor authentication codes are not being delivered to my phone.,We have reset the account credentials and advised the customer to retry login.,Urgent,Open,Phone,Australia,37,Male,Enterprise,37,5,5,62.31,184.12,2024-03-02,2024-03-14,No,Yes,Linux,Safari,Bank Transfer,French,Morning,3,Small Business,karen.williams936@outlook.com,,0
149041,John Anderson,john.anderson478@yahoo.com,Billing System,Security Concern,I found a bug in the latest update affecting report generation.,Bug logged internally and workaround shared with the customer.,Urgent,Pending Customer,Phone,Europe,30,Other,Basic,50,14,2,42.43,226.43,2023-04-01,2023-04-15,No,Yes,MacOS,Edge,Credit Card,Japanese,Morning,6,Individual,john.anderson478@yahoo.com,,0
143680,Robert Anderson,robert.anderson182@yahoo.com,Subscription Service,Refund Request,I am unable to access my account after entering the correct credentials.,Security settings updated and customer notified of precautionary measures.,Urgent,Pending Customer,Phone,North America,30,Female,Premium,39,6,3,5.19,13.54,2023-02-19,2023-03-03,No,Yes,iOS,Edge,Debit Card,French,Night,8,Corporate,robert.anderson182@yahoo.com,2023-02-05,1
56174,David Brown,david.brown739@icloud.com,Analytics Dashboard,Security Concern,I found a bug in the latest update affecting report generation.,The duplicate charge was reversed and refund processed within 3-5 business days.,Urgent,Closed,Phone,Europe,62,Male,Enterprise,22,10,5,67.58,86.43,2023-04-06,2023-04-12,Yes,No,MacOS,Chrome,Credit Card,German,Night,1,Small Business,david.brown739@icloud.com,2022-06-06,0
81086,Thomas Martinez,thomas.martinez934@hotmail.com,Analytics Dashboard,Refund Request,I am experiencing very slow performance while using the dashboard.,Explained billing breakdown and clarified applicable charges.,Low,Resolved,Email,Australia,28,Female,Free,44,14,1,6.32,170.25,2023-06-03,2023-06-09,Yes,No,MacOS,Firefox,Bank Transfer,German,Morning,7,Corporate,thomas.martinez934@hotmail.com,,0
152090,Joseph Jones,joseph.jones564@icloud.com,Billing System,Login Issue,The system is not syncing data across devices properly.,Data synchronization restored after backend service restart.,Low,Resolved,Phone,Europe,40,Female,Basic,14,6,3,11.42,187.17,2024-08-30,2024-09-01,No,No,Windows,Chrome,Bank Transfer,French,Morning,6,Individual,joseph.jones564@icloud.com,,0
128763,Sarah Hernandez,sarah.hernandez951@outlook.com,Mobile App,Login Issue,There seems to be a discrepancy in my billing statement for this month.,Explained billing breakdown and clarified applicable charges.,Medium,In Progress,Email,South America,44,Other,Basic,14,4,5,43.78,216.27,2022-07-05,2022-07-15,Yes,No,Linux,Edge,Crypto,German,Morning,4,Corporate,sarah.hernandez951@outlook.com,,0
157076,Linda Garcia,linda.garcia559@hotmail.com,CRM Platform,Payment Problem,The payment was deducted from my bank account but the transaction shows failed.,Explained billing breakdown and clarified applicable charges.,Medium,Pending Customer,Chat,Europe,28,Other,Free,23,3,3,6.9,10.57,2023-07-03,2023-07-03,Yes,Yes,Android,Chrome,Credit Card,German,Evening,2,Small Business,linda.garcia559@hotmail.com,,0
56785,Susan Miller,susan.miller480@company.com,Billing System,Data Sync Issue,The payment was deducted from my bank account but the transaction shows failed.,Security settings updated and customer notified of precautionary measures.,Low,Pending Customer,Chat,Asia,48,Female,Enterprise,52,17,2,16.13,5.37,2023-11-13,2023-11-13,Yes,No,Android,Edge,PayPal,Spanish,Morning,5,Individual,susan.miller480@company.com,,0
36696,David Davis,david.davis769@yahoo.com,Subscription Service,Account Suspension,I found a bug in the latest update affecting report generation.,The issue was escalated to engineering and resolved in the latest patch.,Medium,Pending Customer,Email,South America,66,Other,Premium,19,18,5,32.92,184.38,2023-11-11,2023-11-22,No,No,Linux,Chrome,PayPal,Chinese,Evening,9,Corporate,david.davis769@yahoo.com,,0
191332,Richard Thomas,richard.thomas895@company.com,Mobile App,Refund Request,The payment was deducted from my bank account but the transaction shows failed.,Payment gateway timeout issue fixed and monitoring implemented.,Urgent,Closed,Chat,Asia,41,Other,Enterprise,42,15,5,35.32,74.53,2023-04-28,2023-05-04,No,Yes,Linux,Unknown,PayPal,Spanish,Afternoon,9,Individual,richard.thomas895@company.com,,0
131332,Susan Gonzalez,susan.gonzalez867@company.com,Subscription Service,Data Sync Issue,I am experiencing very slow performance while using the dashboard.,Bug logged internally and workaround shared with the customer.,Low,Pending Customer,Social Media,Australia,28,Female,Basic,42,20,3,19.39,169.01,2024-03-11,2024-03-14,Yes,No,iOS,Unknown,PayPal,German,Morning,7,Corporate,susan.gonzalez867@company.com,,0
20934,Barbara Jackson,barbara.jackson524@outlook.com,Subscription Service,Payment Problem,The system is not syncing data across devices properly.,Payment gateway timeout issue fixed and monitoring implemented.,High,Closed,Email,Asia,35,Female,Basic,35,5,5,59.11,36.53,2024-09-20,2024-09-24,No,No,Windows,Edge,Crypto,Spanish,Evening,5,Individual,barbara.jackson524@outlook.com,,0
94953,Elizabeth Brown,elizabeth.brown393@outlook.com,Billing System,Payment Problem,My subscription was cancelled without my request and I need clarification.,The issue was escalated to engineering and resolved in the latest patch.,Low,Open,Phone,South America,26,Female,Premium,20,10,3,45.77,122.63,2024-11-28,2024-12-03,Yes,No,Windows,Safari,PayPal,German,Morning,1,Small Business,elizabeth.brown393@outlook.com,,0
31518,John Smith,john.smith385@company.com,Mobile App,Subscription Cancellation,I found a bug in the latest update affecting report generation.,Data synchronization restored after backend service restart.,Medium,Pending Customer,Social Media,Africa,28,Female,Basic,47,14,4,71.72,81.67,2022-11-07,2022-11-10,No,Yes,Windows,Edge,PayPal,German,Evening,6,Small Business,john.smith385@company.com,,0
80366,Elizabeth Wilson,elizabeth.wilson349@company.com,Subscription Service,Subscription Cancellation,There seems to be a discrepancy in my billing statement for this month.,Security settings updated and customer notified of precautionary measures.,High,In Progress,Chat,Australia,73,Male,Basic,23,20,2,53.29,45.19,2024-07-04,2024-07-13,No,No,Linux,Chrome,Crypto,French,Afternoon,10,Individual,elizabeth.wilson349@company.com,,0
176654,Linda Johnson,linda.johnson531@hotmail.com,Analytics Dashboard,Subscription Cancellation,The application crashes whenever I try to upload a file.,Provided step-by-step troubleshooting instructions and issue resolved.,Urgent,Resolved,Phone,Australia,21,Other,Basic,35,19,3,41.3,59.87,2023-02-17,2023-02-20,No,Yes,iOS,Firefox,PayPal,German,Morning,8,Small Business,linda.johnson531@hotmail.com,,0
117662,Barbara Garcia,barbara.garcia396@gmail.com,Mobile App,Payment Problem,I am unable to access my account after entering the correct credentials.,The duplicate charge was reversed and refund processed within 3-5 business days.,High,Pending Customer,Chat,Africa,20,Other,Enterprise,45,14,1,13.51,120.58,2024-07-25,2024-08-05,Yes,No,Android,Unknown,Debit Card,English,Night,9,Small Business,barbara.garcia396@gmail.com,,0
144810,Barbara Miller,barbara.miller385@company.com,CRM Platform,Refund Request,The system is not syncing data across devices properly.,Subscription status corrected and confirmation email sent to customer.,Urgent,In Progress,Email,Asia,66,Other,Basic,12,20,4,17.86,84.39,2023-01-28,2023-02-11,Yes,No,MacOS,Safari,Crypto,English,Morning,5,Corporate,barbara.miller385@company.com,,0
64154,Michael Lopez,michael.lopez107@company.com,Mobile App,Performance Issue,I am experiencing very slow performance while using the dashboard.,The issue was escalated to engineering and resolved in the latest patch.,Medium,Closed,Phone,Europe,33,Other,Free,31,20,1,15.62,232.1,2022-03-13,2022-03-23,Yes,Yes,iOS,Chrome,Crypto,French,Evening,10,Small Business,michael.lopez107@company.com,,0
41561,Barbara Hernandez,barbara.hernandez353@gmail.com,Payment Gateway,Refund Request,The system is not syncing data across devices properly.,Subscription status corrected and confirmation email sent to customer.,Low,Pending Customer,Social Media,Australia,25,Male,Basic,57,16,1,22.75,189.27,2023-04-20,2023-04-25,Yes,Yes,MacOS,Firefox,Debit Card,English,Evening,7,Small Business,barbara.hernandez353@gmail.com,,0
119400,Karen Martin,karen.martin523@hotmail.com,Mobile App,Feature Request,I would like to request a refund for the recent charge.,The duplicate charge was reversed and refund processed within 3-5 business days.,High,In Progress,Email,South America,28,Other,Free,25,10,2,6.25,239.84,2022-09-11,2022-09-11,Yes,No,Android,Chrome,Crypto,Chinese,Morning,3,Corporate,karen.martin523@hotmail.com,,0
68954,Barbara Johnson,barbara.johnson66@outlook.com,Analytics Dashboard,Payment Problem,There seems to be a discrepancy in my billing statement for this month.,Subscription status corrected and confirmation email sent to customer.,High,In Progress,Social Media,South America,68,Female,Premium,34,8,3,15.5,86.25,2024-09-04,2024-09-06,No,No,Windows,Edge,Credit Card,English,Evening,6,Small Business,barbara.johnson66@outlook.com,,0
5152,Richard Moore,richard.moore903@outlook.com,API Service,Security Concern,Two-factor authentication codes are not being delivered to my phone.,The duplicate charge was reversed and refund processed within 3-5 business days.,Low,Pending Customer,Phone,South America,32,Other,Basic,49,19,2,12.79,181.75,2024-12-15,2024-12-22,No,No,iOS,Edge,Credit Card,German,Afternoon,8,Small Business,richard.moore903@outlook.com,,0
190204,Jennifer Jones,jennifer.jones764@icloud.com,API Service,Security Concern,There seems to be a discrepancy in my billing statement for this month.,Bug logged internally and workaround shared with the customer.,Low,Resolved,Phone,North America,58,Other,Free,28,3,3,18.11,138.97,2024-12-02,2024-12-03,Yes,No,Android,Unknown,Debit Card,Spanish,Night,10,Corporate,jennifer.jones764@icloud.com,,0
71354,Richard Jackson,richard.jackson536@company.com,E-commerce Store,Feature Request,The system is not syncing data across devices properly.,The duplicate charge was reversed and refund processed within 3-5 business days.,Medium,Open,Phone,Australia,60,Male,Free,8,19,3,4.05,219.13,2023-06-04,2023-06-06,Yes,Yes,MacOS,Chrome,Credit Card,Japanese,Night,7,Individual,richard.jackson536@company.com,,0
160027,Joseph Taylor,joseph.taylor430@company.com,Web Portal,Feature Request,I would like to request a refund for the recent charge.,Data synchronization restored after backend service restart.,Low,In Progress,Phone,Europe,34,Male,Free,27,3,4,36.7,161.88,2023-02-11,2023-02-11,Yes,No,MacOS,Unknown,PayPal,German,Evening,10,Small Business,joseph.taylor430@company.com,,0
141057,Elizabeth Garcia,elizabeth.garcia899@gmail.com,CRM Platform,Payment Problem,There seems to be a discrepancy in my billing statement for this month.,Security settings updated and customer notified of precautionary measures.,Medium,Pending Customer,Phone,South America,57,Other,Basic,14,11,2,42.88,149.87,2022-12-30,2023-01-11,Yes,No,Android,Chrome,PayPal,Chinese,Morning,5,Corporate,elizabeth.garcia899@gmail.com,,0
183235,Sarah Hernandez,sarah.hernandez9@yahoo.com,E-commerce Store,Payment Problem,The application crashes whenever I try to upload a file.,We have reset the account credentials and advised the customer to retry login.,Low,Resolved,Phone,Europe,68,Male,Premium,57,18,2,64.86,39.61,2023-08-02,2023-08-10,No,Yes,MacOS,Safari,PayPal,Japanese,Afternoon,6,Small Business,sarah.hernandez9@yahoo.com,,0
12779,Sarah Davis,sarah.davis165@company.com,Subscription Service,Bug Report,I found a bug in the latest update affecting report generation.,Payment gateway timeout issue fixed and monitoring implemented.,Low,In Progress,Web Form,Australia,67,Female,Enterprise,59,9,4,37.67,180.32,2024-06-10,2024-06-21,Yes,No,iOS,Unknown,Crypto,English,Night,6,Individual,sarah.davis165@company.com,,0
75238,Elizabeth Thomas,elizabeth.thomas393@gmail.com,CRM Platform,Subscription Cancellation,The payment was deducted from my bank account but the transaction shows failed.,Payment gateway timeout issue fixed and monitoring implemented.,High,In Progress,Web Form,Europe,25,Other,Basic,29,14,2,23.06,225.86,2022-07-29,2022-08-04,No,Yes,Linux,Safari,Crypto,French,Night,8,Corporate,elizabeth.thomas393@gmail.com,,0
87157,John Hernandez,john.hernandez581@yahoo.com,API Service,Performance Issue,The payment was deducted from my bank account but the transaction shows failed.,Provided step-by-step troubleshooting instructions and issue resolved.,Urgent,Pending Customer,Email,South America,59,Female,Enterprise,46,16,3,68.61,76.94,2024-10-06,2024-10-14,No,No,Android,Edge,PayPal,English,Evening,4,Individual,john.hernandez581@yahoo.com,,0
15856,Susan Hernandez,susan.hernandez751@company.com,Web Portal,Feature Request,The payment was deducted from my bank account but the transaction shows failed.,Bug logged internally and workaround shared with the customer.,Low,Pending Customer,Web Form,Australia,30,Male,Premium,39,11,4,63.66,49.65,2023-11-29,2023-12-10,No,Yes,MacOS,Unknown,Crypto,Spanish,Afternoon,5,Individual,susan.hernandez751@company.com,,0
13451,Linda Garcia,linda.garcia861@outlook.com,Billing System,Account Suspension,There seems to be a discrepancy in my billing statement for this month.,Payment gateway timeout issue fixed and monitoring implemented.,Low,Resolved,Web Form,Australia,49,Female,Basic,13,10,1,13.1,12.96,2024-02-23,2024-03-05,Yes,No,Android,Chrome,Debit Card,French,Morning,10,Individual,linda.garcia861@outlook.com,,0
188172,Jennifer Garcia,jennifer.garcia812@icloud.com,Subscription Service,Login Issue,My subscription was cancelled without my request and I need clarification.,The issue was escalated to engineering and resolved in the latest patch.,Low,Resolved,Social Media,Australia,71,Female,Enterprise,20,12,2,14.39,114.75,2023-01-13,2023-01-13,No,Yes,Android,Chrome,PayPal,German,Evening,2,Small Business,jennifer.garcia812@icloud.com,,0
126200,Mary Hernandez,mary.hernandez781@outlook.com,Subscription Service,Performance Issue,There seems to be a discrepancy in my billing statement for this month.,Data synchronization restored after backend service restart.,Urgent,Closed,Social Media,North America,69,Other,Premium,19,7,1,61.59,5.04,2024-10-27,2024-10-31,No,Yes,Linux,Firefox,Debit Card,Japanese,Morning,4,Small Business,mary.hernandez781@outlook.com,,0
152631,Susan Gonzalez,susan.gonzalez181@yahoo.com,Billing System,Payment Problem,I am experiencing very slow performance while using the dashboard.,Subscription status corrected and confirmation email sent to customer.,High,Closed,Chat,North America,75,Female,Free,3,16,3,36.83,227.24,2022-01-23,2022-02-01,No,No,MacOS,Unknown,PayPal,French,Evening,2,Small Business,susan.gonzalez181@yahoo.com,,0
184929,Jennifer Lopez,jennifer.lopez341@company.com,API Service,Account Suspension,There seems to be a discrepancy in my billing statement for this month.,Provided step-by-step troubleshooting instructions and issue resolved.,High,Closed,Email,Africa,69,Female,Basic,37,7,4,69.38,178.36,2022-07-27,2022-07-31,No,Yes,Linux,Edge,Bank Transfer,Japanese,Evening,4,Small Business,jennifer.lopez341@company.com,2022-06-15,0
74337,David Moore,david.moore450@icloud.com,Cloud Storage,Login Issue,I am unable to access my account after entering the correct credentials.,Provided step-by-step troubleshooting instructions and issue resolved.,Medium,Open,Phone,Australia,47,Other,Enterprise,31,16,2,21.33,153.79,2022-03-06,2022-03-12,Yes,No,Windows,Unknown,Debit Card,German,Night,10,Corporate,david.moore450@icloud.com,,0
67767,Charles Martinez,charles.martinez625@icloud.com,API Service,Feature Request,I would like to request a refund for the recent charge.,Explained billing breakdown and clarified applicable charges.,Urgent,Open,Email,South America,39,Female,Enterprise,40,0,5,48.23,131.77,2022-06-19,2022-06-26,Yes,No,MacOS,Safari,Debit Card,German,Evening,3,Individual,charles.martinez625@icloud.com,,0
187056,Thomas Jones,thomas.jones207@company.com,Analytics Dashboard,Feature Request,There seems to be a discrepancy in my billing statement for this month.,The issue was escalated to engineering and resolved in the latest patch.,Low,Closed,Web Form,Asia,69,Other,Free,39,8,3,56.45,33.74,2022-09-26,2022-10-10,No,Yes,Windows,Unknown,Debit Card,Chinese,Afternoon,4,Small Business,thomas.jones207@company.com,,0
90873,Barbara Lopez,barbara.lopez271@hotmail.com,CRM Platform,Payment Problem,Two-factor authentication codes are not being delivered to my phone.,Bug logged internally and workaround shared with the customer.,Medium,Pending Customer,Social Media,North America,68,Female,Premium,60,15,3,58.38,82.78,2024-06-19,2024-06-19,Yes,No,MacOS,Firefox,Bank Transfer,Chinese,Night,3,Corporate,barbara.lopez271@hotmail.com,,0
908,Sarah Wilson,sarah.wilson175@company.com,Web Portal,Login Issue,I would like to request a refund for the recent charge.,Data synchronization restored after backend service restart.,Urgent,Open,Email,Australia,60,Female,Premium,28,9,2,24.14,109.54,2022-08-01,2022-08-13,Yes,No,Linux,Chrome,Debit Card,German,Afternoon,4,Corporate,sarah.wilson175@company.com,,0
33994,Michael Williams,michael.williams208@outlook.com,Billing System,Feature Request,The system is not syncing data across devices properly.,The issue was escalated to engineering and resolved in the latest patch.,Low,Closed,Chat,Europe,50,Other,Premium,2,8,2,18.07,209.58,2023-04-30,2023-05-06,No,No,Linux,Chrome,PayPal,Spanish,Night,5,Individual,michael.williams208@outlook.com,,0
7193,James Martin,james.martin338@icloud.com,Subscription Service,Data Sync Issue,I would like to request a refund for the recent charge.,Data synchronization restored after backend service restart.,Medium,Pending Customer,Chat,Europe,63,Female,Free,2,9,3,16.89,193.05,2022-02-09,2022-02-12,Yes,No,Windows,Chrome,Credit Card,Spanish,Night,5,Small Business,james.martin338@icloud.com,,0
31688,Barbara Wilson,barbara.wilson449@hotmail.com,API Service,Subscription Cancellation,The application crashes whenever I try to upload a file.,Provided step-by-step troubleshooting instructions and issue resolved.,Low,Pending Customer,Web Form,Europe,70,Female,Enterprise,35,7,5,28.9,10.74,2022-09-05,2022-09-06,Yes,Yes,Android,Unknown,Debit Card,English,Afternoon,6,Small Business,barbara.wilson449@hotmail.com,,0
159265,Jennifer Martinez,jennifer.martinez389@gmail.com,Payment Gateway,Refund Request,The payment was deducted from my bank account but the transaction shows failed.,Security settings updated and customer notified of precautionary measures.,Medium,Resolved,Chat,South America,51,Female,Enterprise,36,19,5,17.29,11.36,2023-02-16,2023-02-26,Yes,No,MacOS,Chrome,Credit Card,French,Evening,4,Small Business,jennifer.martinez389@gmail.com,,0
95015,Michael Gonzalez,michael.gonzalez29@hotmail.com,Billing System,Subscription Cancellation,My subscription was cancelled without my request and I need clarification.,Payment gateway timeout issue fixed and monitoring implemented.,High,Closed,Social Media,South America,62,Female,Premium,54,6,4,66.07,13.16,2023-01-20,2023-02-02,Yes,Yes,Linux,Chrome,Credit Card,Spanish,Evening,8,Individual,michael.gonzalez29@hotmail.com,,0
67176,David Hernandez,david.hernandez192@yahoo.com,CRM Platform,Security Concern,Two-factor authentication codes are not being delivered to my phone.,The issue was escalated to engineering and resolved in the latest patch.,Low,Closed,Phone,Europe,23,Female,Free,34,1,3,50.87,1.16,2022-12-15,2022-12-17,Yes,Yes,Windows,Firefox,Credit Card,English,Afternoon,2,Small Business,david.hernandez192@yahoo.com,,0
51514,Jessica Brown,jessica.brown578@hotmail.com,Analytics Dashboard,Account Suspension,The application crashes whenever I try to upload a file.,Payment gateway timeout issue fixed and monitoring implemented.,Urgent,Closed,Email,Europe,27,Other,Basic,46,10,1,59.99,77.13,2023-08-21,2023-09-03,Yes,Yes,iOS,Chrome,PayPal,German,Evening,3,Individual,jessica.brown578@hotmail.com,,0
43066,Jessica Rodriguez,jessica.rodriguez176@outlook.com,Analytics Dashboard,Bug Report,The payment was deducted from my bank account but the transaction shows failed.,Data synchronization restored after backend service restart.,High,Open,Social Media,Europe,70,Female,Premium,51,14,2,51.23,168.42,2023-06-02,2023-06-13,No,No,Windows,Firefox,PayPal,German,Morning,8,Individual,jessica.rodriguez176@outlook.com,2023-02-08,0
8380,Elizabeth Brown,elizabeth.brown551@icloud.com,Web Portal,Refund Request,There seems to be a discrepancy in my billing statement for this month.,Provided step-by-step troubleshooting instructions and issue resolved.,Medium,Pending Customer,Web Form,Europe,19,Female,Premium,8,15,5,48.12,42.36,2022-07-10,2022-07-22,No,Yes,MacOS,Unknown,Crypto,Japanese,Morning,2,Corporate,elizabeth.brown551@icloud.com,,0
53554,Richard Thomas,richard.thomas307@gmail.com,Cloud Storage,Security Concern,Two-factor authentication codes are not being delivered to my phone.,Explained billing breakdown and clarified applicable charges.,Low,Resolved,Chat,South America,43,Female,Free,16,15,1,43.31,184.02,2023-03-21,2023-03-27,Yes,Yes,Linux,Edge,Debit Card,Spanish,Evening,10,Individual,richard.thomas307@gmail.com,,0
87862,Linda Moore,linda.moore761@gmail.com,Web Portal,Payment Problem,I found a bug in the latest update affecting report generation.,The issue was escalated to engineering and resolved in the latest patch.,High,Resolved,Chat,Europe,38,Other,Basic,27,3,4,36.09,154.11,2023-01-05,2023-01-18,No,Yes,iOS,Edge,Debit Card,French,Night,7,Small Business,linda.moore761@gmail.com,,0
6759,Charles Johnson,charles.johnson820@yahoo.com,API Service,Bug Report,I would like to request a refund for the recent charge.,Explained billing breakdown and clarified applicable charges.,Low,Closed,Social Media,Australia,70,Other,Enterprise,29,4,2,23.98,69.44,2023-11-25,2023-12-05,Yes,No,Windows,Chrome,Bank Transfer,German,Night,8,Small Business,charles.johnson820@yahoo.com,,0
11099,Thomas Smith,thomas.smith17@icloud.com,Cloud Storage,Login Issue,I would like to request a refund for the recent charge.,Security settings updated and customer notified of precautionary measures.,Medium,In Progress,Phone,Australia,58,Other,Premium,41,14,5,61.37,170.93,2022-01-25,2022-02-01,Yes,Yes,Android,Firefox,Bank Transfer,Japanese,Afternoon,9,Individual,thomas.smith17@icloud.com,,0
59008,Barbara Miller,barbara.miller668@company.com,Payment Gateway,Bug Report,I am experiencing very slow performance while using the dashboard.,We have reset the account credentials and advised the customer to retry login.,Urgent,Resolved,Email,North America,49,Other,Premium,27,7,4,34.55,215.82,2023-08-28,2023-09-02,No,Yes,Windows,Unknown,Credit Card,French,Morning,3,Corporate,barbara.miller668@company.com,,0
131780,John Jones,john.jones53@gmail.com,Subscription Service,Security Concern,I found a bug in the latest update affecting report generation.,Security settings updated and customer notified of precautionary measures.,Low,In Progress,Email,Africa,26,Male,Premium,21,9,3,44.34,70.55,2022-04-16,2022-04-19,No,No,iOS,Unknown,Credit Card,French,Night,5,Individual,john.jones53@gmail.com,,0
68431,Robert Hernandez,robert.hernandez220@company.com,Cloud Storage,Payment Problem,My subscription was cancelled without my request and I need clarification.,We have reset the account credentials and advised the customer to retry login.,Low,Open,Web Form,Australia,50,Female,Premium,16,0,4,48.53,146.14,2023-07-11,2023-07-11,Yes,Yes,iOS,Edge,Bank Transfer,French,Morning,10,Small Business,robert.hernandez220@company.com,,0
82974,Mary Martin,mary.martin300@icloud.com,Cloud Storage,Subscription Cancellation,I am unable to access my account after entering the correct credentials.,Explained billing breakdown and clarified applicable charges.,Medium,Resolved,Email,Africa,39,Female,Basic,55,0,2,42.41,25.65,2024-02-01,2024-02-06,Yes,No,Linux,Chrome,Crypto,English,Afternoon,6,Small Business,mary.martin300@icloud.com,,0
54305,James Martin,james.martin691@yahoo.com,Mobile App,Performance Issue,I am unable to access my account after entering the correct credentials.,Data synchronization restored after backend service restart.,Urgent,In Progress,Email,South America,55,Female,Premium,16,3,5,53.97,37.51,2023-03-14,2023-03-18,Yes,No,Windows,Firefox,Crypto,French,Morning,4,Corporate,james.martin691@yahoo.com,,0
35427,Robert Taylor,robert.taylor652@outlook.com,Payment Gateway,Payment Problem,Two-factor authentication codes are not being delivered to my phone.,The issue was escalated to engineering and resolved in the latest patch.,High,Resolved,Chat,South America,49,Other,Free,53,7,1,47.76,71.18,2023-12-16,2023-12-20,Yes,Yes,Android,Chrome,Bank Transfer,German,Night,6,Small Business,robert.taylor652@outlook.com,,0
160436,Robert Miller,robert.miller905@hotmail.com,CRM Platform,Bug Report,Two-factor authentication codes are not being delivered to my phone.,Explained billing breakdown and clarified applicable charges.,Urgent,In Progress,Phone,Australia,46,Female,Basic,58,11,5,18.5,217.52,2023-09-25,2023-09-26,Yes,Yes,MacOS,Edge,Crypto,Japanese,Afternoon,8,Small Business,robert.miller905@hotmail.com,,0
173215,Mary Martin,mary.martin140@outlook.com,E-commerce Store,Account Suspension,I would like to request a refund for the recent charge.,Data synchronization restored after backend service restart.,Medium,Pending Customer,Email,Europe,65,Female,Free,14,3,3,19.78,105.19,2022-03-22,2022-03-28,No,No,Linux,Firefox,PayPal,Spanish,Afternoon,2,Small Business,mary.martin140@outlook.com,,0
36569,James Taylor,james.taylor106@gmail.com,Billing System,Login Issue,The payment was deducted from my bank account but the transaction shows failed.,The issue was escalated to engineering and resolved in the latest patch.,Urgent,In Progress,Chat,Africa,65,Male,Basic,38,3,3,34.77,196.39,2022-06-25,2022-07-04,Yes,Yes,iOS,Safari,Credit Card,French,Morning,4,Corporate,james.taylor106@gmail.com,,0
108731,Robert Davis,robert.davis80@yahoo.com,Billing System,Performance Issue,The payment was deducted from my bank account but the transaction shows failed.,Subscription status corrected and confirmation email sent to customer.,High,Resolved,Web Form,Australia,45,Female,Basic,52,11,1,61.56,5.38,2022-07-10,2022-07-24,Yes,No,iOS,Unknown,PayPal,Spanish,Afternoon,8,Individual,robert.davis80@yahoo.com,,0
1316,Elizabeth Martinez,elizabeth.martinez230@gmail.com,E-commerce Store,Account Suspension,I am experiencing very slow performance while using the dashboard.,Bug logged internally and workaround shared with the customer.,Urgent,Pending Customer,Social Media,Africa,21,Male,Free,17,7,5,70.76,192.87,2024-08-07,2024-08-10,No,Yes,Android,Edge,Crypto,Spanish,Evening,8,Individual,elizabeth.martinez230@gmail.com,,0
60467,Richard Jones,richard.jones752@company.com,Payment Gateway,Subscription Cancellation,Two-factor authentication codes are not being delivered to my phone.,We have reset the account credentials and advised the customer to retry login.,Urgent,Pending Customer,Social Media,Asia,62,Other,Enterprise,60,18,1,45.8,116.01,2023-11-04,2023-11-05,No,Yes,Windows,Edge,Bank Transfer,Spanish,Afternoon,2,Small Business,richard.jones752@company.com,,0
86163,Mary Martinez,mary.martinez409@gmail.com,E-commerce Store,Security Concern,I would like to request a refund for the recent charge.,Explained billing breakdown and clarified applicable charges.,High,Closed,Social Media,Europe,64,Male,Premium,56,7,5,45.32,150.26,2023-04-16,2023-04-30,No,No,iOS,Safari,Credit Card,French,Morning,3,Individual,mary.martinez409@gmail.com,,0
146581,Richard Williams,richard.williams143@hotmail.com,Billing System,Account Suspension,I am experiencing very slow performance while using the dashboard.,Bug logged internally and workaround shared with the customer.,Urgent,Resolved,Web Form,North America,64,Female,Premium,5,8,2,27.82,60.2,2022-10-28,2022-10-28,No,No,Android,Chrome,Debit Card,Japanese,Morning,2,Individual,richard.williams143@hotmail.com,,0
69736,James Smith,james.smith807@outlook.com,Analytics Dashboard,Security Concern,I found a bug in the latest update affecting report generation.,Payment gateway timeout issue fixed and monitoring implemented.,Urgent,Resolved,Email,Asia,51,Other,Free,13,17,5,2.64,207.86,2023-08-13,2023-08-16,Yes,Yes,iOS,Safari,Debit Card,Japanese,Night,1,Small Business,james.smith807@outlook.com,,0
98744,Jennifer Garcia,jennifer.garcia184@yahoo.com,API Service,Login Issue,I found a bug in the latest update affecting report generation.,The duplicate charge was reversed and refund processed within 3-5 business days.,Medium,Closed,Chat,North America,72,Female,Free,32,4,3,6.58,94.89,2024-11-13,2024-11-21,No,Yes,MacOS,Unknown,Bank Transfer,English,Evening,7,Corporate,jennifer.garcia184@yahoo.com,,0
163769,Susan Johnson,susan.johnson130@gmail.com,CRM Platform,Account Suspension,There seems to be a discrepancy in my billing statement for this month.,We have reset the account credentials and advised the customer to retry login.,Medium,Closed,Chat,South America,25,Male,Basic,25,15,2,23.66,218.39,2023-08-26,2023-09-09,Yes,No,Linux,Safari,PayPal,Spanish,Night,10,Small Business,susan.johnson130@gmail.com,,0
172974,William Davis,william.davis281@hotmail.com,Mobile App,Subscription Cancellation,The payment was deducted from my bank account but the transaction shows failed.,Subscription status corrected and confirmation email sent to customer.,Urgent,In Progress,Chat,Africa,51,Male,Premium,43,13,1,15.96,225.06,2022-07-27,2022-07-30,Yes,No,iOS,Firefox,Crypto,Japanese,Morning,1,Individual,william.davis281@hotmail.com,,0
131784,Joseph Rodriguez,joseph.rodriguez205@hotmail.com,Analytics Dashboard,Refund Request,My subscription was cancelled without my request and I need clarification.,Subscription status corrected and confirmation email sent to customer.,High,In Progress,Chat,Australia,58,Male,Basic,40,9,2,46.9,165.11,2024-03-09,2024-03-09,Yes,Yes,Android,Firefox,Debit Card,Chinese,Evening,7,Corporate,joseph.rodriguez205@hotmail.com,,0
58648,Richard Thomas,richard.thomas101@icloud.com,Web Portal,Data Sync Issue,Two-factor authentication codes are not being delivered to my phone.,Subscription status corrected and confirmation email sent to customer.,Medium,Open,Email,North America,26,Female,Enterprise,38,19,4,52.07,57.94,2024-01-26,2024-01-30,No,No,Linux,Chrome,Credit Card,Chinese,Night,4,Corporate,richard.thomas101@icloud.com,,0
74823,Jessica Thomas,jessica.thomas169@outlook.com,CRM Platform,Account Suspension,I am unable to access my account after entering the correct credentials.,Bug logged internally and workaround shared with the customer.,Urgent,Pending Customer,Web Form,Africa,72,Other,Free,20,13,3,21.0,9.29,2024-09-27,2024-09-29,No,No,Android,Safari,Bank Transfer,French,Morning,1,Corporate,jessica.thomas169@outlook.com,,0
198341,Joseph Miller,joseph.miller921@hotmail.com,Payment Gateway,Feature Request,I am unable to access my account after entering the correct credentials.,Payment gateway timeout issue fixed and monitoring implemented.,Medium,Resolved,Email,Europe,31,Male,Basic,57,7,3,63.92,71.49,2024-08-09,2024-08-16,No,No,MacOS,Unknown,Bank Transfer,English,Night,8,Small Business,joseph.miller921@hotmail.com,,0
72408,Joseph Wilson,joseph.wilson45@hotmail.com,CRM Platform,Login Issue,I would like to request a refund for the recent charge.,Security settings updated and customer notified of precautionary measures.,High,Resolved,Social Media,South America,34,Female,Enterprise,51,5,3,37.95,23.25,2024-11-17,2024-11-26,Yes,Yes,Android,Safari,Credit Card,Spanish,Night,9,Small Business,joseph.wilson45@hotmail.com,,0
61297,Robert Brown,robert.brown151@company.com,CRM Platform,Performance Issue,I would like to request a refund for the recent charge.,Security settings updated and customer notified of precautionary measures.,Low,Resolved,Phone,Asia,70,Male,Premium,38,19,5,63.45,67.93,2024-07-13,2024-07-27,No,Yes,iOS,Chrome,Credit Card,French,Evening,3,Small Business,robert.brown151@company.com,,0
47836,Jennifer Lopez,jennifer.lopez192@outlook.com,Web Portal,Feature Request,I found a bug in the latest update affecting report generation.,Data synchronization restored after backend service restart.,High,Closed,Social Media,Africa,28,Male,Premium,27,13,3,32.37,91.86,2024-03-06,2024-03-12,Yes,Yes,Windows,Edge,Debit Card,French,Evening,5,Small Business,jennifer.lopez192@outlook.com,,0
71579,Mary Davis,mary.davis142@hotmail.com,Analytics Dashboard,Feature Request,There seems to be a discrepancy in my billing statement for this month.,Security settings updated and customer notified of precautionary measures.,Low,In Progress,Social Media,Africa,70,Male,Enterprise,51,15,2,29.52,155.87,2024-11-20,2024-12-04,No,No,Linux,Safari,Credit Card,German,Morning,7,Small Business,mary.davis142@hotmail.com,,0
46002,Mary Hernandez,mary.hernandez826@gmail.com,E-commerce Store,Payment Problem,Two-factor authentication codes are not being delivered to my phone.,The duplicate charge was reversed and refund processed within 3-5 business days.,Urgent,Closed,Phone,Europe,25,Male,Free,24,0,3,25.91,224.32,2023-02-10,2023-02-13,No,Yes,Android,Edge,Bank Transfer,Japanese,Evening,6,Individual,mary.hernandez826@gmail.com,,0
142331,David Williams,david.williams718@company.com,CRM Platform,Account Suspension,Two-factor authentication codes are not being delivered to my phone.,Data synchronization restored after backend service restart.,High,Resolved,Social Media,North America,37,Female,Enterprise,6,14,4,64.52,188.87,2024-11-10,2024-11-20,Yes,No,Android,Firefox,PayPal,French,Afternoon,8,Small Business,david.williams718@company.com,,0
3264,Richard Anderson,richard.anderson756@icloud.com,Mobile App,Performance Issue,Two-factor authentication codes are not being delivered to my phone.,Provided step-by-step troubleshooting instructions and issue resolved.,High,Closed,Web Form,Europe,37,Male,Basic,45,5,3,67.37,238.29,2022-08-25,2022-08-26,No,Yes,Linux,Chrome,Bank Transfer,Spanish,Morning,5,Individual,richard.anderson756@icloud.com,,0
39734,Richard Smith,richard.smith384@gmail.com,Web Portal,Refund Request,The system is not syncing data across devices properly.,Subscription status corrected and confirmation email sent to customer.,High,Closed,Phone,North America,75,Other,Enterprise,15,1,5,10.95,153.74,2023-11-29,2023-12-01,No,No,Windows,Firefox,Debit Card,English,Morning,8,Individual,richard.smith384@gmail.com,,0
156164,William Lopez,william.lopez231@hotmail.com,CRM Platform,Security Concern,I would like to request a refund for the recent charge.,Bug logged internally and workaround shared with the customer.,Medium,Open,Social Media,North America,53,Female,Basic,32,7,3,47.87,161.36,2023-03-05,2023-03-12,No,Yes,iOS,Chrome,Bank Transfer,English,Morning,5,Small Business,william.lopez231@hotmail.com,,0
14862,Mary Wilson,mary.wilson780@outlook.com,Cloud Storage,Account Suspension,I am experiencing very slow performance while using the dashboard.,Subscription status corrected and confirmation email sent to customer.,High,Closed,Phone,Asia,42,Female,Basic,53,13,4,20.06,29.13,2024-09-28,2024-10-12,Yes,No,Windows,Edge,Crypto,French,Afternoon,2,Corporate,mary.wilson780@outlook.com,,0
20912,David Martinez,david.martinez581@yahoo.com,E-commerce Store,Security Concern,I am experiencing very slow performance while using the dashboard.,The duplicate charge was reversed and refund processed within 3-5 business days.,Low,Open,Email,North America,36,Female,Premium,14,16,3,56.31,110.52,2022-02-01,2022-02-15,No,Yes,Windows,Chrome,Crypto,Chinese,Night,3,Corporate,david.martinez581@yahoo.com,,0
185114,William Taylor,william.taylor594@outlook.com,Billing System,Login Issue,The system is not syncing data across devices properly.,Explained billing breakdown and clarified applicable charges.,Low,Pending Customer,Email,North America,49,Male,Enterprise,9,20,5,36.25,197.05,2024-06-10,2024-06-15,No,No,Windows,Edge,Credit Card,English,Evening,7,Corporate,william.taylor594@outlook.com,,0
45524,John Brown,john.brown92@company.com,CRM Platform,Payment Problem,The system is not syncing data across devices properly.,Payment gateway timeout issue fixed and monitoring implemented.,Urgent,Open,Social Media,South America,71,Female,Enterprise,40,4,3,8.2,58.36,2022-09-06,2022-09-08,Yes,No,MacOS,Firefox,Credit Card,Spanish,Evening,9,Corporate,john.brown92@company.com,,0
162371,Charles Martin,charles.martin771@hotmail.com,API Service,Login Issue,The payment was deducted from my bank account but the transaction shows failed.,The issue was escalated to engineering and resolved in the latest patch.,Urgent,In Progress,Phone,Australia,47,Male,Premium,25,4,5,45.98,239.81,2022-06-11,2022-06-16,Yes,Yes,iOS,Edge,Credit Card,French,Morning,8,Individual,charles.martin771@hotmail.com,,0
112945,Linda Brown,linda.brown939@hotmail.com,E-commerce Store,Refund Request,I would like to request a refund for the recent charge.,Explained billing breakdown and clarified applicable charges.,Low,Resolved,Phone,South America,44,Male,Basic,56,8,2,60.66,161.07,2024-10-18,2024-10-28,No,Yes,Windows,Unknown,Bank Transfer,French,Evening,6,Small Business,linda.brown939@hotmail.com,2023-05-29,0
88991,Sarah Wilson,sarah.wilson627@company.com,Subscription Service,Performance Issue,The payment was deducted from my bank account but the transaction shows failed.,The issue was escalated to engineering and resolved in the latest patch.,Low,In Progress,Phone,Africa,68,Male,Free,24,6,2,28.93,236.61,2024-02-27,2024-02-29,Yes,No,iOS,Safari,Credit Card,French,Afternoon,8,Corporate,sarah.wilson627@company.com,,0
97496,Elizabeth Jones,elizabeth.jones757@outlook.com,Mobile App,Security Concern,There seems to be a discrepancy in my billing statement for this month.,We have reset the account credentials and advised the customer to retry login.,Low,Open,Chat,Asia,72,Female,Free,3,4,2,5.18,144.45,2023-09-27,2023-10-02,Yes,No,iOS,Firefox,Debit Card,Chinese,Night,4,Small Business,elizabeth.jones757@outlook.com,,0
101646,Michael Miller,michael.miller59@icloud.com,Mobile App,Refund Request,I am experiencing very slow performance while using the dashboard.,Payment gateway timeout issue fixed and monitoring implemented.,Low,Resolved,Phone,South America,53,Other,Basic,11,0,1,48.54,220.16,2024-08-25,2024-09-01,Yes,No,MacOS,Unknown,Bank Transfer,Chinese,Afternoon,5,Individual,michael.miller59@icloud.com,,0
77698,Michael Jones,michael.jones460@outlook.com,Billing System,Data Sync Issue,Two-factor authentication codes are not being delivered to my phone.,Payment gateway timeout issue fixed and monitoring implemented.,Low,Open,Chat,South America,28,Other,Free,22,11,3,40.02,239.84,2022-02-04,2022-02-09,Yes,Yes,iOS,Firefox,Crypto,Spanish,Morning,4,Small Business,michael.jones460@outlook.com,,0
174769,Elizabeth Jones,elizabeth.jones868@gmail.com,E-commerce Store,Refund Request,The payment was deducted from my bank account but the transaction shows failed.,The issue was escalated to engineering and resolved in the latest patch.,Medium,Open,Social Media,Europe,72,Other,Free,26,4,2,63.94,109.23,2023-01-23,2023-02-05,No,No,MacOS,Unknown,Crypto,German,Night,8,Corporate,elizabeth.jones868@gmail.com,,0
151323,Charles Taylor,charles.taylor576@hotmail.com,Billing System,Bug Report,I found a bug in the latest update affecting report generation.,The duplicate charge was reversed and refund processed within 3-5 business days.,Low,Resolved,Chat,Asia,74,Other,Free,18,18,2,55.98,192.43,2022-06-28,2022-06-28,No,Yes,Windows,Unknown,Credit Card,German,Afternoon,5,Small Business,charles.taylor576@hotmail.com,,0
66482,Thomas Garcia,thomas.garcia716@yahoo.com,CRM Platform,Subscription Cancellation,The system is not syncing data across devices properly.,Data synchronization restored after backend service restart.,High,Pending Customer,Web Form,Australia,68,Male,Basic,2,8,3,31.62,34.32,2023-10-15,2023-10-26,No,Yes,MacOS,Chrome,Bank Transfer,English,Evening,5,Corporate,thomas.garcia716@yahoo.com,,0
129516,David Rodriguez,david.rodriguez760@yahoo.com,Subscription Service,Payment Problem,Two-factor authentication codes are not being delivered to my phone.,Payment gateway timeout issue fixed and monitoring implemented.,Low,Open,Chat,Europe,74,Female,Basic,18,7,3,47.31,153.47,2024-02-27,2024-03-06,Yes,Yes,iOS,Unknown,Bank Transfer,Spanish,Night,2,Individual,david.rodriguez760@yahoo.com,,0
5234,Mary Jackson,mary.jackson206@icloud.com,CRM Platform,Security Concern,I would like to request a refund for the recent charge.,Bug logged internally and workaround shared with the customer.,Low,In Progress,Social Media,Australia,31,Male,Premium,22,4,2,69.31,131.66,2022-11-05,2022-11-16,No,Yes,Android,Firefox,PayPal,French,Morning,5,Individual,mary.jackson206@icloud.com,,0
12220,John Williams,john.williams393@outlook.com,Payment Gateway,Bug Report,The payment was deducted from my bank account but the transaction shows failed.,We have reset the account credentials and advised the customer to retry login.,High,Resolved,Web Form,South America,40,Female,Basic,50,0,2,42.69,189.18,2022-12-20,2023-01-02,Yes,Yes,Android,Edge,Bank Transfer,English,Afternoon,7,Corporate,john.williams393@outlook.com,,0
134606,Joseph Williams,joseph.williams544@outlook.com,Web Portal,Subscription Cancellation,The application crashes whenever I try to upload a file.,Data synchronization restored after backend service restart.,Urgent,In Progress,Social Media,South America,72,Female,Enterprise,29,3,5,58.15,6.94,2024-05-05,2024-05-15,No,Yes,Android,Unknown,Credit Card,English,Morning,2,Individual,joseph.williams544@outlook.com,,0
1613,Barbara Thomas,barbara.thomas578@hotmail.com,Analytics Dashboard,Security Concern,I am experiencing very slow performance while using the dashboard.,Subscription status corrected and confirmation email sent to customer.,High,Resolved,Phone,North America,59,Male,Basic,19,6,3,20.18,172.3,2022-07-01,2022-07-06,No,Yes,Linux,Chrome,Bank Transfer,Japanese,Afternoon,2,Corporate,barbara.thomas578@hotmail.com,,0
143036,David Jackson,david.jackson64@gmail.com,Mobile App,Bug Report,The application crashes whenever I try to upload a file.,Security settings updated and customer notified of precautionary measures.,Urgent,Open,Chat,Europe,57,Female,Premium,54,7,3,56.35,188.41,2024-08-22,2024-08-29,No,No,Android,Chrome,Bank Transfer,English,Night,8,Corporate,david.jackson64@gmail.com,,0
184096,Linda Lopez,linda.lopez597@icloud.com,Analytics Dashboard,Feature Request,I am unable to access my account after entering the correct credentials.,Explained billing breakdown and clarified applicable charges.,Urgent,In Progress,Web Form,North America,29,Other,Free,52,0,2,28.74,160.95,2024-11-17,2024-11-30,No,No,Windows,Chrome,Bank Transfer,French,Morning,7,Corporate,linda.lopez597@icloud.com,,0
41493,Robert Brown,robert.brown4@outlook.com,CRM Platform,Subscription Cancellation,I am unable to access my account after entering the correct credentials.,Explained billing breakdown and clarified applicable charges.,Low,In Progress,Social Media,Africa,32,Female,Enterprise,46,7,2,1.23,43.34,2024-02-07,2024-02-19,Yes,Yes,Windows,Safari,Crypto,Japanese,Afternoon,8,Corporate,robert.brown4@outlook.com,2023-05-12,0
153071,Linda Miller,linda.miller971@hotmail.com,Subscription Service,Subscription Cancellation,There seems to be a discrepancy in my billing statement for this month.,Subscription status corrected and confirmation email sent to customer.,Urgent,Open,Social Media,Asia,46,Other,Basic,25,14,1,55.76,33.44,2023-07-12,2023-07-13,Yes,Yes,MacOS,Edge,Bank Transfer,Japanese,Evening,3,Individual,linda.miller971@hotmail.com,,0
103631,Joseph Martinez,joseph.martinez169@icloud.com,Mobile App,Account Suspension,The system is not syncing data across devices properly.,The duplicate charge was reversed and refund processed within 3-5 business days.,Medium,Open,Web Form,Africa,54,Other,Basic,16,11,1,45.16,21.49,2022-09-21,2022-09-29,Yes,Yes,Android,Edge,Credit Card,Japanese,Night,3,Small Business,joseph.martinez169@icloud.com,,0
43375,Elizabeth Garcia,elizabeth.garcia13@icloud.com,API Service,Account Suspension,I found a bug in the latest update affecting report generation.,Payment gateway timeout issue fixed and monitoring implemented.,Medium,Closed,Email,Europe,44,Other,Free,48,1,3,49.4,215.97,2023-11-22,2023-12-06,Yes,Yes,Linux,Unknown,Credit Card,French,Afternoon,2,Individual,elizabeth.garcia13@icloud.com,,0
133806,John Anderson,john.anderson718@icloud.com,E-commerce Store,Refund Request,I am unable to access my account after entering the correct credentials.,Security settings updated and customer notified of precautionary measures.,High,Closed,Phone,North America,18,Other,Premium,11,12,4,58.26,115.16,2023-02-16,2023-02-20,Yes,Yes,MacOS,Edge,Bank Transfer,Japanese,Evening,5,Small Business,john.anderson718@icloud.com,,0
31060,Robert Anderson,robert.anderson871@yahoo.com,API Service,Refund Request,My subscription was cancelled without my request and I need clarification.,Data synchronization restored after backend service restart.,Low,Closed,Web Form,Europe,22,Female,Premium,32,6,4,65.08,176.21,2022-11-11,2022-11-24,No,No,Android,Chrome,PayPal,German,Night,9,Corporate,robert.anderson871@yahoo.com,,0
154790,Linda Johnson,linda.johnson659@company.com,Billing System,Account Suspension,Two-factor authentication codes are not being delivered to my phone.,Subscription status corrected and confirmation email sent to customer.,Medium,In Progress,Email,Africa,38,Male,Basic,53,10,5,16.83,108.36,2023-01-20,2023-02-03,No,Yes,Linux,Firefox,Credit Card,Spanish,Morning,4,Corporate,linda.johnson659@company.com,,0
92256,David Taylor,david.taylor182@hotmail.com,API Service,Bug Report,I found a bug in the latest update affecting report generation.,Provided step-by-step troubleshooting instructions and issue resolved.,Urgent,Pending Customer,Email,North America,39,Male,Premium,51,0,3,65.9,24.66,2024-09-22,2024-09-29,No,No,Linux,Firefox,Debit Card,Japanese,Night,2,Small Business,david.taylor182@hotmail.com,2024-05-27,0
146387,Jessica Martin,jessica.martin869@gmail.com,Subscription Service,Performance Issue,I am unable to access my account after entering the correct credentials.,Security settings updated and customer notified of precautionary measures.,Low,Open,Web Form,Africa,42,Female,Enterprise,38,8,1,55.53,113.47,2024-06-27,2024-07-07,No,Yes,Windows,Unknown,Debit Card,Chinese,Afternoon,5,Corporate,jessica.martin869@gmail.com,,0
84745,John Lopez,john.lopez868@company.com,Mobile App,Security Concern,The application crashes whenever I try to upload a file.,Payment gateway timeout issue fixed and monitoring implemented.,Medium,Closed,Phone,South America,46,Male,Free,25,16,5,70.74,225.93,2024-11-05,2024-11-16,No,Yes,iOS,Safari,Crypto,Chinese,Evening,2,Corporate,john.lopez868@company.com,2024-04-21,0
76031,Sarah Thomas,sarah.thomas351@hotmail.com,Analytics Dashboard,Performance Issue,I would like to request a refund for the recent charge.,Data synchronization restored after backend service restart.,Urgent,Pending Customer,Chat,Australia,35,Other,Free,14,5,4,7.03,125.46,2024-10-13,2024-10-26,No,Yes,Windows,Edge,PayPal,French,Morning,4,Corporate,sarah.thomas351@hotmail.com,,0
74931,Linda Lopez,linda.lopez285@icloud.com,Analytics Dashboard,Bug Report,Two-factor authentication codes are not being delivered to my phone.,Data synchronization restored after backend service restart.,Urgent,In Progress,Web Form,South America,35,Female,Premium,33,8,3,25.69,142.59,2022-04-21,2022-05-02,No,Yes,Windows,Edge,Bank Transfer,French,Morning,7,Corporate,linda.lopez285@icloud.com,,0
87432,Barbara Anderson,barbara.anderson60@outlook.com,Analytics Dashboard,Payment Problem,I would like to request a refund for the recent charge.,Subscription status corrected and confirmation email sent to customer.,Urgent,Open,Phone,Australia,34,Female,Enterprise,1,14,5,70.66,174.71,2022-05-05,2022-05-18,No,No,MacOS,Firefox,Bank Transfer,Japanese,Evening,5,Corporate,barbara.anderson60@outlook.com,,0
186694,Linda Gonzalez,linda.gonzalez208@company.com,Payment Gateway,Refund Request,There seems to be a discrepancy in my billing statement for this month.,Security settings updated and customer notified of precautionary measures.,Medium,Open,Web Form,South America,21,Other,Free,35,0,1,9.81,123.17,2022-10-31,2022-11-10,Yes,No,Windows,Unknown,Crypto,English,Evening,3,Small Business,linda.gonzalez208@company.com,,0
105334,James Smith,james.smith254@hotmail.com,CRM Platform,Bug Report,I found a bug in the latest update affecting report generation.,Data synchronization restored after backend service restart.,Medium,Open,Email,Australia,64,Male,Free,13,1,1,41.97,111.3,2023-10-15,2023-10-25,Yes,Yes,Windows,Firefox,Debit Card,French,Evening,2,Corporate,james.smith254@hotmail.com,,0
150087,Karen Brown,karen.brown857@hotmail.com,E-commerce Store,Performance Issue,The payment was deducted from my bank account but the transaction shows failed.,Explained billing breakdown and clarified applicable charges.,Low,Pending Customer,Chat,North America,53,Female,Enterprise,25,4,4,9.98,6.86,2022-09-27,2022-09-28,No,No,Linux,Safari,Debit Card,English,Evening,1,Small Business,karen.brown857@hotmail.com,,0
128263,Joseph Anderson,joseph.anderson603@gmail.com,Subscription Service,Account Suspension,I am unable to access my account after entering the correct credentials.,Payment gateway timeout issue fixed and monitoring implemented.,Low,Closed,Email,Australia,62,Male,Basic,35,9,3,39.2,146.92,2022-05-17,2022-05-25,Yes,Yes,Windows,Chrome,Bank Transfer,German,Evening,8,Small Business,joseph.anderson603@gmail.com,,0
187744,John Lopez,john.lopez109@outlook.com,Cloud Storage,Login Issue,I am experiencing very slow performance while using the dashboard.,Bug logged internally and workaround shared with the customer.,Low,Closed,Web Form,Europe,22,Other,Basic,2,7,4,39.89,55.8,2022-02-15,2022-02-22,No,Yes,Android,Safari,Bank Transfer,French,Afternoon,9,Small Business,john.lopez109@outlook.com,,0
19991,Barbara Jones,barbara.jones714@icloud.com,E-commerce Store,Refund Request,I found a bug in the latest update affecting report generation.,We have reset the account credentials and advised the customer to retry login.,Medium,In Progress,Email,Africa,73,Female,Basic,29,2,4,15.01,231.78,2023-06-01,2023-06-15,No,Yes,Windows,Firefox,Crypto,Japanese,Afternoon,10,Small Business,barbara.jones714@icloud.com,,0
41586,Thomas Hernandez,thomas.hernandez444@icloud.com,E-commerce Store,Subscription Cancellation,There seems to be a discrepancy in my billing statement for this month.,Explained billing breakdown and clarified applicable charges.,High,Closed,Social Media,Africa,36,Other,Free,11,18,5,54.45,171.65,2024-01-26,2024-01-30,No,No,MacOS,Firefox,Crypto,French,Afternoon,10,Individual,thomas.hernandez444@icloud.com,,0
93078,Barbara Smith,barbara.smith141@company.com,Payment Gateway,Data Sync Issue,The application crashes whenever I try to upload a file.,We have reset the account credentials and advised the customer to retry login.,High,Pending Customer,Chat,Africa,53,Other,Free,11,8,2,47.82,63.62,2022-07-04,2022-07-16,Yes,No,Linux,Chrome,Debit Card,Japanese,Evening,7,Individual,barbara.smith141@company.com,,0
95587,Jessica Gonzalez,jessica.gonzalez894@company.com,Billing System,Performance Issue,The application crashes whenever I try to upload a file.,Security settings updated and customer notified of precautionary measures.,Low,Closed,Web Form,South America,65,Female,Premium,13,5,1,49.19,194.99,2023-06-07,2023-06-14,Yes,No,Windows,Chrome,Crypto,English,Afternoon,10,Corporate,jessica.gonzalez894@company.com,,0
15426,Jennifer Jackson,jennifer.jackson487@gmail.com,Mobile App,Login Issue,The system is not syncing data across devices properly.,Explained billing breakdown and clarified applicable charges.,Low,Open,Web Form,Europe,70,Female,Enterprise,41,11,1,15.19,239.85,2023-05-14,2023-05-17,Yes,Yes,MacOS,Firefox,Crypto,English,Afternoon,3,Corporate,jennifer.jackson487@gmail.com,,0
120937,Richard Lopez,richard.lopez704@yahoo.com,Payment Gateway,Payment Problem,The system is not syncing data across devices properly.,Explained billing breakdown and clarified applicable charges.,Low,Resolved,Chat,Africa,23,Other,Basic,21,3,5,22.13,129.39,2022-07-13,2022-07-26,No,Yes,Windows,Chrome,PayPal,Spanish,Night,6,Individual,richard.lopez704@yahoo.com,,0
179584,Linda Hernandez,linda.hernandez692@icloud.com,Mobile App,Security Concern,I am unable to access my account after entering the correct credentials.,Payment gateway timeout issue fixed and monitoring implemented.,Medium,Resolved,Email,South America,60,Other,Enterprise,47,3,5,25.43,219.1,2022-03-25,2022-03-27,Yes,No,MacOS,Chrome,Credit Card,Japanese,Afternoon,3,Corporate,linda.hernandez692@icloud.com,,0
93450,Patricia Smith,patricia.smith232@company.com,Billing System,Performance Issue,Two-factor authentication codes are not being delivered to my phone.,Payment gateway timeout issue fixed and monitoring implemented.,Urgent,In Progress,Chat,Africa,30,Female,Premium,17,12,2,17.61,184.4,2022-11-04,2022-11-10,No,Yes,MacOS,Unknown,Debit Card,English,Night,3,Small Business,patricia.smith232@company.com,,0
8578,Mary Hernandez,mary.hernandez46@outlook.com,Cloud Storage,Subscription Cancellation,Two-factor authentication codes are not being delivered to my phone.,Provided step-by-step troubleshooting instructions and issue resolved.,High,Open,Web Form,Australia,47,Male,Enterprise,53,6,2,30.89,210.15,2022-10-02,2022-10-02,Yes,No,Android,Chrome,Credit Card,French,Afternoon,1,Small Business,mary.hernandez46@outlook.com,,0
179869,Michael Garcia,michael.garcia710@outlook.com,Mobile App,Refund Request,I found a bug in the latest update affecting report generation.,Provided step-by-step troubleshooting instructions and issue resolved.,Medium,Open,Social Media,Europe,63,Female,Enterprise,10,19,1,39.27,105.79,2024-03-22,2024-03-25,Yes,No,MacOS,Unknown,Crypto,Japanese,Morning,8,Corporate,michael.garcia710@outlook.com,,0
57237,Thomas Jones,thomas.jones982@gmail.com,E-commerce Store,Security Concern,I am unable to access my account after entering the correct credentials.,Bug logged internally and workaround shared with the customer.,High,Open,Web Form,Asia,46,Male,Premium,59,15,5,71.82,51.4,2023-01-17,2023-01-24,Yes,Yes,Android,Chrome,PayPal,German,Night,7,Small Business,thomas.jones982@gmail.com,,0
195660,Richard Williams,richard.williams382@gmail.com,Cloud Storage,Payment Problem,I found a bug in the latest update affecting report generation.,Payment gateway timeout issue fixed and monitoring implemented.,Low,Closed,Chat,Asia,42,Female,Premium,1,7,5,50.42,237.99,2023-07-15,2023-07-18,Yes,Yes,Windows,Chrome,Crypto,Spanish,Afternoon,1,Small Business,richard.williams382@gmail.com,,0
84090,Charles Johnson,charles.johnson520@outlook.com,Cloud Storage,Subscription Cancellation,The payment was deducted from my bank account but the transaction shows failed.,Payment gateway timeout issue fixed and monitoring implemented.,Low,Pending Customer,Web Form,Asia,51,Male,Basic,21,0,3,53.96,93.06,2022-11-20,2022-12-03,Yes,No,Android,Unknown,Bank Transfer,Chinese,Afternoon,7,Corporate,charles.johnson520@outlook.com,2022-07-03,0
32725,Mary Anderson,mary.anderson658@yahoo.com,Web Portal,Performance Issue,The payment was deducted from my bank account but the transaction shows failed.,Subscription status corrected and confirmation email sent to customer.,High,In Progress,Chat,Europe,46,Male,Free,42,9,2,46.19,148.93,2022-12-25,2022-12-30,Yes,Yes,Android,Chrome,Debit Card,Chinese,Afternoon,10,Small Business,mary.anderson658@yahoo.com,,0
59658,Elizabeth Thomas,elizabeth.thomas261@company.com,Web Portal,Data Sync Issue,The system is not syncing data across devices properly.,Provided step-by-step troubleshooting instructions and issue resolved.,High,Resolved,Email,Australia,74,Male,Basic,45,4,3,62.16,190.66,2024-08-16,2024-08-18,Yes,Yes,Linux,Firefox,Debit Card,German,Afternoon,1,Individual,elizabeth.thomas261@company.com,,0
26556,Barbara Martinez,barbara.martinez381@yahoo.com,Subscription Service,Data Sync Issue,The system is not syncing data across devices properly.,Provided step-by-step troubleshooting instructions and issue resolved.,Urgent,Resolved,Phone,Australia,62,Male,Enterprise,38,0,4,42.34,3.87,2024-09-03,2024-09-09,Yes,No,iOS,Firefox,Credit Card,Japanese,Afternoon,6,Small Business,barbara.martinez381@yahoo.com,,0
188528,James Brown,james.brown538@icloud.com,Web Portal,Performance Issue,I am experiencing very slow performance while using the dashboard.,Security settings updated and customer notified of precautionary measures.,Low,In Progress,Web Form,Africa,47,Other,Basic,42,9,5,44.18,156.82,2022-04-26,2022-05-06,No,Yes,Android,Chrome,Debit Card,English,Night,10,Small Business,james.brown538@icloud.com,,0
122789,Michael Smith,michael.smith720@icloud.com,Subscription Service,Feature Request,The system is not syncing data across devices properly.,Bug logged internally and workaround shared with the customer.,Urgent,In Progress,Web Form,Australia,72,Other,Enterprise,33,7,3,51.98,89.29,2022-04-12,2022-04-15,No,No,Android,Chrome,Debit Card,German,Afternoon,1,Corporate,michael.smith720@icloud.com,,0
32151,John Moore,john.moore144@gmail.com,Web Portal,Login Issue,The payment was deducted from my bank account but the transaction shows failed.,We have reset the account credentials and advised the customer to retry login.,High,Pending Customer,Email,Europe,35,Female,Basic,35,16,3,42.83,195.01,2023-10-30,2023-11-03,No,Yes,Linux,Chrome,Crypto,Japanese,Morning,10,Small Business,john.moore144@gmail.com,,0
162124,James Williams,james.williams53@gmail.com,Cloud Storage,Bug Report,I found a bug in the latest update affecting report generation.,Bug logged internally and workaround shared with the customer.,Urgent,Open,Web Form,Africa,50,Male,Basic,46,12,5,9.55,109.9,2024-06-02,2024-06-12,No,Yes,Android,Unknown,Bank Transfer,German,Night,4,Individual,james.williams53@gmail.com,,0
108203,Mary Smith,mary.smith715@company.com,E-commerce Store,Data Sync Issue,Two-factor authentication codes are not being delivered to my phone.,Explained billing breakdown and clarified applicable charges.,Low,Resolved,Email,Australia,19,Male,Enterprise,31,14,1,33.58,100.12,2023-02-24,2023-03-03,No,No,Windows,Unknown,Credit Card,Spanish,Evening,1,Corporate,mary.smith715@company.com,,0
149105,Elizabeth Miller,elizabeth.miller633@hotmail.com,CRM Platform,Refund Request,I am unable to access my account after entering the correct credentials.,Security settings updated and customer notified of precautionary measures.,High,Open,Social Media,Australia,61,Other,Premium,51,2,3,70.18,42.82,2023-06-28,2023-07-09,No,Yes,Linux,Unknown,Bank Transfer,French,Morning,6,Individual,elizabeth.miller633@hotmail.com,,0
35062,David Lopez,david.lopez667@yahoo.com,Analytics Dashboard,Feature Request,My subscription was cancelled without my request and I need clarification.,Security settings updated and customer notified of precautionary measures.,Urgent,Pending Customer,Phone,Asia,28,Other,Enterprise,54,12,3,12.72,212.74,2023-07-31,2023-08-05,Yes,Yes,iOS,Chrome,Crypto,Japanese,Morning,10,Small Business,david.lopez667@yahoo.com,,0
132181,Joseph Thomas,joseph.thomas404@hotmail.com,CRM Platform,Account Suspension,I found a bug in the latest update affecting report generation.,Bug logged internally and workaround shared with the customer.,High,In Progress,Chat,North America,60,Other,Free,40,19,1,43.12,110.37,2023-03-15,2023-03-19,No,No,Windows,Safari,Crypto,Chinese,Afternoon,7,Corporate,joseph.thomas404@hotmail.com,,0
90593,Charles Rodriguez,charles.rodriguez708@hotmail.com,Cloud Storage,Subscription Cancellation,There seems to be a discrepancy in my billing statement for this month.,Security settings updated and customer notified of precautionary measures.,Urgent,Pending Customer,Social Media,Africa,27,Female,Basic,47,15,3,42.41,160.18,2022-08-09,2022-08-09,Yes,No,Android,Edge,PayPal,Japanese,Night,4,Small Business,charles.rodriguez708@hotmail.com,,0
67185,James Brown,james.brown34@icloud.com,Mobile App,Account Suspension,My subscription was cancelled without my request and I need clarification.,Provided step-by-step troubleshooting instructions and issue resolved.,Medium,Resolved,Web Form,Africa,62,Other,Enterprise,18,17,2,31.67,135.85,2023-03-10,2023-03-17,Yes,No,Linux,Firefox,Bank Transfer,Spanish,Afternoon,4,Corporate,james.brown34@icloud.com,,0
54603,Robert Moore,robert.moore738@gmail.com,API Service,Bug Report,The payment was deducted from my bank account but the transaction shows failed.,Subscription status corrected and confirmation email sent to customer.,Low,Pending Customer,Email,South America,67,Other,Free,18,7,3,45.33,63.43,2023-01-19,2023-01-21,Yes,No,Windows,Edge,PayPal,English,Evening,1,Individual,robert.moore738@gmail.com,,0
91625,Robert Rodriguez,robert.rodriguez294@yahoo.com,CRM Platform,Data Sync Issue,The payment was deducted from my bank account but the transaction shows failed.,Payment gateway timeout issue fixed and monitoring implemented.,Low,In Progress,Chat,Europe,45,Female,Free,46,1,2,5.63,195.46,2023-04-12,2023-04-24,No,Yes,Linux,Edge,Debit Card,German,Morning,9,Small Business,robert.rodriguez294@yahoo.com,,0
146707,Karen Jones,karen.jones445@yahoo.com,Analytics Dashboard,Refund Request,I am experiencing very slow performance while using the dashboard.,The duplicate charge was reversed and refund processed within 3-5 business days.,Urgent,Pending Customer,Chat,North America,55,Female,Basic,12,17,3,19.67,204.01,2022-12-04,2022-12-18,Yes,Yes,Android,Safari,Crypto,Spanish,Night,9,Corporate,karen.jones445@yahoo.com,,0
117655,Richard Brown,richard.brown220@hotmail.com,API Service,Refund Request,The application crashes whenever I try to upload a file.,We have reset the account credentials and advised the customer to retry login.,Medium,Open,Phone,Asia,66,Male,Premium,17,0,1,56.02,127.47,2024-11-05,2024-11-09,Yes,Yes,Linux,Chrome,Crypto,Japanese,Night,8,Individual,richard.brown220@hotmail.com,,0
80901,John Brown,john.brown621@hotmail.com,Billing System,Feature Request,The application crashes whenever I try to upload a file.,Payment gateway timeout issue fixed and monitoring implemented.,Urgent,In Progress,Email,Australia,31,Male,Free,10,7,5,12.79,30.7,2023-11-10,2023-11-15,Yes,Yes,Android,Unknown,Bank Transfer,Chinese,Evening,8,Corporate,john.brown621@hotmail.com,,0
53010,Barbara Martinez,barbara.martinez304@hotmail.com,Mobile App,Subscription Cancellation,The payment was deducted from my bank account but the transaction shows failed.,Provided step-by-step troubleshooting instructions and issue resolved.,Urgent,Closed,Email,Europe,22,Other,Enterprise,12,11,3,38.52,232.95,2022-05-24,2022-06-03,Yes,Yes,Linux,Firefox,Credit Card,English,Evening,8,Corporate,barbara.martinez304@hotmail.com,,0
157358,Karen Smith,karen.smith356@company.com,Billing System,Bug Report,The payment was deducted from my bank account but the transaction shows failed.,Security settings updated and customer notified of precautionary measures.,Urgent,Open,Web Form,South America,54,Male,Basic,40,10,2,17.01,220.94,2022-12-17,2022-12-30,No,Yes,Android,Safari,Bank Transfer,Japanese,Evening,3,Corporate,karen.smith356@company.com,,0
137358,Karen Miller,karen.miller660@icloud.com,Cloud Storage,Bug Report,The payment was deducted from my bank account but the transaction shows failed.,The duplicate charge was reversed and refund processed within 3-5 business days.,Urgent,Open,Phone,Africa,46,Other,Basic,44,7,2,25.75,110.79,2023-01-10,2023-01-20,No,No,iOS,Firefox,Bank Transfer,French,Afternoon,3,Small Business,karen.miller660@icloud.com,,0
75062,David Martin,david.martin988@yahoo.com,API Service,Bug Report,I am unable to access my account after entering the correct credentials.,Security settings updated and customer notified of precautionary measures.,Urgent,Pending Customer,Chat,Australia,27,Male,Basic,11,11,2,11.56,19.63,2023-05-30,2023-06-12,Yes,No,MacOS,Unknown,Bank Transfer,French,Night,7,Small Business,david.martin988@yahoo.com,,0
129578,Sarah Williams,sarah.williams293@outlook.com,Billing System,Login Issue,I found a bug in the latest update affecting report generation.,Explained billing breakdown and clarified applicable charges.,High,In Progress,Chat,North America,46,Male,Free,39,1,4,38.33,80.79,2023-12-18,2023-12-31,Yes,No,iOS,Chrome,Bank Transfer,English,Morning,4,Small Business,sarah.williams293@outlook.com,2022-09-09,0
85653,Sarah Williams,sarah.williams564@outlook.com,E-commerce Store,Bug Report,Two-factor authentication codes are not being delivered to my phone.,We have reset the account credentials and advised the customer to retry login.,Medium,Open,Social Media,Africa,54,Other,Enterprise,14,7,2,43.1,217.8,2022-12-18,2022-12-23,No,No,Linux,Chrome,Bank Transfer,Chinese,Night,8,Corporate,sarah.williams564@outlook.com,,0
171718,David Moore,david.moore866@hotmail.com,Subscription Service,Payment Problem,The application crashes whenever I try to upload a file.,Security settings updated and customer notified of precautionary measures.,Low,In Progress,Email,Asia,27,Other,Free,44,16,2,34.73,75.85,2024-11-05,2024-11-14,No,No,MacOS,Unknown,PayPal,Spanish,Afternoon,7,Corporate,david.moore866@hotmail.com,,0
35759,Sarah Brown,sarah.brown216@icloud.com,Web Portal,Subscription Cancellation,My subscription was cancelled without my request and I need clarification.,Subscription status corrected and confirmation email sent to customer.,High,Open,Social Media,Africa,27,Other,Basic,34,18,2,25.56,139.81,2022-02-12,2022-02-20,Yes,No,Windows,Unknown,Bank Transfer,Chinese,Afternoon,7,Individual,sarah.brown216@icloud.com,,0
113899,Linda Wilson,linda.wilson138@outlook.com,Web Portal,Performance Issue,The system is not syncing data across devices properly.,Subscription status corrected and confirmation email sent to customer.,Medium,Closed,Phone,Africa,38,Male,Premium,49,14,5,8.8,27.64,2023-05-25,2023-05-28,Yes,Yes,MacOS,Chrome,Bank Transfer,German,Night,3,Small Business,linda.wilson138@outlook.com,,0
90737,Michael Rodriguez,michael.rodriguez28@outlook.com,E-commerce Store,Data Sync Issue,There seems to be a discrepancy in my billing statement for this month.,Payment gateway timeout issue fixed and monitoring implemented.,High,Closed,Social Media,Australia,49,Female,Premium,36,10,5,8.09,92.61,2022-05-25,2022-06-03,No,No,Linux,Chrome,Credit Card,German,Night,8,Corporate,michael.rodriguez28@outlook.com,,0
16930,Sarah Moore,sarah.moore267@outlook.com,E-commerce Store,Data Sync Issue,I am experiencing very slow performance while using the dashboard.,Security settings updated and customer notified of precautionary measures.,Urgent,In Progress,Web Form,Africa,61,Male,Enterprise,40,8,2,4.36,114.5,2024-01-19,2024-01-19,Yes,No,Linux,Edge,Bank Transfer,Chinese,Afternoon,8,Corporate,sarah.moore267@outlook.com,,0
65381,Jessica Jackson,jessica.jackson505@gmail.com,Analytics Dashboard,Payment Problem,I would like to request a refund for the recent charge.,Explained billing breakdown and clarified applicable charges.,Low,Closed,Phone,Europe,33,Male,Free,49,4,3,68.02,97.53,2022-06-22,2022-06-26,Yes,No,Linux,Edge,PayPal,Spanish,Evening,10,Small Business,jessica.jackson505@gmail.com,,0
94856,Elizabeth Rodriguez,elizabeth.rodriguez182@hotmail.com,Payment Gateway,Account Suspension,My subscription was cancelled without my request and I need clarification.,Security settings updated and customer notified of precautionary measures.,High,Pending Customer,Social Media,North America,49,Female,Free,33,20,2,14.32,122.64,2024-08-18,2024-09-01,Yes,Yes,Linux,Edge,PayPal,French,Evening,9,Small Business,elizabeth.rodriguez182@hotmail.com,2022-01-31,0
170724,Joseph Jones,joseph.jones856@company.com,Cloud Storage,Data Sync Issue,I am unable to access my account after entering the correct credentials.,Provided step-by-step troubleshooting instructions and issue resolved.,High,In Progress,Phone,Australia,65,Male,Premium,3,7,2,60.3,51.54,2023-09-23,2023-10-02,No,No,Windows,Safari,Crypto,English,Night,9,Corporate,joseph.jones856@company.com,,0
169639,Patricia Taylor,patricia.taylor366@hotmail.com,E-commerce Store,Feature Request,I am experiencing very slow performance while using the dashboard.,Payment gateway timeout issue fixed and monitoring implemented.,High,Closed,Phone,North America,32,Male,Basic,56,0,3,9.03,128.76,2022-08-17,2022-08-18,No,No,Android,Edge,PayPal,Japanese,Evening,1,Small Business,patricia.taylor366@hotmail.com,,0
146333,James Rodriguez,james.rodriguez318@yahoo.com,Analytics Dashboard,Data Sync Issue,I would like to request a refund for the recent charge.,Explained billing breakdown and clarified applicable charges.,Urgent,Pending Customer,Web Form,North America,63,Other,Basic,53,14,1,65.3,3.77,2023-12-29,2024-01-06,Yes,No,Linux,Unknown,Credit Card,French,Night,2,Small Business,james.rodriguez318@yahoo.com,,0
17055,Susan Miller,susan.miller120@yahoo.com,Subscription Service,Account Suspension,There seems to be a discrepancy in my billing statement for this month.,Data synchronization restored after backend service restart.,High,In Progress,Web Form,Asia,67,Male,Basic,10,8,2,54.45,214.16,2024-08-08,2024-08-18,Yes,Yes,Windows,Edge,Bank Transfer,Japanese,Night,9,Small Business,susan.miller120@yahoo.com,,0
8591,David Lopez,david.lopez770@gmail.com,CRM Platform,Feature Request,The system is not syncing data across devices properly.,Explained billing breakdown and clarified applicable charges.,Urgent,Pending Customer,Web Form,Europe,72,Other,Basic,20,9,3,20.98,71.82,2022-09-26,2022-09-28,No,Yes,Android,Edge,Bank Transfer,English,Night,3,Individual,david.lopez770@gmail.com,2022-01-27,0
27185,Charles Davis,charles.davis601@company.com,Cloud Storage,Security Concern,Two-factor authentication codes are not being delivered to my phone.,Payment gateway timeout issue fixed and monitoring implemented.,Medium,Pending Customer,Social Media,Africa,72,Female,Enterprise,6,19,2,8.53,19.41,2023-02-01,2023-02-03,Yes,No,Android,Edge,Debit Card,Chinese,Morning,2,Individual,charles.davis601@company.com,,0
69878,Mary Davis,mary.davis122@company.com,Analytics Dashboard,Performance Issue,I am experiencing very slow performance while using the dashboard.,The duplicate charge was reversed and refund processed within 3-5 business days.,High,Closed,Phone,South America,26,Female,Enterprise,34,15,3,58.01,154.94,2024-08-14,2024-08-28,Yes,Yes,MacOS,Firefox,PayPal,Spanish,Evening,4,Small Business,mary.davis122@company.com,,0
139303,Patricia Lopez,patricia.lopez383@icloud.com,Web Portal,Account Suspension,I found a bug in the latest update affecting report generation.,Subscription status corrected and confirmation email sent to customer.,Low,In Progress,Phone,North America,22,Female,Free,51,6,3,62.7,207.75,2024-09-16,2024-09-26,No,Yes,Windows,Unknown,Crypto,Chinese,Evening,1,Small Business,patricia.lopez383@icloud.com,,0
180971,Thomas Thomas,thomas.thomas620@yahoo.com,Mobile App,Account Suspension,I am experiencing very slow performance while using the dashboard.,Data synchronization restored after backend service restart.,Medium,Resolved,Social Media,Europe,21,Other,Enterprise,20,8,5,27.32,131.85,2024-04-07,2024-04-21,Yes,Yes,Linux,Chrome,Crypto,French,Evening,9,Small Business,thomas.thomas620@yahoo.com,2022-12-14,0
38544,John Martin,john.martin511@hotmail.com,API Service,Account Suspension,I am unable to access my account after entering the correct credentials.,Subscription status corrected and confirmation email sent to customer.,Medium,In Progress,Social Media,Australia,40,Female,Basic,55,16,4,28.14,115.64,2022-09-16,2022-09-16,Yes,Yes,Windows,Firefox,PayPal,German,Night,5,Individual,john.martin511@hotmail.com,,0
157794,Barbara Gonzalez,barbara.gonzalez643@hotmail.com,Subscription Service,Account Suspension,I am experiencing very slow performance while using the dashboard.,Provided step-by-step troubleshooting instructions and issue resolved.,Urgent,Open,Social Media,Africa,35,Other,Basic,33,5,5,39.82,152.47,2023-11-26,2023-12-07,No,Yes,Android,Safari,Debit Card,Spanish,Night,1,Corporate,barbara.gonzalez643@hotmail.com,,0
51719,Robert Rodriguez,robert.rodriguez482@outlook.com,Payment Gateway,Feature Request,My subscription was cancelled without my request and I need clarification.,Subscription status corrected and confirmation email sent to customer.,High,Pending Customer,Phone,Europe,54,Female,Enterprise,23,13,4,17.22,128.42,2023-04-23,2023-04-28,Yes,No,Android,Edge,Credit Card,Spanish,Evening,9,Individual,robert.rodriguez482@outlook.com,,0
167146,Joseph Miller,joseph.miller758@hotmail.com,CRM Platform,Data Sync Issue,I found a bug in the latest update affecting report generation.,Bug logged internally and workaround shared with the customer.,Low,Closed,Email,Australia,74,Other,Premium,56,15,4,5.68,42.57,2023-12-02,2023-12-13,Yes,No,Windows,Chrome,Bank Transfer,Spanish,Morning,5,Corporate,joseph.miller758@hotmail.com,,0
177484,John Jackson,john.jackson288@hotmail.com,Cloud Storage,Account Suspension,I found a bug in the latest update affecting report generation.,Explained billing breakdown and clarified applicable charges.,High,Resolved,Chat,Europe,57,Male,Enterprise,1,14,1,21.91,100.29,2022-02-01,2022-02-15,No,No,Android,Firefox,Bank Transfer,Japanese,Morning,4,Small Business,john.jackson288@hotmail.com,,0
78011,Robert Williams,robert.williams176@yahoo.com,E-commerce Store,Bug Report,Two-factor authentication codes are not being delivered to my phone.,Provided step-by-step troubleshooting instructions and issue resolved.,High,Pending Customer,Web Form,Asia,68,Female,Free,47,8,1,52.57,173.79,2022-01-01,2022-01-06,Yes,No,Android,Firefox,Credit Card,English,Morning,4,Small Business,robert.williams176@yahoo.com,,0
188179,Mary Jackson,mary.jackson958@yahoo.com,Billing System,Bug Report,I found a bug in the latest update affecting report generation.,The duplicate charge was reversed and refund processed within 3-5 business days.,Medium,Open,Email,Africa,18,Male,Enterprise,33,2,3,52.41,221.47,2024-11-30,2024-12-07,Yes,No,iOS,Edge,Credit Card,Chinese,Afternoon,7,Small Business,mary.jackson958@yahoo.com,,0
39735,Elizabeth Moore,elizabeth.moore566@yahoo.com,API Service,Feature Request,The payment was deducted from my bank account but the transaction shows failed.,The duplicate charge was reversed and refund processed within 3-5 business days.,High,Pending Customer,Email,Europe,37,Other,Premium,21,7,1,59.45,7.5,2024-01-07,2024-01-11,No,No,MacOS,Safari,Bank Transfer,Chinese,Morning,4,Individual,elizabeth.moore566@yahoo.com,,0
74464,Joseph Gonzalez,joseph.gonzalez676@outlook.com,Analytics Dashboard,Account Suspension,My subscription was cancelled without my request and I need clarification.,Provided step-by-step troubleshooting instructions and issue resolved.,Urgent,Open,Phone,Asia,55,Male,Enterprise,19,7,1,27.24,131.47,2024-11-21,2024-12-03,No,No,Android,Unknown,PayPal,French,Afternoon,7,Corporate,joseph.gonzalez676@outlook.com,,0
192062,Thomas Anderson,thomas.anderson835@icloud.com,Cloud Storage,Login Issue,There seems to be a discrepancy in my billing statement for this month.,Subscription status corrected and confirmation email sent to customer.,Urgent,Pending Customer,Web Form,Africa,31,Other,Free,4,4,4,49.59,106.3,2024-12-26,2025-01-07,Yes,No,Windows,Unknown,Debit Card,English,Morning,9,Individual,thomas.anderson835@icloud.com,,0
173159,Thomas Miller,thomas.miller944@yahoo.com,Billing System,Performance Issue,There seems to be a discrepancy in my billing statement for this month.,The issue was escalated to engineering and resolved in the latest patch.,Urgent,Resolved,Web Form,Africa,39,Female,Basic,49,2,2,5.79,187.13,2024-10-22,2024-10-31,No,Yes,Android,Chrome,Crypto,English,Morning,3,Individual,thomas.miller944@yahoo.com,,0
94221,Joseph Jones,joseph.jones406@icloud.com,E-commerce Store,Account Suspension,The application crashes whenever I try to upload a file.,Subscription status corrected and confirmation email sent to customer.,Low,In Progress,Email,Africa,61,Male,Basic,28,10,5,35.93,165.45,2022-05-22,2022-06-05,No,No,Linux,Safari,Credit Card,German,Morning,6,Individual,joseph.jones406@icloud.com,,0
68059,Richard Johnson,richard.johnson333@icloud.com,Subscription Service,Data Sync Issue,I am unable to access my account after entering the correct credentials.,Explained billing breakdown and clarified applicable charges.,High,Resolved,Social Media,Europe,28,Other,Free,41,10,5,38.41,218.6,2024-12-10,2024-12-12,No,Yes,Linux,Edge,Crypto,Spanish,Afternoon,1,Individual,richard.johnson333@icloud.com,,0
166114,Mary Rodriguez,mary.rodriguez188@icloud.com,Mobile App,Refund Request,The application crashes whenever I try to upload a file.,Security settings updated and customer notified of precautionary measures.,Low,Closed,Social Media,North America,58,Female,Basic,4,4,4,71.11,112.63,2023-08-07,2023-08-13,Yes,No,MacOS,Edge,Crypto,Japanese,Morning,5,Small Business,mary.rodriguez188@icloud.com,,0
55091,Sarah Moore,sarah.moore92@outlook.com,Mobile App,Performance Issue,I am experiencing very slow performance while using the dashboard.,Provided step-by-step troubleshooting instructions and issue resolved.,High,Open,Social Media,North America,53,Male,Free,42,17,5,36.01,120.83,2023-10-29,2023-10-30,No,No,Windows,Safari,Crypto,Chinese,Morning,7,Corporate,sarah.moore92@outlook.com,,0
47750,Elizabeth Miller,elizabeth.miller941@gmail.com,Payment Gateway,Bug Report,Two-factor authentication codes are not being delivered to my phone.,Explained billing breakdown and clarified applicable charges.,Medium,In Progress,Phone,Africa,20,Female,Basic,9,13,1,52.06,171.32,2023-07-14,2023-07-24,Yes,Yes,iOS,Chrome,Bank Transfer,French,Afternoon,10,Corporate,elizabeth.miller941@gmail.com,,0
184694,Sarah Taylor,sarah.taylor359@gmail.com,Cloud Storage,Security Concern,I would like to request a refund for the recent charge.,Explained billing breakdown and clarified applicable charges.,Medium,Resolved,Email,Europe,53,Other,Basic,58,1,1,19.01,151.67,2023-07-21,2023-08-03,Yes,Yes,MacOS,Safari,Bank Transfer,Chinese,Night,3,Small Business,sarah.taylor359@gmail.com,,0
185783,Barbara Miller,barbara.miller661@hotmail.com,Mobile App,Subscription Cancellation,The system is not syncing data across devices properly.,Data synchronization restored after backend service restart.,Low,Closed,Social Media,North America,28,Female,Free,27,3,4,69.08,202.65,2024-10-18,2024-10-31,Yes,No,Windows,Unknown,PayPal,Spanish,Night,8,Corporate,barbara.miller661@hotmail.com,,0
179337,David Williams,david.williams58@gmail.com,CRM Platform,Feature Request,The application crashes whenever I try to upload a file.,Bug logged internally and workaround shared with the customer.,Medium,Pending Customer,Web Form,Africa,50,Other,Free,19,14,2,39.44,3.18,2022-11-07,2022-11-20,No,No,MacOS,Chrome,PayPal,English,Morning,2,Corporate,david.williams58@gmail.com,,0
104337,Patricia Rodriguez,patricia.rodriguez717@icloud.com,Web Portal,Performance Issue,I am experiencing very slow performance while using the dashboard.,The duplicate charge was reversed and refund processed within 3-5 business days.,Medium,Closed,Social Media,North America,48,Male,Free,5,1,5,57.03,159.33,2024-05-23,2024-06-02,Yes,No,Linux,Safari,Bank Transfer,Spanish,Evening,2,Small Business,patricia.rodriguez717@icloud.com,,0
28014,Charles Moore,charles.moore615@hotmail.com,Web Portal,Account Suspension,I would like to request a refund for the recent charge.,Subscription status corrected and confirmation email sent to customer.,High,Open,Web Form,North America,25,Female,Enterprise,57,12,5,12.92,6.06,2022-06-17,2022-07-01,Yes,No,Android,Safari,Debit Card,Japanese,Night,2,Individual,charles.moore615@hotmail.com,,0
20806,Robert Martinez,robert.martinez782@company.com,Payment Gateway,Payment Problem,Two-factor authentication codes are not being delivered to my phone.,Explained billing breakdown and clarified applicable charges.,Urgent,Pending Customer,Web Form,Africa,63,Female,Free,26,18,2,54.91,23.36,2022-03-27,2022-04-08,No,No,MacOS,Edge,PayPal,Spanish,Afternoon,7,Small Business,robert.martinez782@company.com,,0
17810,Charles Garcia,charles.garcia835@yahoo.com,E-commerce Store,Refund Request,I found a bug in the latest update affecting report generation.,The duplicate charge was reversed and refund processed within 3-5 business days.,Urgent,In Progress,Chat,South America,62,Female,Premium,3,3,1,59.22,51.27,2023-10-26,2023-10-26,No,No,Linux,Chrome,Debit Card,French,Morning,4,Small Business,charles.garcia835@yahoo.com,2022-12-18,0
27915,David Anderson,david.anderson354@company.com,Billing System,Feature Request,I found a bug in the latest update affecting report generation.,Data synchronization restored after backend service restart.,Urgent,Closed,Chat,North America,32,Female,Premium,8,19,4,32.13,225.22,2023-11-04,2023-11-07,No,Yes,Windows,Firefox,Debit Card,Spanish,Morning,7,Individual,david.anderson354@company.com,,0
98960,Jessica Taylor,jessica.taylor922@gmail.com,CRM Platform,Subscription Cancellation,I would like to request a refund for the recent charge.,Bug logged internally and workaround shared with the customer.,Low,In Progress,Email,South America,57,Male,Enterprise,57,3,5,30.27,75.66,2023-07-10,2023-07-14,No,Yes,iOS,Firefox,PayPal,Chinese,Evening,6,Corporate,jessica.taylor922@gmail.com,,0
116919,Joseph Lopez,joseph.lopez348@hotmail.com,E-commerce Store,Feature Request,The system is not syncing data across devices properly.,Security settings updated and customer notified of precautionary measures.,Urgent,Resolved,Email,Europe,36,Female,Premium,42,10,1,8.77,76.47,2024-03-09,2024-03-10,No,No,Linux,Firefox,PayPal,French,Evening,9,Corporate,joseph.lopez348@hotmail.com,,0
30840,Thomas Jones,thomas.jones450@icloud.com,Billing System,Subscription Cancellation,The system is not syncing data across devices properly.,Security settings updated and customer notified of precautionary measures.,Low,Open,Social Media,North America,53,Female,Basic,25,8,4,4.33,238.62,2023-12-11,2023-12-25,Yes,No,iOS,Safari,Crypto,French,Evening,7,Corporate,thomas.jones450@icloud.com,,0
35697,William Hernandez,william.hernandez994@outlook.com,Billing System,Login Issue,The payment was deducted from my bank account but the transaction shows failed.,Explained billing breakdown and clarified applicable charges.,Urgent,Closed,Chat,Africa,69,Female,Free,52,12,2,36.45,83.41,2024-08-19,2024-08-23,No,Yes,Linux,Edge,PayPal,Chinese,Evening,10,Small Business,william.hernandez994@outlook.com,,0
26296,Sarah Williams,sarah.williams806@gmail.com,Payment Gateway,Login Issue,I found a bug in the latest update affecting report generation.,Data synchronization restored after backend service restart.,Medium,Closed,Phone,Europe,20,Male,Enterprise,51,16,4,63.99,25.41,2024-10-03,2024-10-15,Yes,Yes,Windows,Chrome,Crypto,Japanese,Evening,8,Small Business,sarah.williams806@gmail.com,,0
2901,Joseph Martinez,joseph.martinez321@gmail.com,Web Portal,Account Suspension,I am experiencing very slow performance while using the dashboard.,Payment gateway timeout issue fixed and monitoring implemented.,Urgent,Open,Email,Africa,20,Male,Basic,1,1,2,24.88,32.95,2022-09-10,2022-09-15,No,No,Windows,Edge,Debit Card,Chinese,Night,4,Individual,joseph.martinez321@gmail.com,,0
196273,Sarah Lopez,sarah.lopez477@yahoo.com,Subscription Service,Account Suspension,I would like to request a refund for the recent charge.,Bug logged internally and workaround shared with the customer.,High,Closed,Web Form,Asia,19,Male,Basic,5,14,1,21.37,41.17,2024-12-21,2024-12-24,No,No,Windows,Chrome,PayPal,Chinese,Afternoon,9,Corporate,sarah.lopez477@yahoo.com,,0
115688,Charles Martinez,charles.martinez525@company.com,Analytics Dashboard,Login Issue,I am unable to access my account after entering the correct credentials.,Subscription status corrected and confirmation email sent to customer.,Medium,Resolved,Social Media,Australia,30,Other,Enterprise,37,7,4,66.26,179.04,2024-01-09,2024-01-12,Yes,No,iOS,Edge,Credit Card,German,Afternoon,10,Corporate,charles.martinez525@company.com,2023-09-01,0
7810,Richard Jones,richard.jones29@hotmail.com,Billing System,Data Sync Issue,There seems to be a discrepancy in my billing statement for this month.,The duplicate charge was reversed and refund processed within 3-5 business days.,Urgent,Pending Customer,Social Media,Asia,58,Other,Free,29,0,2,43.02,216.5,2022-07-13,2022-07-26,No,No,iOS,Unknown,PayPal,French,Night,4,Individual,richard.jones29@hotmail.com,,0
18797,Sarah Davis,sarah.davis319@yahoo.com,Mobile App,Data Sync Issue,I am experiencing very slow performance while using the dashboard.,Bug logged internally and workaround shared with the customer.,Urgent,Closed,Email,Africa,23,Other,Free,51,4,1,10.97,146.61,2024-10-03,2024-10-11,Yes,Yes,MacOS,Edge,Debit Card,Japanese,Afternoon,5,Small Business,sarah.davis319@yahoo.com,,0
43976,Barbara Rodriguez,barbara.rodriguez19@gmail.com,Mobile App,Bug Report,I am unable to access my account after entering the correct credentials.,Subscription status corrected and confirmation email sent to customer.,High,Resolved,Phone,Europe,68,Male,Premium,55,15,2,68.81,199.32,2024-06-06,2024-06-11,No,Yes,Linux,Unknown,PayPal,German,Night,10,Small Business,barbara.rodriguez19@gmail.com,,0
180224,Elizabeth Martinez,elizabeth.martinez355@gmail.com,Cloud Storage,Bug Report,I am unable to access my account after entering the correct credentials.,Security settings updated and customer notified of precautionary measures.,Low,In Progress,Social Media,Africa,66,Male,Free,41,11,5,34.25,176.33,2022-04-08,2022-04-19,No,No,MacOS,Firefox,PayPal,French,Afternoon,3,Corporate,elizabeth.martinez355@gmail.com,,0
185617,Jessica Williams,jessica.williams369@hotmail.com,Billing System,Data Sync Issue,I am unable to access my account after entering the correct credentials.,Security settings updated and customer notified of precautionary measures.,Urgent,Open,Chat,Africa,59,Other,Basic,24,11,2,17.7,142.42,2023-01-11,2023-01-11,No,No,MacOS,Unknown,Bank Transfer,German,Afternoon,3,Corporate,jessica.williams369@hotmail.com,,0
34389,Mary Wilson,mary.wilson637@hotmail.com,API Service,Feature Request,I found a bug in the latest update affecting report generation.,Provided step-by-step troubleshooting instructions and issue resolved.,Low,In Progress,Email,Europe,31,Other,Enterprise,3,9,2,0.88,36.4,2024-05-10,2024-05-18,No,No,MacOS,Firefox,PayPal,Chinese,Afternoon,9,Corporate,mary.wilson637@hotmail.com,,0
150636,Barbara Brown,barbara.brown304@hotmail.com,Subscription Service,Account Suspension,The application crashes whenever I try to upload a file.,Data synchronization restored after backend service restart.,High,Resolved,Web Form,Australia,60,Male,Enterprise,42,13,2,66.02,70.12,2023-11-08,2023-11-08,No,No,Android,Unknown,Debit Card,French,Evening,8,Individual,barbara.brown304@hotmail.com,,0
167922,Michael Rodriguez,michael.rodriguez740@gmail.com,Subscription Service,Refund Request,My subscription was cancelled without my request and I need clarification.,Provided step-by-step troubleshooting instructions and issue resolved.,Low,In Progress,Web Form,South America,40,Female,Basic,29,19,1,13.12,168.56,2024-12-24,2025-01-06,Yes,No,MacOS,Safari,Debit Card,English,Morning,2,Small Business,michael.rodriguez740@gmail.com,,0
175881,Robert Taylor,robert.taylor676@yahoo.com,Analytics Dashboard,Account Suspension,My subscription was cancelled without my request and I need clarification.,The duplicate charge was reversed and refund processed within 3-5 business days.,High,Resolved,Email,Europe,38,Male,Free,38,12,1,4.51,206.56,2022-01-26,2022-02-08,No,Yes,MacOS,Firefox,Crypto,Spanish,Evening,7,Corporate,robert.taylor676@yahoo.com,,0
7075,Susan Thomas,susan.thomas212@gmail.com,Web Portal,Login Issue,Two-factor authentication codes are not being delivered to my phone.,Payment gateway timeout issue fixed and monitoring implemented.,Urgent,In Progress,Email,North America,57,Other,Free,39,0,4,18.34,7.81,2022-03-10,2022-03-23,No,No,Linux,Unknown,Crypto,Japanese,Evening,9,Small Business,susan.thomas212@gmail.com,,0
17277,James Miller,james.miller319@company.com,Mobile App,Data Sync Issue,The application crashes whenever I try to upload a file.,Payment gateway timeout issue fixed and monitoring implemented.,Urgent,Open,Web Form,South America,73,Other,Free,49,17,5,67.16,9.95,2022-10-26,2022-10-28,No,No,Windows,Chrome,Credit Card,French,Morning,10,Individual,james.miller319@company.com,,0
84263,Jessica Lopez,jessica.lopez608@gmail.com,E-commerce Store,Refund Request,I found a bug in the latest update affecting report generation.,Explained billing breakdown and clarified applicable charges.,High,Resolved,Phone,Asia,40,Female,Basic,40,7,3,14.89,117.45,2023-11-19,2023-11-24,Yes,Yes,Android,Firefox,PayPal,Chinese,Afternoon,6,Individual,jessica.lopez608@gmail.com,,0
127339,Robert Anderson,robert.anderson311@company.com,CRM Platform,Refund Request,I found a bug in the latest update affecting report generation.,Explained billing breakdown and clarified applicable charges.,High,In Progress,Social Media,North America,63,Female,Premium,16,1,3,22.59,151.51,2022-08-03,2022-08-05,Yes,No,iOS,Edge,Credit Card,Japanese,Evening,1,Corporate,robert.anderson311@company.com,,0
7989,Mary Rodriguez,mary.rodriguez800@hotmail.com,Subscription Service,Login Issue,I am experiencing very slow performance while using the dashboard.,Bug logged internally and workaround shared with the customer.,High,Pending Customer,Chat,Australia,48,Female,Free,25,20,5,45.37,19.0,2022-11-29,2022-12-09,No,Yes,Linux,Firefox,Crypto,German,Afternoon,9,Individual,mary.rodriguez800@hotmail.com,,0
86422,Jennifer Rodriguez,jennifer.rodriguez824@hotmail.com,API Service,Feature Request,The application crashes whenever I try to upload a file.,Explained billing breakdown and clarified applicable charges.,Low,Closed,Phone,Australia,62,Male,Enterprise,11,13,4,30.08,194.29,2022-04-20,2022-05-01,No,Yes,Linux,Unknown,PayPal,French,Evening,5,Small Business,jennifer.rodriguez824@hotmail.com,,0
154343,Robert Jackson,robert.jackson661@yahoo.com,Cloud Storage,Data Sync Issue,The payment was deducted from my bank account but the transaction shows failed.,The duplicate charge was reversed and refund processed within 3-5 business days.,Urgent,Pending Customer,Chat,Africa,69,Other,Basic,11,0,5,2.39,200.66,2022-10-08,2022-10-12,Yes,Yes,Android,Edge,Bank Transfer,English,Evening,8,Corporate,robert.jackson661@yahoo.com,2022-09-12,1
99380,Michael Johnson,michael.johnson407@yahoo.com,E-commerce Store,Performance Issue,The application crashes whenever I try to upload a file.,Bug logged internally and workaround shared with the customer.,Urgent,In Progress,Email,South America,45,Male,Premium,36,6,4,24.14,166.45,2023-04-11,2023-04-13,Yes,No,iOS,Unknown,Crypto,English,Morning,8,Corporate,michael.johnson407@yahoo.com,,0
165553,Sarah Johnson,sarah.johnson65@gmail.com,Web Portal,Performance Issue,I am unable to access my account after entering the correct credentials.,Explained billing breakdown and clarified applicable charges.,Medium,Closed,Social Media,Europe,42,Other,Enterprise,47,10,4,8.78,161.54,2022-07-15,2022-07-21,Yes,No,Linux,Unknown,Bank Transfer,German,Night,6,Corporate,sarah.johnson65@gmail.com,,0
25144,John Wilson,john.wilson844@outlook.com,CRM Platform,Subscription Cancellation,I found a bug in the latest update affecting report generation.,Subscription status corrected and confirmation email sent to customer.,Medium,Pending Customer,Web Form,Asia,75,Female,Basic,8,5,3,6.06,202.04,2023-09-25,2023-10-02,No,No,Windows,Chrome,Credit Card,French,Morning,10,Individual,john.wilson844@outlook.com,,0
45458,David Miller,david.miller856@yahoo.com,API Service,Account Suspension,I am experiencing very slow performance while using the dashboard.,Bug logged internally and workaround shared with the customer.,Medium,In Progress,Web Form,Africa,45,Female,Premium,23,9,1,18.15,237.63,2023-08-11,2023-08-17,Yes,No,Android,Chrome,Crypto,Japanese,Afternoon,1,Corporate,david.miller856@yahoo.com,,0
133108,Richard Jackson,richard.jackson360@gmail.com,CRM Platform,Refund Request,I would like to request a refund for the recent charge.,The duplicate charge was reversed and refund processed within 3-5 business days.,Medium,Pending Customer,Chat,North America,38,Other,Enterprise,34,7,3,52.24,200.73,2022-01-01,2022-01-07,No,Yes,MacOS,Firefox,PayPal,German,Evening,8,Small Business,richard.jackson360@gmail.com,,0
20383,William Brown,william.brown211@outlook.com,E-commerce Store,Account Suspension,The application crashes whenever I try to upload a file.,Bug logged internally and workaround shared with the customer.,Medium,Pending Customer,Social Media,North America,46,Male,Free,23,14,2,47.51,38.83,2023-04-05,2023-04-11,No,Yes,Windows,Safari,PayPal,French,Morning,4,Small Business,william.brown211@outlook.com,,0
76381,Mary Anderson,mary.anderson535@yahoo.com,Mobile App,Security Concern,The application crashes whenever I try to upload a file.,Explained billing breakdown and clarified applicable charges.,Medium,In Progress,Web Form,Africa,47,Other,Premium,31,1,1,55.42,77.62,2023-07-12,2023-07-25,No,No,Linux,Firefox,Debit Card,German,Evening,3,Small Business,mary.anderson535@yahoo.com,,0
130155,David Davis,david.davis23@icloud.com,Cloud Storage,Login Issue,The system is not syncing data across devices properly.,The issue was escalated to engineering and resolved in the latest patch.,Medium,Resolved,Chat,Africa,27,Other,Basic,25,0,4,8.17,29.55,2024-12-22,2025-01-02,No,Yes,Android,Firefox,Bank Transfer,English,Evening,6,Small Business,david.davis23@icloud.com,,0
10361,Jennifer Miller,jennifer.miller136@yahoo.com,Subscription Service,Payment Problem,The application crashes whenever I try to upload a file.,Provided step-by-step troubleshooting instructions and issue resolved.,High,Open,Web Form,North America,61,Male,Premium,40,1,2,39.11,224.39,2022-08-25,2022-09-05,Yes,Yes,iOS,Firefox,Debit Card,German,Morning,2,Corporate,jennifer.miller136@yahoo.com,,0
59902,Michael Davis,michael.davis250@hotmail.com,API Service,Bug Report,I am experiencing very slow performance while using the dashboard.,Bug logged internally and workaround shared with the customer.,Medium,Pending Customer,Phone,Australia,52,Other,Free,19,14,4,27.03,122.39,2022-12-09,2022-12-21,Yes,Yes,Windows,Firefox,PayPal,English,Night,3,Small Business,michael.davis250@hotmail.com,,0
143410,Patricia Martinez,patricia.martinez720@outlook.com,Web Portal,Security Concern,The application crashes whenever I try to upload a file.,Data synchronization restored after backend service restart.,High,Resolved,Chat,Europe,19,Female,Basic,3,1,5,50.26,183.34,2023-08-23,2023-09-03,No,Yes,Windows,Firefox,Crypto,German,Night,10,Small Business,patricia.martinez720@outlook.com,,0
52759,Mary Davis,mary.davis928@company.com,CRM Platform,Bug Report,The payment was deducted from my bank account but the transaction shows failed.,The duplicate charge was reversed and refund processed within 3-5 business days.,Medium,Closed,Phone,North America,30,Other,Free,20,5,2,32.96,187.45,2022-04-16,2022-04-30,No,Yes,MacOS,Chrome,Credit Card,French,Afternoon,3,Corporate,mary.davis928@company.com,,0
99916,William Garcia,william.garcia29@icloud.com,Subscription Service,Bug Report,I am experiencing very slow performance while using the dashboard.,Payment gateway timeout issue fixed and monitoring implemented.,Low,In Progress,Social Media,North America,35,Male,Premium,34,6,2,61.77,154.58,2022-05-04,2022-05-17,No,No,Android,Unknown,Bank Transfer,Japanese,Night,3,Individual,william.garcia29@icloud.com,,0
24974,Elizabeth Gonzalez,elizabeth.gonzalez170@gmail.com,Analytics Dashboard,Feature Request,I found a bug in the latest update affecting report generation.,Payment gateway timeout issue fixed and monitoring implemented.,Low,Pending Customer,Chat,Asia,23,Female,Free,47,9,3,36.66,156.07,2022-04-22,2022-04-27,No,No,Linux,Chrome,Bank Transfer,German,Morning,3,Small Business,elizabeth.gonzalez170@gmail.com,,0
158301,Thomas Moore,thomas.moore389@outlook.com,Mobile App,Feature Request,The system is not syncing data across devices properly.,The duplicate charge was reversed and refund processed within 3-5 business days.,Urgent,Open,Social Media,South America,26,Other,Basic,47,5,1,40.45,75.07,2023-04-04,2023-04-04,No,No,MacOS,Firefox,PayPal,French,Evening,2,Individual,thomas.moore389@outlook.com,,0
39184,David Johnson,david.johnson233@yahoo.com,Cloud Storage,Security Concern,Two-factor authentication codes are not being delivered to my phone.,Security settings updated and customer notified of precautionary measures.,Low,In Progress,Phone,South America,37,Other,Enterprise,30,15,2,47.73,47.58,2024-11-23,2024-11-25,No,No,Android,Edge,Bank Transfer,German,Morning,4,Corporate,david.johnson233@yahoo.com,,0
104333,Barbara Taylor,barbara.taylor61@outlook.com,CRM Platform,Data Sync Issue,The application crashes whenever I try to upload a file.,Explained billing breakdown and clarified applicable charges.,Urgent,Closed,Web Form,South America,24,Other,Premium,24,16,1,54.02,6.78,2022-05-01,2022-05-05,Yes,No,Linux,Chrome,Credit Card,Chinese,Morning,9,Corporate,barbara.taylor61@outlook.com,,0
94598,Patricia Rodriguez,patricia.rodriguez998@outlook.com,CRM Platform,Login Issue,I am unable to access my account after entering the correct credentials.,The issue was escalated to engineering and resolved in the latest patch.,High,Resolved,Social Media,Australia,50,Male,Basic,33,3,5,32.57,152.62,2022-04-08,2022-04-18,Yes,Yes,Windows,Safari,Crypto,Spanish,Night,2,Corporate,patricia.rodriguez998@outlook.com,,0
5273,Charles Brown,charles.brown838@icloud.com,Mobile App,Refund Request,My subscription was cancelled without my request and I need clarification.,Data synchronization restored after backend service restart.,High,Pending Customer,Email,Asia,65,Male,Enterprise,32,11,1,65.84,233.22,2024-04-06,2024-04-18,Yes,No,Windows,Unknown,Credit Card,Chinese,Evening,8,Small Business,charles.brown838@icloud.com,,0
169174,Elizabeth Rodriguez,elizabeth.rodriguez226@gmail.com,Cloud Storage,Data Sync Issue,The system is not syncing data across devices properly.,The duplicate charge was reversed and refund processed within 3-5 business days.,Medium,Open,Email,North America,53,Female,Enterprise,2,12,4,16.7,70.82,2023-08-03,2023-08-14,Yes,Yes,Android,Unknown,Bank Transfer,Chinese,Afternoon,9,Corporate,elizabeth.rodriguez226@gmail.com,,0
137499,Sarah Gonzalez,sarah.gonzalez683@icloud.com,E-commerce Store,Performance Issue,The system is not syncing data across devices properly.,Bug logged internally and workaround shared with the customer.,Low,Closed,Chat,Asia,62,Other,Free,54,20,5,38.32,163.31,2023-02-12,2023-02-21,Yes,No,Windows,Firefox,Debit Card,English,Morning,3,Corporate,sarah.gonzalez683@icloud.com,,0
69369,Patricia Martin,patricia.martin364@outlook.com,Subscription Service,Bug Report,I found a bug in the latest update affecting report generation.,The duplicate charge was reversed and refund processed within 3-5 business days.,High,In Progress,Social Media,Australia,42,Female,Enterprise,38,9,5,55.12,54.06,2024-10-19,2024-11-01,No,Yes,Windows,Safari,Debit Card,Chinese,Night,9,Individual,patricia.martin364@outlook.com,,0
46050,Patricia Garcia,patricia.garcia54@company.com,Billing System,Account Suspension,I would like to request a refund for the recent charge.,Provided step-by-step troubleshooting instructions and issue resolved.,Low,Closed,Web Form,Australia,60,Female,Enterprise,9,18,3,1.51,118.2,2024-04-01,2024-04-14,No,Yes,Linux,Unknown,PayPal,German,Night,2,Corporate,patricia.garcia54@company.com,,0
102578,Jennifer Taylor,jennifer.taylor684@yahoo.com,CRM Platform,Security Concern,I found a bug in the latest update affecting report generation.,We have reset the account credentials and advised the customer to retry login.,High,Pending Customer,Social Media,Australia,64,Other,Enterprise,10,19,1,63.01,31.31,2023-12-09,2023-12-10,Yes,No,MacOS,Chrome,Credit Card,French,Night,2,Small Business,jennifer.taylor684@yahoo.com,,0
34748,Mary Johnson,mary.johnson763@outlook.com,Web Portal,Performance Issue,Two-factor authentication codes are not being delivered to my phone.,We have reset the account credentials and advised the customer to retry login.,Low,Resolved,Phone,Asia,41,Female,Enterprise,28,10,5,45.41,14.95,2023-01-31,2023-02-03,Yes,Yes,Linux,Firefox,Crypto,German,Evening,6,Individual,mary.johnson763@outlook.com,2022-05-22,0
121859,Linda Taylor,linda.taylor545@hotmail.com,Subscription Service,Performance Issue,I would like to request a refund for the recent charge.,The duplicate charge was reversed and refund processed within 3-5 business days.,Low,Pending Customer,Email,Australia,24,Other,Enterprise,26,1,3,23.78,46.0,2024-06-28,2024-07-05,No,No,Linux,Unknown,PayPal,Japanese,Afternoon,3,Small Business,linda.taylor545@hotmail.com,,0
107598,Joseph Taylor,joseph.taylor152@outlook.com,Web Portal,Refund Request,I am experiencing very slow performance while using the dashboard.,Data synchronization restored after backend service restart.,High,Open,Chat,Australia,50,Male,Premium,6,6,5,37.84,185.25,2023-01-21,2023-01-30,Yes,No,Android,Firefox,Credit Card,Japanese,Afternoon,3,Individual,joseph.taylor152@outlook.com,,0
139695,Joseph Moore,joseph.moore647@company.com,Subscription Service,Data Sync Issue,I am experiencing very slow performance while using the dashboard.,Bug logged internally and workaround shared with the customer.,Low,Open,Chat,Asia,24,Other,Enterprise,2,18,1,28.57,48.47,2024-06-03,2024-06-17,Yes,Yes,Linux,Chrome,PayPal,Spanish,Evening,3,Corporate,joseph.moore647@company.com,,0
169224,James Lopez,james.lopez514@gmail.com,Payment Gateway,Performance Issue,The system is not syncing data across devices properly.,Subscription status corrected and confirmation email sent to customer.,High,Open,Web Form,Africa,40,Other,Free,39,11,4,11.67,93.04,2023-05-12,2023-05-21,Yes,Yes,iOS,Edge,Bank Transfer,Japanese,Evening,7,Small Business,james.lopez514@gmail.com,,0
179141,Richard Moore,richard.moore600@hotmail.com,Payment Gateway,Performance Issue,I would like to request a refund for the recent charge.,Payment gateway timeout issue fixed and monitoring implemented.,Medium,Resolved,Social Media,Europe,18,Female,Basic,16,11,3,61.71,63.1,2024-07-18,2024-07-26,Yes,Yes,iOS,Edge,PayPal,French,Afternoon,6,Corporate,richard.moore600@hotmail.com,,0
75091,Sarah Davis,sarah.davis693@company.com,CRM Platform,Security Concern,The application crashes whenever I try to upload a file.,Explained billing breakdown and clarified applicable charges.,Urgent,Closed,Email,North America,40,Female,Free,29,20,4,56.23,180.41,2023-03-30,2023-04-08,No,No,Windows,Chrome,Crypto,Spanish,Morning,7,Corporate,sarah.davis693@company.com,,0
151910,Patricia Wilson,patricia.wilson583@yahoo.com,Web Portal,Payment Problem,I am experiencing very slow performance while using the dashboard.,The issue was escalated to engineering and resolved in the latest patch.,High,Closed,Web Form,Australia,33,Other,Enterprise,49,11,2,9.67,10.29,2022-02-21,2022-02-23,No,No,Android,Firefox,Credit Card,French,Afternoon,8,Corporate,patricia.wilson583@yahoo.com,,0
182142,Sarah Rodriguez,sarah.rodriguez299@icloud.com,API Service,Feature Request,The payment was deducted from my bank account but the transaction shows failed.,Provided step-by-step troubleshooting instructions and issue resolved.,Medium,Resolved,Email,North America,51,Other,Basic,27,10,4,63.47,35.92,2024-08-13,2024-08-27,No,Yes,MacOS,Edge,PayPal,Chinese,Night,7,Individual,sarah.rodriguez299@icloud.com,,0
142942,Jessica Taylor,jessica.taylor307@company.com,Payment Gateway,Subscription Cancellation,The system is not syncing data across devices properly.,Payment gateway timeout issue fixed and monitoring implemented.,High,Pending Customer,Email,North America,67,Other,Basic,25,1,3,40.61,101.39,2022-10-13,2022-10-24,Yes,No,MacOS,Safari,Debit Card,French,Evening,6,Corporate,jessica.taylor307@company.com,,0
190583,Jessica Martin,jessica.martin510@company.com,Analytics Dashboard,Subscription Cancellation,The payment was deducted from my bank account but the transaction shows failed.,The issue was escalated to engineering and resolved in the latest patch.,Medium,Closed,Social Media,North America,23,Other,Enterprise,56,1,3,17.03,219.28,2024-08-18,2024-08-29,No,Yes,Android,Unknown,PayPal,Spanish,Night,2,Corporate,jessica.martin510@company.com,,0
117475,Linda Thomas,linda.thomas784@yahoo.com,Cloud Storage,Login Issue,The payment was deducted from my bank account but the transaction shows failed.,The issue was escalated to engineering and resolved in the latest patch.,Urgent,Open,Social Media,Australia,18,Female,Enterprise,6,7,2,42.24,91.29,2022-11-23,2022-11-27,Yes,Yes,Linux,Chrome,Debit Card,Chinese,Morning,2,Small Business,linda.thomas784@yahoo.com,,0
194960,Patricia Wilson,patricia.wilson304@yahoo.com,API Service,Login Issue,The system is not syncing data across devices properly.,Provided step-by-step troubleshooting instructions and issue resolved.,Medium,In Progress,Web Form,North America,53,Other,Premium,33,15,1,29.27,185.35,2024-07-01,2024-07-14,No,Yes,Windows,Chrome,Crypto,German,Night,6,Corporate,patricia.wilson304@yahoo.com,,0
121063,James Jones,james.jones984@icloud.com,Web Portal,Performance Issue,The application crashes whenever I try to upload a file.,The duplicate charge was reversed and refund processed within 3-5 business days.,Urgent,Resolved,Social Media,Europe,66,Male,Enterprise,46,10,2,13.57,163.17,2023-04-09,2023-04-11,No,No,MacOS,Safari,Credit Card,Chinese,Evening,4,Small Business,james.jones984@icloud.com,,0
180641,Jennifer Moore,jennifer.moore237@hotmail.com,API Service,Refund Request,I would like to request a refund for the recent charge.,Payment gateway timeout issue fixed and monitoring implemented.,Medium,Pending Customer,Phone,Asia,34,Female,Enterprise,4,19,4,51.45,52.63,2023-04-15,2023-04-23,Yes,No,MacOS,Unknown,Bank Transfer,English,Afternoon,2,Small Business,jennifer.moore237@hotmail.com,,0
160768,Patricia Rodriguez,patricia.rodriguez480@icloud.com,Mobile App,Performance Issue,I found a bug in the latest update affecting report generation.,Provided step-by-step troubleshooting instructions and issue resolved.,Medium,In Progress,Chat,Africa,18,Other,Premium,52,12,5,4.65,127.19,2024-05-01,2024-05-10,Yes,Yes,Android,Unknown,Bank Transfer,German,Night,1,Small Business,patricia.rodriguez480@icloud.com,2023-01-12,0
10567,Jessica Martinez,jessica.martinez283@icloud.com,Mobile App,Account Suspension,I am experiencing very slow performance while using the dashboard.,Security settings updated and customer notified of precautionary measures.,Low,Closed,Web Form,North America,60,Male,Basic,40,18,2,31.94,90.05,2023-04-24,2023-05-08,Yes,Yes,MacOS,Safari,PayPal,English,Afternoon,5,Small Business,jessica.martinez283@icloud.com,,0
69588,Sarah Taylor,sarah.taylor476@company.com,Billing System,Data Sync Issue,The application crashes whenever I try to upload a file.,Provided step-by-step troubleshooting instructions and issue resolved.,High,Closed,Web Form,South America,22,Female,Free,36,19,1,67.67,226.66,2022-02-14,2022-02-18,Yes,Yes,Windows,Chrome,Debit Card,Chinese,Afternoon,5,Small Business,sarah.taylor476@company.com,,0
188058,James Anderson,james.anderson43@hotmail.com,Web Portal,Bug Report,I would like to request a refund for the recent charge.,Bug logged internally and workaround shared with the customer.,Urgent,Open,Chat,South America,46,Female,Premium,4,13,2,54.4,144.36,2024-06-11,2024-06-19,No,Yes,MacOS,Chrome,Debit Card,French,Night,3,Small Business,james.anderson43@hotmail.com,,0
25148,Sarah Taylor,sarah.taylor99@outlook.com,Payment Gateway,Performance Issue,The payment was deducted from my bank account but the transaction shows failed.,Subscription status corrected and confirmation email sent to customer.,Medium,Open,Email,North America,30,Other,Basic,55,13,4,41.64,76.97,2023-08-22,2023-09-01,No,Yes,Linux,Edge,Bank Transfer,Spanish,Night,6,Individual,sarah.taylor99@outlook.com,,0
159415,James Davis,james.davis658@outlook.com,API Service,Feature Request,The application crashes whenever I try to upload a file.,Subscription status corrected and confirmation email sent to customer.,Low,Closed,Social Media,South America,46,Other,Basic,54,15,4,57.09,218.73,2024-03-13,2024-03-18,Yes,No,MacOS,Unknown,Bank Transfer,German,Morning,7,Small Business,james.davis658@outlook.com,,0
165178,Michael Smith,michael.smith498@hotmail.com,E-commerce Store,Refund Request,I found a bug in the latest update affecting report generation.,Subscription status corrected and confirmation email sent to customer.,Urgent,In Progress,Chat,South America,23,Other,Enterprise,33,14,2,17.86,228.5,2024-01-14,2024-01-17,Yes,Yes,Linux,Firefox,Credit Card,Chinese,Evening,5,Small Business,michael.smith498@hotmail.com,,0
132028,Jennifer Thomas,jennifer.thomas274@yahoo.com,Cloud Storage,Data Sync Issue,My subscription was cancelled without my request and I need clarification.,Security settings updated and customer notified of precautionary measures.,Urgent,Resolved,Web Form,North America,59,Female,Premium,27,17,1,59.68,96.78,2024-09-07,2024-09-15,No,Yes,MacOS,Edge,PayPal,Spanish,Night,10,Small Business,jennifer.thomas274@yahoo.com,,0
199438,Susan Anderson,susan.anderson310@icloud.com,Web Portal,Security Concern,I am unable to access my account after entering the correct credentials.,Data synchronization restored after backend service restart.,Urgent,Open,Chat,South America,58,Other,Premium,34,15,1,71.74,213.58,2024-07-04,2024-07-04,No,No,Windows,Safari,Crypto,Spanish,Morning,3,Corporate,susan.anderson310@icloud.com,,0
151427,William Thomas,william.thomas33@hotmail.com,Cloud Storage,Account Suspension,I found a bug in the latest update affecting report generation.,We have reset the account credentials and advised the customer to retry login.,Urgent,In Progress,Email,North America,72,Female,Free,55,11,2,7.87,19.65,2024-01-20,2024-01-23,No,Yes,iOS,Firefox,Crypto,Spanish,Afternoon,4,Small Business,william.thomas33@hotmail.com,,0
26048,David Garcia,david.garcia153@outlook.com,Web Portal,Subscription Cancellation,I am unable to access my account after entering the correct credentials.,Security settings updated and customer notified of precautionary measures.,Urgent,In Progress,Chat,Asia,73,Female,Basic,33,0,5,54.61,143.49,2022-02-03,2022-02-16,No,No,Windows,Firefox,Credit Card,German,Morning,10,Individual,david.garcia153@outlook.com,,0
160834,Elizabeth Hernandez,elizabeth.hernandez261@icloud.com,CRM Platform,Subscription Cancellation,The payment was deducted from my bank account but the transaction shows failed.,We have reset the account credentials and advised the customer to retry login.,Low,Pending Customer,Social Media,Africa,41,Male,Premium,1,0,4,12.04,206.59,2023-01-16,2023-01-25,No,Yes,iOS,Firefox,Crypto,Chinese,Evening,1,Individual,elizabeth.hernandez261@icloud.com,,0
114299,Michael Rodriguez,michael.rodriguez498@company.com,E-commerce Store,Account Suspension,My subscription was cancelled without my request and I need clarification.,The duplicate charge was reversed and refund processed within 3-5 business days.,Urgent,Open,Chat,Europe,48,Male,Basic,59,9,5,59.4,20.31,2023-04-03,2023-04-14,Yes,Yes,Windows,Unknown,Debit Card,English,Afternoon,6,Corporate,michael.rodriguez498@company.com,,0
77178,Robert Lopez,robert.lopez184@icloud.com,CRM Platform,Feature Request,My subscription was cancelled without my request and I need clarification.,Security settings updated and customer notified of precautionary measures.,Medium,Resolved,Email,Australia,36,Other,Premium,16,15,3,2.45,106.5,2022-02-14,2022-02-28,Yes,No,MacOS,Edge,Bank Transfer,German,Night,9,Corporate,robert.lopez184@icloud.com,,0
72656,Sarah Lopez,sarah.lopez698@icloud.com,CRM Platform,Performance Issue,The system is not syncing data across devices properly.,The issue was escalated to engineering and resolved in the latest patch.,Urgent,Resolved,Web Form,Africa,37,Male,Basic,6,11,1,16.45,212.61,2024-12-04,2024-12-10,Yes,Yes,Android,Unknown,PayPal,Chinese,Afternoon,8,Individual,sarah.lopez698@icloud.com,,0
42633,Charles Anderson,charles.anderson432@icloud.com,Billing System,Login Issue,Two-factor authentication codes are not being delivered to my phone.,The duplicate charge was reversed and refund processed within 3-5 business days.,High,Pending Customer,Chat,Australia,45,Female,Basic,47,12,3,54.29,221.44,2024-11-13,2024-11-24,No,Yes,Windows,Safari,Debit Card,Spanish,Evening,6,Individual,charles.anderson432@icloud.com,,0
175497,Jennifer Jones,jennifer.jones63@yahoo.com,Billing System,Security Concern,The payment was deducted from my bank account but the transaction shows failed.,Provided step-by-step troubleshooting instructions and issue resolved.,Urgent,Pending Customer,Phone,Europe,61,Male,Free,11,7,3,23.5,133.11,2023-09-02,2023-09-12,Yes,Yes,Linux,Safari,Debit Card,Japanese,Evening,8,Individual,jennifer.jones63@yahoo.com,,0
26289,Mary Smith,mary.smith920@company.com,API Service,Data Sync Issue,Two-factor authentication codes are not being delivered to my phone.,Bug logged internally and workaround shared with the customer.,High,In Progress,Phone,North America,68,Female,Basic,36,13,2,42.94,83.67,2024-08-03,2024-08-08,No,Yes,MacOS,Safari,Credit Card,Spanish,Afternoon,8,Individual,mary.smith920@company.com,,0
6911,Linda Brown,linda.brown488@hotmail.com,Subscription Service,Bug Report,There seems to be a discrepancy in my billing statement for this month.,Explained billing breakdown and clarified applicable charges.,Medium,In Progress,Web Form,South America,63,Other,Premium,40,14,3,37.23,125.15,2023-07-11,2023-07-18,Yes,Yes,MacOS,Safari,Bank Transfer,German,Night,9,Small Business,linda.brown488@hotmail.com,,0
16746,Jessica Smith,jessica.smith217@outlook.com,CRM Platform,Security Concern,I am experiencing very slow performance while using the dashboard.,Data synchronization restored after backend service restart.,Medium,In Progress,Chat,North America,68,Male,Premium,4,15,3,16.65,141.07,2024-12-09,2024-12-12,No,Yes,Linux,Safari,Debit Card,English,Afternoon,6,Corporate,jessica.smith217@outlook.com,,0
138902,Robert Hernandez,robert.hernandez128@yahoo.com,Billing System,Login Issue,My subscription was cancelled without my request and I need clarification.,Explained billing breakdown and clarified applicable charges.,High,In Progress,Social Media,Europe,50,Male,Premium,17,10,1,44.49,133.89,2023-11-06,2023-11-11,Yes,Yes,MacOS,Chrome,Bank Transfer,French,Morning,5,Individual,robert.hernandez128@yahoo.com,,0
30882,Charles Brown,charles.brown795@hotmail.com,Subscription Service,Performance Issue,I would like to request a refund for the recent charge.,Provided step-by-step troubleshooting instructions and issue resolved.,High,Resolved,Social Media,Asia,54,Male,Basic,56,14,5,44.87,150.37,2023-11-27,2023-12-10,Yes,No,Android,Firefox,Bank Transfer,German,Afternoon,9,Small Business,charles.brown795@hotmail.com,,0
15378,Patricia Johnson,patricia.johnson143@hotmail.com,Web Portal,Performance Issue,The payment was deducted from my bank account but the transaction shows failed.,Explained billing breakdown and clarified applicable charges.,High,Resolved,Social Media,North America,49,Female,Free,45,7,5,20.62,173.55,2022-09-06,2022-09-20,Yes,No,iOS,Chrome,Bank Transfer,Chinese,Afternoon,7,Individual,patricia.johnson143@hotmail.com,,0
13995,Elizabeth Jackson,elizabeth.jackson898@company.com,Analytics Dashboard,Feature Request,I found a bug in the latest update affecting report generation.,The issue was escalated to engineering and resolved in the latest patch.,Medium,In Progress,Chat,South America,26,Male,Premium,39,0,1,65.86,171.03,2023-06-10,2023-06-23,Yes,Yes,Windows,Unknown,PayPal,German,Night,1,Corporate,elizabeth.jackson898@company.com,,0
170617,Mary Johnson,mary.johnson630@icloud.com,Web Portal,Account Suspension,I found a bug in the latest update affecting report generation.,Subscription status corrected and confirmation email sent to customer.,Low,Open,Social Media,North America,68,Female,Enterprise,19,14,1,59.01,153.79,2022-08-27,2022-09-03,Yes,Yes,MacOS,Unknown,PayPal,Chinese,Morning,4,Individual,mary.johnson630@icloud.com,,0
110000,David Miller,david.miller448@icloud.com,Billing System,Subscription Cancellation,I am experiencing very slow performance while using the dashboard.,Explained billing breakdown and clarified applicable charges.,Low,Pending Customer,Chat,Europe,67,Female,Premium,41,15,3,25.8,62.73,2022-02-19,2022-03-05,No,Yes,Linux,Safari,Credit Card,Japanese,Night,8,Individual,david.miller448@icloud.com,,0
38103,Michael Williams,michael.williams969@company.com,CRM Platform,Login Issue,The payment was deducted from my bank account but the transaction shows failed.,We have reset the account credentials and advised the customer to retry login.,High,In Progress,Social Media,Europe,64,Other,Enterprise,16,2,2,52.31,7.79,2022-08-17,2022-08-29,No,No,iOS,Chrome,Debit Card,Spanish,Night,5,Individual,michael.williams969@company.com,,0
72054,Karen Martin,karen.martin557@company.com,CRM Platform,Performance Issue,The application crashes whenever I try to upload a file.,The duplicate charge was reversed and refund processed within 3-5 business days.,Medium,Open,Phone,Europe,58,Male,Premium,28,3,1,71.19,137.27,2024-05-20,2024-05-26,No,Yes,Android,Chrome,Bank Transfer,Chinese,Evening,10,Individual,karen.martin557@company.com,,0
53091,Jennifer Wilson,jennifer.wilson754@outlook.com,Payment Gateway,Security Concern,I am unable to access my account after entering the correct credentials.,Subscription status corrected and confirmation email sent to customer.,Medium,Resolved,Chat,Europe,46,Male,Enterprise,53,18,4,71.9,91.5,2023-10-01,2023-10-07,Yes,No,Android,Unknown,Credit Card,German,Night,2,Small Business,jennifer.wilson754@outlook.com,,0
99915,Jennifer Taylor,jennifer.taylor956@hotmail.com,E-commerce Store,Data Sync Issue,The system is not syncing data across devices properly.,Provided step-by-step troubleshooting instructions and issue resolved.,Urgent,Open,Phone,Africa,22,Female,Enterprise,8,16,5,27.12,178.95,2024-12-16,2024-12-16,Yes,Yes,Android,Safari,PayPal,English,Morning,1,Corporate,jennifer.taylor956@hotmail.com,,0
75421,Patricia Thomas,patricia.thomas731@gmail.com,Billing System,Feature Request,I found a bug in the latest update affecting report generation.,We have reset the account credentials and advised the customer to retry login.,Low,Pending Customer,Social Media,North America,22,Female,Free,6,14,3,47.78,59.61,2024-01-06,2024-01-07,No,Yes,Android,Chrome,Bank Transfer,Chinese,Afternoon,2,Small Business,patricia.thomas731@gmail.com,,0
100254,Richard Williams,richard.williams392@gmail.com,Subscription Service,Bug Report,Two-factor authentication codes are not being delivered to my phone.,Subscription status corrected and confirmation email sent to customer.,Low,In Progress,Phone,South America,36,Other,Premium,5,8,5,24.48,186.35,2024-11-27,2024-11-30,No,Yes,MacOS,Unknown,Credit Card,Japanese,Morning,3,Small Business,richard.williams392@gmail.com,,0
34308,Jessica Martin,jessica.martin910@hotmail.com,Mobile App,Bug Report,My subscription was cancelled without my request and I need clarification.,Provided step-by-step troubleshooting instructions and issue resolved.,Low,Open,Social Media,South America,24,Female,Free,24,12,5,53.36,115.3,2024-04-18,2024-04-21,Yes,Yes,Linux,Edge,Debit Card,Spanish,Morning,6,Individual,jessica.martin910@hotmail.com,2023-06-01,0
123243,Joseph Jones,joseph.jones522@yahoo.com,CRM Platform,Login Issue,The payment was deducted from my bank account but the transaction shows failed.,Bug logged internally and workaround shared with the customer.,Medium,Resolved,Web Form,Africa,74,Other,Enterprise,15,5,2,27.01,73.95,2024-07-14,2024-07-17,Yes,No,Windows,Firefox,Debit Card,Chinese,Night,3,Small Business,joseph.jones522@yahoo.com,2023-03-27,0
134158,Elizabeth Wilson,elizabeth.wilson246@company.com,CRM Platform,Performance Issue,My subscription was cancelled without my request and I need clarification.,The issue was escalated to engineering and resolved in the latest patch.,Urgent,Closed,Phone,South America,54,Other,Basic,27,7,2,45.19,126.88,2024-12-07,2024-12-13,No,Yes,MacOS,Chrome,Debit Card,French,Night,6,Small Business,elizabeth.wilson246@company.com,,0
93420,Charles Gonzalez,charles.gonzalez650@outlook.com,Billing System,Subscription Cancellation,The payment was deducted from my bank account but the transaction shows failed.,We have reset the account credentials and advised the customer to retry login.,Medium,Resolved,Social Media,South America,23,Other,Free,3,15,3,1.96,227.61,2022-12-16,2022-12-18,Yes,Yes,Linux,Chrome,Crypto,Chinese,Night,3,Corporate,charles.gonzalez650@outlook.com,,0
50594,William Martinez,william.martinez537@outlook.com,Analytics Dashboard,Feature Request,I am experiencing very slow performance while using the dashboard.,The duplicate charge was reversed and refund processed within 3-5 business days.,Medium,In Progress,Email,Asia,57,Other,Enterprise,47,12,4,28.84,212.23,2022-03-13,2022-03-18,No,Yes,Windows,Edge,Crypto,German,Evening,10,Corporate,william.martinez537@outlook.com,,0
112301,Michael Jackson,michael.jackson848@yahoo.com,CRM Platform,Security Concern,I am experiencing very slow performance while using the dashboard.,Security settings updated and customer notified of precautionary measures.,Low,Resolved,Phone,Australia,73,Other,Free,8,16,1,26.03,180.77,2022-03-19,2022-03-28,No,Yes,MacOS,Edge,Crypto,Spanish,Evening,3,Corporate,michael.jackson848@yahoo.com,,0
135000,Mary Jackson,mary.jackson115@outlook.com,E-commerce Store,Data Sync Issue,The system is not syncing data across devices properly.,Security settings updated and customer notified of precautionary measures.,High,Open,Social Media,North America,43,Male,Premium,38,6,2,67.82,173.72,2023-06-07,2023-06-08,No,No,iOS,Unknown,PayPal,Chinese,Morning,1,Small Business,mary.jackson115@outlook.com,,0
49530,Jennifer Garcia,jennifer.garcia626@gmail.com,CRM Platform,Performance Issue,Two-factor authentication codes are not being delivered to my phone.,Explained billing breakdown and clarified applicable charges.,High,Closed,Web Form,Asia,69,Male,Enterprise,21,18,2,33.43,61.14,2023-02-07,2023-02-16,No,No,Android,Edge,Bank Transfer,Japanese,Morning,5,Corporate,jennifer.garcia626@gmail.com,,0
50951,Patricia Smith,patricia.smith34@outlook.com,Mobile App,Payment Problem,I would like to request a refund for the recent charge.,Data synchronization restored after backend service restart.,Urgent,Resolved,Phone,Asia,71,Male,Enterprise,6,9,4,7.82,7.91,2022-03-29,2022-04-06,No,No,Linux,Unknown,Bank Transfer,German,Night,10,Corporate,patricia.smith34@outlook.com,,0
52122,Charles Anderson,charles.anderson699@gmail.com,Cloud Storage,Account Suspension,I found a bug in the latest update affecting report generation.,Security settings updated and customer notified of precautionary measures.,Urgent,Closed,Chat,Africa,24,Female,Premium,24,19,3,14.7,125.87,2024-01-13,2024-01-13,No,Yes,MacOS,Safari,Crypto,Spanish,Night,4,Individual,charles.anderson699@gmail.com,,0
21910,Michael Taylor,michael.taylor812@icloud.com,Analytics Dashboard,Login Issue,I found a bug in the latest update affecting report generation.,Explained billing breakdown and clarified applicable charges.,Low,In Progress,Social Media,Europe,46,Other,Premium,54,0,2,36.63,181.42,2024-01-17,2024-01-25,Yes,Yes,iOS,Safari,PayPal,French,Afternoon,7,Small Business,michael.taylor812@icloud.com,,0
96534,John Brown,john.brown331@icloud.com,Payment Gateway,Subscription Cancellation,I am experiencing very slow performance while using the dashboard.,The duplicate charge was reversed and refund processed within 3-5 business days.,Low,Open,Social Media,Europe,42,Female,Enterprise,60,12,4,43.47,13.73,2023-09-19,2023-09-27,Yes,No,MacOS,Edge,Bank Transfer,Chinese,Afternoon,2,Small Business,john.brown331@icloud.com,,0
50625,Michael Thomas,michael.thomas830@company.com,Web Portal,Payment Problem,The application crashes whenever I try to upload a file.,Payment gateway timeout issue fixed and monitoring implemented.,Medium,Open,Chat,Europe,58,Other,Free,17,7,4,34.75,44.96,2023-06-24,2023-07-02,No,Yes,Linux,Chrome,Crypto,French,Afternoon,6,Individual,michael.thomas830@company.com,,0
88207,William Williams,william.williams176@gmail.com,API Service,Subscription Cancellation,The system is not syncing data across devices properly.,Provided step-by-step troubleshooting instructions and issue resolved.,Urgent,Pending Customer,Web Form,Africa,68,Male,Free,55,9,1,11.41,63.44,2024-12-01,2024-12-14,No,Yes,Android,Edge,Crypto,English,Evening,5,Individual,william.williams176@gmail.com,,0
185815,Joseph Williams,joseph.williams678@icloud.com,Mobile App,Feature Request,I would like to request a refund for the recent charge.,Bug logged internally and workaround shared with the customer.,High,Resolved,Phone,Europe,42,Other,Free,20,7,2,33.71,185.72,2023-04-14,2023-04-18,Yes,Yes,iOS,Firefox,Bank Transfer,German,Night,7,Corporate,joseph.williams678@icloud.com,,0
113476,Karen Miller,karen.miller114@hotmail.com,Cloud Storage,Data Sync Issue,The system is not syncing data across devices properly.,Payment gateway timeout issue fixed and monitoring implemented.,High,Open,Phone,Europe,52,Female,Free,14,2,2,20.54,16.29,2022-08-28,2022-09-06,Yes,Yes,Android,Safari,Credit Card,German,Night,5,Small Business,karen.miller114@hotmail.com,,0
87324,Susan Jones,susan.jones450@icloud.com,Web Portal,Performance Issue,I am unable to access my account after entering the correct credentials.,Data synchronization restored after backend service restart.,Urgent,Resolved,Email,South America,25,Female,Free,5,4,4,26.57,172.7,2022-06-23,2022-06-23,Yes,No,Windows,Firefox,Bank Transfer,Spanish,Evening,7,Individual,susan.jones450@icloud.com,,0
179241,Jessica Thomas,jessica.thomas647@company.com,E-commerce Store,Account Suspension,I am experiencing very slow performance while using the dashboard.,We have reset the account credentials and advised the customer to retry login.,High,In Progress,Phone,Australia,19,Other,Free,24,20,2,27.1,17.61,2024-07-19,2024-08-01,Yes,No,Windows,Chrome,Credit Card,English,Afternoon,6,Corporate,jessica.thomas647@company.com,2024-01-19,0
99389,Jennifer Davis,jennifer.davis929@yahoo.com,CRM Platform,Refund Request,The payment was deducted from my bank account but the transaction shows failed.,Security settings updated and customer notified of precautionary measures.,High,Closed,Chat,Africa,24,Other,Enterprise,32,16,5,58.32,184.39,2022-08-14,2022-08-25,No,No,iOS,Unknown,Credit Card,Chinese,Afternoon,5,Corporate,jennifer.davis929@yahoo.com,,0
163775,David Lopez,david.lopez386@company.com,API Service,Data Sync Issue,Two-factor authentication codes are not being delivered to my phone.,Data synchronization restored after backend service restart.,Medium,In Progress,Chat,North America,67,Other,Premium,35,5,2,32.46,159.09,2023-01-18,2023-01-27,Yes,Yes,Linux,Chrome,Debit Card,Japanese,Afternoon,4,Small Business,david.lopez386@company.com,,0
11650,Charles Martinez,charles.martinez519@gmail.com,Web Portal,Payment Problem,The system is not syncing data across devices properly.,The issue was escalated to engineering and resolved in the latest patch.,Urgent,Closed,Social Media,Australia,71,Other,Basic,6,19,1,50.15,168.74,2022-05-14,2022-05-21,No,No,MacOS,Chrome,Debit Card,Chinese,Night,5,Small Business,charles.martinez519@gmail.com,,0
146396,Jennifer Jackson,jennifer.jackson162@icloud.com,API Service,Payment Problem,My subscription was cancelled without my request and I need clarification.,Payment gateway timeout issue fixed and monitoring implemented.,Low,Open,Phone,North America,56,Male,Enterprise,22,11,1,70.14,185.59,2024-08-24,2024-09-02,No,Yes,iOS,Chrome,Credit Card,Japanese,Afternoon,10,Corporate,jennifer.jackson162@icloud.com,,0
51191,Susan Williams,susan.williams643@icloud.com,Billing System,Performance Issue,There seems to be a discrepancy in my billing statement for this month.,Provided step-by-step troubleshooting instructions and issue resolved.,Urgent,Open,Chat,Australia,23,Female,Basic,9,9,3,57.76,34.72,2023-09-14,2023-09-19,Yes,Yes,MacOS,Safari,Credit Card,Chinese,Evening,4,Individual,susan.williams643@icloud.com,,0
47936,Linda Davis,linda.davis605@yahoo.com,Analytics Dashboard,Data Sync Issue,I would like to request a refund for the recent charge.,The issue was escalated to engineering and resolved in the latest patch.,Low,Closed,Phone,Australia,36,Other,Basic,5,7,4,44.96,151.37,2024-02-21,2024-02-22,Yes,Yes,Linux,Edge,PayPal,Japanese,Afternoon,5,Corporate,linda.davis605@yahoo.com,,0
183871,Patricia Martinez,patricia.martinez575@yahoo.com,Billing System,Feature Request,There seems to be a discrepancy in my billing statement for this month.,Bug logged internally and workaround shared with the customer.,High,In Progress,Phone,Africa,30,Other,Enterprise,34,4,5,50.78,94.18,2024-02-25,2024-03-04,Yes,No,Android,Firefox,Bank Transfer,French,Night,6,Corporate,patricia.martinez575@yahoo.com,,0
47798,Richard Williams,richard.williams590@company.com,Billing System,Performance Issue,My subscription was cancelled without my request and I need clarification.,Explained billing breakdown and clarified applicable charges.,High,Pending Customer,Social Media,Africa,71,Male,Free,22,13,3,14.25,192.81,2024-02-13,2024-02-15,No,No,MacOS,Firefox,Debit Card,Spanish,Evening,3,Individual,richard.williams590@company.com,,0
82106,Joseph Martin,joseph.martin621@yahoo.com,Mobile App,Subscription Cancellation,I am unable to access my account after entering the correct credentials.,Provided step-by-step troubleshooting instructions and issue resolved.,Urgent,Open,Web Form,Australia,57,Other,Premium,3,13,2,12.23,51.77,2024-10-19,2024-10-31,Yes,No,MacOS,Chrome,Crypto,Japanese,Morning,8,Individual,joseph.martin621@yahoo.com,,0
185624,Thomas Garcia,thomas.garcia389@gmail.com,Cloud Storage,Feature Request,My subscription was cancelled without my request and I need clarification.,Bug logged internally and workaround shared with the customer.,Medium,Pending Customer,Email,Africa,25,Female,Free,53,11,1,65.36,205.47,2024-03-23,2024-04-01,No,Yes,Android,Edge,Debit Card,English,Morning,7,Individual,thomas.garcia389@gmail.com,,0
101586,Michael Martin,michael.martin30@company.com,Subscription Service,Account Suspension,Two-factor authentication codes are not being delivered to my phone.,Provided step-by-step troubleshooting instructions and issue resolved.,High,In Progress,Web Form,Australia,22,Female,Basic,47,6,1,6.41,156.29,2024-05-17,2024-05-17,No,No,iOS,Chrome,Credit Card,Japanese,Night,3,Individual,michael.martin30@company.com,,0
107556,Joseph Martin,joseph.martin870@yahoo.com,Billing System,Feature Request,I would like to request a refund for the recent charge.,The duplicate charge was reversed and refund processed within 3-5 business days.,Low,In Progress,Phone,South America,43,Male,Premium,9,3,1,48.23,40.39,2024-07-22,2024-07-27,Yes,No,Linux,Unknown,Debit Card,Japanese,Morning,8,Individual,joseph.martin870@yahoo.com,,0
120731,Patricia Williams,patricia.williams727@icloud.com,Analytics Dashboard,Data Sync Issue,I would like to request a refund for the recent charge.,Bug logged internally and workaround shared with the customer.,Medium,Resolved,Social Media,Europe,41,Female,Enterprise,48,8,1,68.34,144.28,2022-11-15,2022-11-24,Yes,Yes,Linux,Unknown,Crypto,Spanish,Evening,4,Individual,patricia.williams727@icloud.com,,0
108557,Jessica Taylor,jessica.taylor210@hotmail.com,CRM Platform,Subscription Cancellation,I found a bug in the latest update affecting report generation.,We have reset the account credentials and advised the customer to retry login.,Low,In Progress,Phone,Africa,22,Other,Enterprise,5,4,2,57.93,164.8,2023-12-07,2023-12-21,Yes,Yes,MacOS,Chrome,Crypto,Chinese,Afternoon,10,Corporate,jessica.taylor210@hotmail.com,,0
146117,David Jones,david.jones164@icloud.com,Subscription Service,Account Suspension,There seems to be a discrepancy in my billing statement for this month.,The duplicate charge was reversed and refund processed within 3-5 business days.,Medium,In Progress,Web Form,Asia,69,Male,Premium,26,5,5,25.24,125.9,2022-01-09,2022-01-23,Yes,No,Linux,Safari,Credit Card,German,Afternoon,7,Individual,david.jones164@icloud.com,,0
198576,William Hernandez,william.hernandez365@company.com,API Service,Payment Problem,I am experiencing very slow performance while using the dashboard.,The issue was escalated to engineering and resolved in the latest patch.,Urgent,Pending Customer,Social Media,North America,25,Female,Basic,16,10,3,42.34,93.75,2024-06-23,2024-07-01,No,No,iOS,Firefox,Bank Transfer,German,Night,9,Small Business,william.hernandez365@company.com,2023-07-21,0
18895,John Johnson,john.johnson546@icloud.com,Web Portal,Security Concern,I am experiencing very slow performance while using the dashboard.,Payment gateway timeout issue fixed and monitoring implemented.,High,Resolved,Chat,Europe,57,Male,Free,4,13,2,5.93,109.41,2023-08-05,2023-08-14,Yes,No,Windows,Chrome,Crypto,German,Night,1,Individual,john.johnson546@icloud.com,,0
153840,Karen Moore,karen.moore200@outlook.com,E-commerce Store,Login Issue,Two-factor authentication codes are not being delivered to my phone.,Bug logged internally and workaround shared with the customer.,Low,Resolved,Email,Africa,49,Female,Premium,60,11,3,9.94,133.32,2022-05-04,2022-05-14,No,Yes,iOS,Chrome,Crypto,Spanish,Afternoon,3,Small Business,karen.moore200@outlook.com,,0
179471,Barbara Brown,barbara.brown969@hotmail.com,Analytics Dashboard,Performance Issue,There seems to be a discrepancy in my billing statement for this month.,Data synchronization restored after backend service restart.,High,Resolved,Social Media,Africa,28,Female,Premium,12,9,4,2.08,40.96,2023-04-25,2023-05-04,Yes,Yes,Linux,Chrome,Bank Transfer,French,Night,8,Corporate,barbara.brown969@hotmail.com,,0
78476,Richard Brown,richard.brown165@company.com,Analytics Dashboard,Performance Issue,Two-factor authentication codes are not being delivered to my phone.,Security settings updated and customer notified of precautionary measures.,Medium,Pending Customer,Chat,Africa,34,Male,Premium,59,2,4,23.01,183.33,2022-03-10,2022-03-23,No,Yes,Windows,Safari,Bank Transfer,Japanese,Evening,7,Small Business,richard.brown165@company.com,,0
79259,Mary Johnson,mary.johnson421@icloud.com,API Service,Refund Request,I am unable to access my account after entering the correct credentials.,Data synchronization restored after backend service restart.,Urgent,Open,Social Media,Asia,41,Male,Enterprise,14,0,4,42.11,135.21,2023-08-29,2023-09-05,No,Yes,Windows,Firefox,PayPal,English,Evening,1,Corporate,mary.johnson421@icloud.com,,0
162773,Karen Wilson,karen.wilson48@company.com,Subscription Service,Refund Request,The system is not syncing data across devices properly.,Provided step-by-step troubleshooting instructions and issue resolved.,High,Resolved,Phone,South America,31,Female,Premium,25,16,2,68.07,66.77,2024-04-11,2024-04-15,No,No,MacOS,Unknown,Debit Card,German,Evening,1,Individual,karen.wilson48@company.com,,0
111217,Richard Smith,richard.smith987@outlook.com,Payment Gateway,Payment Problem,I found a bug in the latest update affecting report generation.,Explained billing breakdown and clarified applicable charges.,Urgent,Resolved,Phone,Australia,30,Female,Premium,7,10,4,42.14,188.88,2023-10-17,2023-10-19,Yes,Yes,Windows,Chrome,Debit Card,Chinese,Morning,9,Individual,richard.smith987@outlook.com,,0
125745,Thomas Moore,thomas.moore930@icloud.com,Cloud Storage,Account Suspension,I would like to request a refund for the recent charge.,Explained billing breakdown and clarified applicable charges.,Urgent,Closed,Social Media,Africa,46,Other,Premium,22,6,4,61.25,194.03,2022-08-24,2022-08-27,No,No,Windows,Firefox,Debit Card,Japanese,Morning,4,Individual,thomas.moore930@icloud.com,,0
66167,Charles Davis,charles.davis320@yahoo.com,Billing System,Data Sync Issue,I would like to request a refund for the recent charge.,Subscription status corrected and confirmation email sent to customer.,Low,In Progress,Social Media,North America,29,Other,Enterprise,41,0,3,36.66,152.58,2024-07-24,2024-08-07,No,No,Android,Safari,Bank Transfer,Chinese,Morning,7,Small Business,charles.davis320@yahoo.com,,0
165490,Thomas Jackson,thomas.jackson812@yahoo.com,E-commerce Store,Login Issue,I would like to request a refund for the recent charge.,Subscription status corrected and confirmation email sent to customer.,Low,Closed,Social Media,Australia,35,Female,Free,39,9,5,42.25,67.25,2024-08-01,2024-08-07,No,No,MacOS,Edge,Crypto,German,Morning,3,Corporate,thomas.jackson812@yahoo.com,,0
160818,Jessica Taylor,jessica.taylor1@icloud.com,API Service,Performance Issue,I am experiencing very slow performance while using the dashboard.,The issue was escalated to engineering and resolved in the latest patch.,Medium,Pending Customer,Web Form,North America,33,Female,Premium,10,0,2,30.54,32.39,2024-01-29,2024-02-12,Yes,No,iOS,Edge,Credit Card,Spanish,Night,3,Small Business,jessica.taylor1@icloud.com,2022-05-28,0
5918,Elizabeth Rodriguez,elizabeth.rodriguez50@gmail.com,API Service,Feature Request,There seems to be a discrepancy in my billing statement for this month.,Explained billing breakdown and clarified applicable charges.,Medium,Pending Customer,Email,North America,27,Female,Basic,49,16,5,54.11,181.41,2024-10-16,2024-10-30,Yes,Yes,Windows,Firefox,Crypto,Japanese,Morning,10,Individual,elizabeth.rodriguez50@gmail.com,,0
6048,David Brown,david.brown553@yahoo.com,CRM Platform,Data Sync Issue,The system is not syncing data across devices properly.,Subscription status corrected and confirmation email sent to customer.,Low,Resolved,Web Form,Asia,35,Other,Premium,36,3,5,17.66,158.82,2024-12-26,2024-12-26,No,Yes,Android,Chrome,Credit Card,French,Evening,8,Individual,david.brown553@yahoo.com,,0
178391,Karen Rodriguez,karen.rodriguez426@company.com,API Service,Subscription Cancellation,The application crashes whenever I try to upload a file.,Security settings updated and customer notified of precautionary measures.,High,Open,Web Form,North America,40,Female,Premium,37,6,2,17.17,157.8,2023-03-06,2023-03-16,Yes,No,Linux,Unknown,Crypto,French,Evening,5,Corporate,karen.rodriguez426@company.com,,0
161593,Michael Thomas,michael.thomas488@company.com,Subscription Service,Feature Request,The application crashes whenever I try to upload a file.,Explained billing breakdown and clarified applicable charges.,High,Resolved,Web Form,Australia,65,Other,Premium,53,16,5,13.81,65.68,2024-01-25,2024-01-29,Yes,No,Linux,Chrome,Debit Card,French,Afternoon,8,Individual,michael.thomas488@company.com,,0
190525,Barbara Rodriguez,barbara.rodriguez936@icloud.com,Payment Gateway,Data Sync Issue,I am unable to access my account after entering the correct credentials.,Explained billing breakdown and clarified applicable charges.,Urgent,Open,Phone,South America,18,Male,Basic,12,15,1,8.69,176.49,2022-03-25,2022-03-27,No,No,Linux,Firefox,Debit Card,Japanese,Evening,3,Small Business,barbara.rodriguez936@icloud.com,,0
38365,Robert Rodriguez,robert.rodriguez494@outlook.com,Payment Gateway,Login Issue,I would like to request a refund for the recent charge.,Payment gateway timeout issue fixed and monitoring implemented.,Low,Pending Customer,Phone,Africa,34,Male,Premium,52,10,1,31.64,132.11,2024-12-14,2024-12-18,No,No,Android,Chrome,PayPal,Chinese,Evening,5,Individual,robert.rodriguez494@outlook.com,,0
164992,David Moore,david.moore898@yahoo.com,E-commerce Store,Refund Request,I am unable to access my account after entering the correct credentials.,We have reset the account credentials and advised the customer to retry login.,Urgent,Resolved,Phone,Asia,49,Male,Premium,23,2,3,18.03,210.62,2023-12-21,2023-12-25,Yes,No,iOS,Chrome,PayPal,English,Evening,10,Individual,david.moore898@yahoo.com,,0
74137,Jessica Gonzalez,jessica.gonzalez517@icloud.com,Payment Gateway,Refund Request,The system is not syncing data across devices properly.,Security settings updated and customer notified of precautionary measures.,Medium,Open,Social Media,Africa,69,Other,Free,38,11,3,29.6,63.86,2023-05-12,2023-05-18,Yes,No,Linux,Safari,Credit Card,English,Night,6,Individual,jessica.gonzalez517@icloud.com,,0
16289,Robert Martinez,robert.martinez665@icloud.com,Mobile App,Feature Request,The payment was deducted from my bank account but the transaction shows failed.,Payment gateway timeout issue fixed and monitoring implemented.,Medium,Pending Customer,Social Media,Asia,22,Male,Enterprise,40,19,4,17.58,130.96,2023-09-08,2023-09-19,Yes,Yes,Android,Firefox,Crypto,English,Evening,10,Small Business,robert.martinez665@icloud.com,,0
65506,Joseph Moore,joseph.moore628@outlook.com,Analytics Dashboard,Performance Issue,There seems to be a discrepancy in my billing statement for this month.,Explained billing breakdown and clarified applicable charges.,High,Resolved,Phone,South America,30,Male,Enterprise,50,13,5,1.03,115.55,2024-04-17,2024-04-18,Yes,No,MacOS,Safari,Debit Card,German,Morning,7,Individual,joseph.moore628@outlook.com,,0
9369,David Moore,david.moore634@gmail.com,CRM Platform,Login Issue,The payment was deducted from my bank account but the transaction shows failed.,Data synchronization restored after backend service restart.,Medium,Open,Web Form,Europe,43,Male,Basic,52,12,1,29.75,147.48,2022-01-05,2022-01-14,No,Yes,Windows,Unknown,Bank Transfer,Spanish,Afternoon,6,Corporate,david.moore634@gmail.com,,0
171826,Linda Lopez,linda.lopez50@company.com,Subscription Service,Subscription Cancellation,There seems to be a discrepancy in my billing statement for this month.,The issue was escalated to engineering and resolved in the latest patch.,Low,Pending Customer,Email,Europe,74,Female,Enterprise,24,10,1,10.76,121.12,2022-02-03,2022-02-09,Yes,No,Android,Edge,Bank Transfer,French,Afternoon,4,Individual,linda.lopez50@company.com,,0
143289,Linda Thomas,linda.thomas670@icloud.com,Billing System,Data Sync Issue,I would like to request a refund for the recent charge.,Explained billing breakdown and clarified applicable charges.,Urgent,Pending Customer,Social Media,Asia,38,Male,Basic,48,11,3,69.02,168.65,2022-10-11,2022-10-23,No,No,Android,Edge,Debit Card,Spanish,Morning,8,Corporate,linda.thomas670@icloud.com,,0
90580,Robert Jones,robert.jones889@company.com,Cloud Storage,Login Issue,I am experiencing very slow performance while using the dashboard.,Security settings updated and customer notified of precautionary measures.,High,Pending Customer,Email,Australia,19,Other,Premium,7,2,4,15.19,80.81,2024-12-07,2024-12-08,No,No,MacOS,Unknown,Crypto,Chinese,Morning,8,Individual,robert.jones889@company.com,,0
102325,Elizabeth Jackson,elizabeth.jackson248@yahoo.com,Mobile App,Bug Report,I am experiencing very slow performance while using the dashboard.,Explained billing breakdown and clarified applicable charges.,Medium,In Progress,Web Form,North America,43,Male,Basic,33,4,1,3.48,100.62,2022-07-16,2022-07-27,Yes,No,Linux,Safari,Crypto,French,Night,1,Small Business,elizabeth.jackson248@yahoo.com,,0
102853,David Jones,david.jones193@outlook.com,Mobile App,Security Concern,Two-factor authentication codes are not being delivered to my phone.,Bug logged internally and workaround shared with the customer.,Urgent,In Progress,Web Form,North America,67,Male,Free,35,13,5,45.67,199.6,2022-08-25,2022-09-05,No,Yes,MacOS,Unknown,PayPal,French,Evening,4,Individual,david.jones193@outlook.com,,0
134163,Charles Davis,charles.davis903@hotmail.com,CRM Platform,Refund Request,I am experiencing very slow performance while using the dashboard.,Payment gateway timeout issue fixed and monitoring implemented.,High,Closed,Email,North America,65,Male,Enterprise,30,1,2,52.18,156.32,2024-02-22,2024-02-27,Yes,Yes,Linux,Safari,Debit Card,French,Night,1,Individual,charles.davis903@hotmail.com,,0
47167,Jennifer Johnson,jennifer.johnson985@yahoo.com,Web Portal,Refund Request,The application crashes whenever I try to upload a file.,The issue was escalated to engineering and resolved in the latest patch.,High,In Progress,Phone,North America,32,Female,Premium,8,4,3,15.88,166.51,2023-05-03,2023-05-16,Yes,Yes,Linux,Firefox,Bank Transfer,Japanese,Afternoon,3,Corporate,jennifer.johnson985@yahoo.com,,0
161991,Thomas Johnson,thomas.johnson630@yahoo.com,Subscription Service,Payment Problem,I found a bug in the latest update affecting report generation.,Security settings updated and customer notified of precautionary measures.,Urgent,Resolved,Social Media,Asia,59,Female,Free,45,13,4,35.07,151.16,2022-05-14,2022-05-21,No,No,Android,Unknown,Crypto,French,Afternoon,8,Corporate,thomas.johnson630@yahoo.com,,0
38880,Robert Martinez,robert.martinez598@hotmail.com,Subscription Service,Login Issue,My subscription was cancelled without my request and I need clarification.,Data synchronization restored after backend service restart.,Medium,Open,Chat,Africa,30,Male,Free,45,16,4,10.06,100.66,2024-08-02,2024-08-05,No,Yes,Android,Safari,Bank Transfer,Japanese,Night,10,Corporate,robert.martinez598@hotmail.com,,0
27328,Susan Moore,susan.moore558@company.com,E-commerce Store,Payment Problem,There seems to be a discrepancy in my billing statement for this month.,Payment gateway timeout issue fixed and monitoring implemented.,Urgent,Open,Chat,North America,18,Other,Basic,43,0,2,4.44,101.4,2023-07-17,2023-07-23,No,No,Android,Chrome,Credit Card,French,Evening,9,Corporate,susan.moore558@company.com,2022-04-14,0
98788,David Garcia,david.garcia656@icloud.com,E-commerce Store,Performance Issue,I would like to request a refund for the recent charge.,The duplicate charge was reversed and refund processed within 3-5 business days.,Medium,Resolved,Social Media,Europe,74,Other,Premium,17,20,1,40.81,78.82,2022-06-10,2022-06-23,Yes,Yes,iOS,Firefox,Debit Card,English,Morning,2,Corporate,david.garcia656@icloud.com,,0
15173,Elizabeth Anderson,elizabeth.anderson756@company.com,Payment Gateway,Payment Problem,My subscription was cancelled without my request and I need clarification.,Data synchronization restored after backend service restart.,High,Pending Customer,Social Media,South America,22,Male,Enterprise,6,15,2,43.57,220.07,2022-01-31,2022-02-14,Yes,Yes,MacOS,Unknown,Bank Transfer,Chinese,Afternoon,2,Individual,elizabeth.anderson756@company.com,,0
43529,William Hernandez,william.hernandez546@hotmail.com,Mobile App,Performance Issue,The application crashes whenever I try to upload a file.,Provided step-by-step troubleshooting instructions and issue resolved.,Low,Closed,Social Media,Asia,71,Other,Premium,7,17,2,42.95,35.34,2022-08-29,2022-08-30,No,Yes,iOS,Edge,Bank Transfer,Japanese,Morning,4,Corporate,william.hernandez546@hotmail.com,,0
68168,Jennifer Anderson,jennifer.anderson256@gmail.com,CRM Platform,Subscription Cancellation,My subscription was cancelled without my request and I need clarification.,Explained billing breakdown and clarified applicable charges.,High,In Progress,Web Form,Australia,36,Other,Premium,14,2,3,53.42,118.76,2024-07-22,2024-08-05,Yes,Yes,iOS,Chrome,Credit Card,English,Morning,3,Corporate,jennifer.anderson256@gmail.com,,0
69595,Jessica Gonzalez,jessica.gonzalez796@gmail.com,Analytics Dashboard,Payment Problem,I am unable to access my account after entering the correct credentials.,We have reset the account credentials and advised the customer to retry login.,Urgent,Pending Customer,Email,Africa,37,Other,Enterprise,3,6,1,4.06,208.65,2024-11-30,2024-12-02,Yes,No,Windows,Edge,Debit Card,French,Night,2,Corporate,jessica.gonzalez796@gmail.com,,0
4820,Robert Jackson,robert.jackson208@gmail.com,Subscription Service,Feature Request,There seems to be a discrepancy in my billing statement for this month.,Payment gateway timeout issue fixed and monitoring implemented.,Low,Resolved,Email,South America,36,Male,Free,38,7,4,71.94,152.85,2023-03-26,2023-04-06,No,No,Windows,Safari,Bank Transfer,French,Evening,7,Small Business,robert.jackson208@gmail.com,,0
73752,Charles Thomas,charles.thomas258@gmail.com,Web Portal,Login Issue,I am unable to access my account after entering the correct credentials.,Subscription status corrected and confirmation email sent to customer.,Medium,Closed,Email,South America,52,Other,Free,34,7,5,34.89,61.54,2024-01-08,2024-01-20,No,No,Windows,Chrome,Debit Card,French,Night,9,Individual,charles.thomas258@gmail.com,,0
88130,Barbara Miller,barbara.miller324@icloud.com,Mobile App,Refund Request,I am unable to access my account after entering the correct credentials.,We have reset the account credentials and advised the customer to retry login.,High,Resolved,Chat,Europe,58,Male,Free,36,10,2,27.17,120.39,2022-01-08,2022-01-21,Yes,No,Android,Safari,Credit Card,Chinese,Afternoon,10,Individual,barbara.miller324@icloud.com,,0
23845,Patricia Davis,patricia.davis702@outlook.com,Analytics Dashboard,Security Concern,I would like to request a refund for the recent charge.,Payment gateway timeout issue fixed and monitoring implemented.,Medium,Closed,Social Media,Africa,72,Female,Free,36,3,3,16.2,132.28,2024-05-06,2024-05-15,No,No,MacOS,Firefox,PayPal,English,Morning,2,Small Business,patricia.davis702@outlook.com,,0
60651,Charles Garcia,charles.garcia631@icloud.com,CRM Platform,Login Issue,I found a bug in the latest update affecting report generation.,Security settings updated and customer notified of precautionary measures.,Medium,Resolved,Web Form,South America,19,Male,Enterprise,48,19,5,12.11,147.94,2022-12-08,2022-12-11,Yes,No,Linux,Edge,Credit Card,Spanish,Evening,4,Corporate,charles.garcia631@icloud.com,,0
31368,Jennifer Williams,jennifer.williams984@hotmail.com,Analytics Dashboard,Bug Report,There seems to be a discrepancy in my billing statement for this month.,We have reset the account credentials and advised the customer to retry login.,High,Open,Phone,Australia,49,Female,Basic,56,10,3,21.69,97.48,2023-08-08,2023-08-09,No,No,Android,Edge,Crypto,French,Evening,1,Corporate,jennifer.williams984@hotmail.com,,0
95365,Elizabeth Hernandez,elizabeth.hernandez486@icloud.com,E-commerce Store,Login Issue,I would like to request a refund for the recent charge.,Bug logged internally and workaround shared with the customer.,Medium,Open,Email,Asia,41,Male,Enterprise,10,15,3,38.49,191.27,2023-11-26,2023-11-29,No,No,MacOS,Unknown,Credit Card,Chinese,Night,8,Small Business,elizabeth.hernandez486@icloud.com,,0
118918,William Moore,william.moore179@yahoo.com,Analytics Dashboard,Account Suspension,The payment was deducted from my bank account but the transaction shows failed.,The issue was escalated to engineering and resolved in the latest patch.,High,In Progress,Email,South America,30,Male,Enterprise,21,7,4,26.79,148.28,2022-06-07,2022-06-10,No,No,iOS,Chrome,Crypto,Chinese,Afternoon,7,Individual,william.moore179@yahoo.com,,0
92073,Richard Gonzalez,richard.gonzalez343@yahoo.com,E-commerce Store,Subscription Cancellation,There seems to be a discrepancy in my billing statement for this month.,The issue was escalated to engineering and resolved in the latest patch.,Low,Pending Customer,Phone,Europe,39,Other,Premium,9,2,3,58.8,97.27,2023-04-22,2023-04-26,Yes,Yes,Linux,Safari,Credit Card,German,Morning,7,Individual,richard.gonzalez343@yahoo.com,,0
189051,Thomas Jones,thomas.jones772@yahoo.com,API Service,Payment Problem,Two-factor authentication codes are not being delivered to my phone.,We have reset the account credentials and advised the customer to retry login.,Urgent,Pending Customer,Web Form,North America,50,Other,Free,29,14,4,53.73,160.57,2022-07-21,2022-07-29,No,No,MacOS,Safari,PayPal,English,Evening,7,Corporate,thomas.jones772@yahoo.com,,0
95336,Patricia Miller,patricia.miller836@company.com,Subscription Service,Security Concern,The application crashes whenever I try to upload a file.,Subscription status corrected and confirmation email sent to customer.,High,In Progress,Social Media,North America,64,Other,Enterprise,24,7,1,37.04,31.83,2023-10-28,2023-10-29,No,Yes,Android,Chrome,Debit Card,English,Evening,4,Individual,patricia.miller836@company.com,,0
63031,John Gonzalez,john.gonzalez748@icloud.com,Payment Gateway,Feature Request,I am unable to access my account after entering the correct credentials.,The duplicate charge was reversed and refund processed within 3-5 business days.,High,Resolved,Email,Australia,65,Other,Premium,3,12,1,53.02,105.69,2022-12-06,2022-12-14,Yes,No,Linux,Edge,PayPal,German,Morning,6,Small Business,john.gonzalez748@icloud.com,,0
128842,Sarah Wilson,sarah.wilson988@yahoo.com,Web Portal,Performance Issue,The payment was deducted from my bank account but the transaction shows failed.,Subscription status corrected and confirmation email sent to customer.,High,Closed,Web Form,Europe,20,Female,Basic,37,19,1,9.85,206.1,2022-01-25,2022-02-03,Yes,No,Android,Chrome,Crypto,German,Morning,3,Small Business,sarah.wilson988@yahoo.com,,0
124751,Robert Williams,robert.williams403@yahoo.com,Subscription Service,Payment Problem,I am unable to access my account after entering the correct credentials.,The issue was escalated to engineering and resolved in the latest patch.,Urgent,Open,Social Media,South America,45,Other,Free,14,17,4,28.55,157.55,2024-08-04,2024-08-17,No,No,Android,Unknown,Crypto,English,Night,10,Corporate,robert.williams403@yahoo.com,,0
85961,Patricia Williams,patricia.williams7@yahoo.com,Analytics Dashboard,Security Concern,The system is not syncing data across devices properly.,Payment gateway timeout issue fixed and monitoring implemented.,Low,Resolved,Web Form,Africa,20,Female,Premium,32,9,1,61.37,114.78,2023-01-20,2023-02-02,No,Yes,Windows,Edge,Crypto,French,Morning,1,Small Business,patricia.williams7@yahoo.com,,0
23337,Robert Williams,robert.williams777@yahoo.com,Subscription Service,Feature Request,There seems to be a discrepancy in my billing statement for this month.,Explained billing breakdown and clarified applicable charges.,Low,Open,Social Media,Asia,29,Female,Free,49,5,2,53.61,149.03,2023-07-10,2023-07-22,No,No,Windows,Firefox,Crypto,Japanese,Evening,3,Corporate,robert.williams777@yahoo.com,,0
126484,Patricia Jones,patricia.jones665@icloud.com,Analytics Dashboard,Security Concern,I am unable to access my account after entering the correct credentials.,Provided step-by-step troubleshooting instructions and issue resolved.,Medium,In Progress,Email,Asia,24,Other,Free,22,18,4,54.59,197.01,2022-05-20,2022-05-29,Yes,Yes,MacOS,Safari,Credit Card,German,Evening,5,Corporate,patricia.jones665@icloud.com,,0
184821,Patricia Gonzalez,patricia.gonzalez348@icloud.com,Web Portal,Payment Problem,The system is not syncing data across devices properly.,Payment gateway timeout issue fixed and monitoring implemented.,Low,Pending Customer,Phone,North America,43,Other,Free,28,5,3,44.65,114.06,2022-02-13,2022-02-13,Yes,No,iOS,Chrome,Crypto,Spanish,Night,9,Small Business,patricia.gonzalez348@icloud.com,,0
111222,Patricia Smith,patricia.smith798@gmail.com,Billing System,Payment Problem,The system is not syncing data across devices properly.,Explained billing breakdown and clarified applicable charges.,Medium,Open,Web Form,Australia,30,Other,Basic,28,0,3,42.31,153.24,2024-01-14,2024-01-23,Yes,No,iOS,Chrome,Debit Card,Chinese,Evening,10,Corporate,patricia.smith798@gmail.com,,0
1922,Karen Wilson,karen.wilson805@outlook.com,Web Portal,Bug Report,The payment was deducted from my bank account but the transaction shows failed.,Bug logged internally and workaround shared with the customer.,Medium,Open,Social Media,Australia,27,Other,Enterprise,43,17,4,40.42,37.61,2023-02-12,2023-02-22,No,No,Android,Chrome,PayPal,Spanish,Night,8,Individual,karen.wilson805@outlook.com,,0
199347,Elizabeth Garcia,elizabeth.garcia754@company.com,Mobile App,Data Sync Issue,I found a bug in the latest update affecting report generation.,Data synchronization restored after backend service restart.,Urgent,Closed,Email,North America,56,Male,Enterprise,10,0,4,3.67,186.37,2022-09-10,2022-09-21,Yes,Yes,iOS,Safari,Credit Card,Japanese,Afternoon,9,Small Business,elizabeth.garcia754@company.com,,0
7545,James Miller,james.miller566@icloud.com,Analytics Dashboard,Login Issue,The application crashes whenever I try to upload a file.,Subscription status corrected and confirmation email sent to customer.,Low,Closed,Phone,North America,52,Female,Free,14,7,4,62.9,36.53,2023-01-27,2023-01-30,Yes,No,Windows,Safari,Crypto,Chinese,Evening,9,Individual,james.miller566@icloud.com,,0
11703,Mary Gonzalez,mary.gonzalez119@yahoo.com,Analytics Dashboard,Account Suspension,The system is not syncing data across devices properly.,Provided step-by-step troubleshooting instructions and issue resolved.,Urgent,Resolved,Chat,Europe,63,Male,Premium,60,12,3,45.24,198.94,2023-05-08,2023-05-09,Yes,No,Android,Unknown,Debit Card,French,Afternoon,9,Corporate,mary.gonzalez119@yahoo.com,,0
103397,Charles Smith,charles.smith676@yahoo.com,E-commerce Store,Bug Report,The system is not syncing data across devices properly.,Explained billing breakdown and clarified applicable charges.,Medium,Closed,Social Media,Australia,23,Other,Free,47,9,4,7.43,216.32,2024-09-18,2024-09-24,No,No,Windows,Firefox,Debit Card,English,Evening,4,Corporate,charles.smith676@yahoo.com,,0
33667,Barbara Rodriguez,barbara.rodriguez766@gmail.com,CRM Platform,Bug Report,There seems to be a discrepancy in my billing statement for this month.,Provided step-by-step troubleshooting instructions and issue resolved.,Low,Pending Customer,Chat,Europe,63,Male,Enterprise,55,12,3,48.92,132.79,2022-08-12,2022-08-14,No,No,MacOS,Edge,PayPal,French,Morning,3,Small Business,barbara.rodriguez766@gmail.com,,0
126158,Thomas Hernandez,thomas.hernandez887@hotmail.com,Cloud Storage,Bug Report,I would like to request a refund for the recent charge.,Provided step-by-step troubleshooting instructions and issue resolved.,High,In Progress,Phone,South America,75,Female,Premium,28,12,3,26.68,18.4,2022-02-04,2022-02-07,Yes,No,iOS,Firefox,PayPal,English,Night,7,Individual,thomas.hernandez887@hotmail.com,,0
56877,John Garcia,john.garcia693@hotmail.com,Payment Gateway,Account Suspension,The payment was deducted from my bank account but the transaction shows failed.,Subscription status corrected and confirmation email sent to customer.,High,Resolved,Phone,Africa,73,Other,Premium,31,8,4,19.55,176.52,2023-01-15,2023-01-28,Yes,No,MacOS,Edge,Credit Card,Japanese,Night,6,Small Business,john.garcia693@hotmail.com,,0
172481,Jessica Rodriguez,jessica.rodriguez615@outlook.com,Web Portal,Refund Request,The application crashes whenever I try to upload a file.,Subscription status corrected and confirmation email sent to customer.,Urgent,Closed,Phone,Europe,35,Female,Premium,57,6,1,18.8,125.42,2023-09-13,2023-09-14,Yes,No,iOS,Firefox,Debit Card,French,Afternoon,2,Individual,jessica.rodriguez615@outlook.com,,0
174011,Jessica Anderson,jessica.anderson870@yahoo.com,Subscription Service,Data Sync Issue,Two-factor authentication codes are not being delivered to my phone.,Provided step-by-step troubleshooting instructions and issue resolved.,Low,Resolved,Email,Europe,26,Female,Premium,8,4,2,36.32,22.0,2024-04-03,2024-04-06,Yes,No,iOS,Edge,Bank Transfer,English,Morning,7,Corporate,jessica.anderson870@yahoo.com,,0
194988,Thomas Taylor,thomas.taylor919@gmail.com,Subscription Service,Data Sync Issue,I would like to request a refund for the recent charge.,Explained billing breakdown and clarified applicable charges.,Urgent,Closed,Web Form,South America,23,Male,Free,43,0,3,29.14,25.08,2024-12-04,2024-12-15,No,Yes,Android,Firefox,Credit Card,Japanese,Afternoon,1,Individual,thomas.taylor919@gmail.com,,0
98839,Karen Miller,karen.miller575@yahoo.com,Analytics Dashboard,Security Concern,I am unable to access my account after entering the correct credentials.,Subscription status corrected and confirmation email sent to customer.,Medium,Open,Social Media,Asia,18,Female,Basic,22,13,5,53.63,56.33,2023-01-20,2023-01-30,No,No,Android,Chrome,Bank Transfer,Japanese,Night,7,Small Business,karen.miller575@yahoo.com,,0
78401,Sarah Brown,sarah.brown920@outlook.com,API Service,Payment Problem,I would like to request a refund for the recent charge.,We have reset the account credentials and advised the customer to retry login.,High,Resolved,Social Media,Europe,64,Male,Enterprise,3,7,4,46.52,233.5,2023-06-29,2023-07-01,Yes,Yes,Android,Edge,Credit Card,German,Morning,3,Small Business,sarah.brown920@outlook.com,,0
175613,Susan Gonzalez,susan.gonzalez648@outlook.com,Payment Gateway,Account Suspension,The payment was deducted from my bank account but the transaction shows failed.,Security settings updated and customer notified of precautionary measures.,High,In Progress,Email,South America,69,Female,Free,28,5,1,53.38,109.81,2024-06-29,2024-07-03,No,No,Windows,Safari,PayPal,Japanese,Morning,5,Corporate,susan.gonzalez648@outlook.com,,0
21823,Mary Miller,mary.miller101@outlook.com,CRM Platform,Feature Request,There seems to be a discrepancy in my billing statement for this month.,Data synchronization restored after backend service restart.,Low,In Progress,Email,Asia,51,Male,Basic,60,1,5,52.61,49.99,2024-02-05,2024-02-15,Yes,Yes,Windows,Edge,Crypto,German,Afternoon,4,Individual,mary.miller101@outlook.com,,0
115588,William Johnson,william.johnson662@gmail.com,Payment Gateway,Subscription Cancellation,The system is not syncing data across devices properly.,Bug logged internally and workaround shared with the customer.,Medium,In Progress,Social Media,North America,38,Other,Basic,1,18,2,52.77,129.67,2024-04-04,2024-04-14,Yes,Yes,MacOS,Chrome,PayPal,French,Afternoon,5,Corporate,william.johnson662@gmail.com,,0
5463,Patricia Johnson,patricia.johnson509@outlook.com,Cloud Storage,Account Suspension,The payment was deducted from my bank account but the transaction shows failed.,Security settings updated and customer notified of precautionary measures.,Urgent,Pending Customer,Chat,North America,47,Female,Enterprise,48,19,5,48.96,199.03,2024-01-01,2024-01-11,No,No,Android,Unknown,Debit Card,Spanish,Afternoon,10,Individual,patricia.johnson509@outlook.com,,0
121013,Joseph Wilson,joseph.wilson778@company.com,Mobile App,Payment Problem,I am unable to access my account after entering the correct credentials.,Security settings updated and customer notified of precautionary measures.,Low,In Progress,Social Media,North America,71,Male,Basic,17,13,2,10.64,56.52,2022-03-12,2022-03-21,No,No,MacOS,Unknown,Credit Card,Spanish,Afternoon,5,Individual,joseph.wilson778@company.com,,0
126606,Patricia Rodriguez,patricia.rodriguez53@icloud.com,CRM Platform,Feature Request,I found a bug in the latest update affecting report generation.,Security settings updated and customer notified of precautionary measures.,Medium,Open,Social Media,Africa,32,Male,Enterprise,36,14,3,32.95,134.97,2024-11-17,2024-11-23,Yes,Yes,Windows,Edge,Debit Card,Spanish,Evening,4,Small Business,patricia.rodriguez53@icloud.com,,0
132530,Michael Davis,michael.davis268@outlook.com,Web Portal,Performance Issue,The system is not syncing data across devices properly.,The duplicate charge was reversed and refund processed within 3-5 business days.,Medium,In Progress,Web Form,Europe,36,Other,Premium,56,9,3,58.07,16.66,2024-11-16,2024-11-19,No,Yes,iOS,Unknown,Bank Transfer,Japanese,Night,8,Small Business,michael.davis268@outlook.com,,0
8174,Linda Thomas,linda.thomas733@gmail.com,Cloud Storage,Subscription Cancellation,My subscription was cancelled without my request and I need clarification.,We have reset the account credentials and advised the customer to retry login.,Low,Pending Customer,Web Form,Asia,69,Other,Basic,40,6,3,10.77,210.41,2022-06-13,2022-06-24,Yes,No,iOS,Chrome,Crypto,Japanese,Afternoon,2,Small Business,linda.thomas733@gmail.com,,0
195092,Linda Thomas,linda.thomas481@yahoo.com,Cloud Storage,Security Concern,My subscription was cancelled without my request and I need clarification.,Explained billing breakdown and clarified applicable charges.,Low,Pending Customer,Phone,Australia,33,Other,Free,11,10,5,16.53,32.85,2022-04-04,2022-04-10,No,Yes,Windows,Edge,PayPal,English,Afternoon,2,Small Business,linda.thomas481@yahoo.com,,0
135112,John Wilson,john.wilson331@icloud.com,CRM Platform,Data Sync Issue,The payment was deducted from my bank account but the transaction shows failed.,We have reset the account credentials and advised the customer to retry login.,Medium,Pending Customer,Web Form,South America,38,Female,Enterprise,15,3,1,20.44,11.88,2023-02-16,2023-03-01,Yes,Yes,iOS,Unknown,Bank Transfer,French,Afternoon,8,Corporate,john.wilson331@icloud.com,,0
32107,Jessica Smith,jessica.smith154@hotmail.com,Payment Gateway,Login Issue,There seems to be a discrepancy in my billing statement for this month.,The issue was escalated to engineering and resolved in the latest patch.,High,Pending Customer,Social Media,North America,40,Female,Premium,33,5,1,20.6,59.92,2024-11-20,2024-11-23,Yes,No,Linux,Unknown,Debit Card,Chinese,Morning,5,Individual,jessica.smith154@hotmail.com,,0
67830,Susan Wilson,susan.wilson548@company.com,CRM Platform,Data Sync Issue,My subscription was cancelled without my request and I need clarification.,The duplicate charge was reversed and refund processed within 3-5 business days.,Urgent,In Progress,Phone,Asia,65,Other,Enterprise,45,9,2,17.17,58.38,2022-07-18,2022-07-19,No,No,Windows,Unknown,Crypto,German,Morning,4,Individual,susan.wilson548@company.com,,0
97810,Sarah Johnson,sarah.johnson876@icloud.com,Cloud Storage,Refund Request,I am unable to access my account after entering the correct credentials.,Security settings updated and customer notified of precautionary measures.,Low,Resolved,Phone,South America,40,Male,Basic,41,9,2,66.0,11.96,2022-12-28,2023-01-01,Yes,No,Linux,Firefox,Crypto,English,Evening,7,Corporate,sarah.johnson876@icloud.com,,0
177914,Thomas Jackson,thomas.jackson270@icloud.com,Billing System,Subscription Cancellation,I am unable to access my account after entering the correct credentials.,The duplicate charge was reversed and refund processed within 3-5 business days.,Urgent,In Progress,Phone,Europe,37,Male,Free,11,7,5,39.24,31.23,2023-08-24,2023-08-27,Yes,Yes,Windows,Safari,Bank Transfer,Chinese,Afternoon,8,Corporate,thomas.jackson270@icloud.com,,0
85049,Charles Garcia,charles.garcia26@icloud.com,CRM Platform,Security Concern,Two-factor authentication codes are not being delivered to my phone.,Provided step-by-step troubleshooting instructions and issue resolved.,Medium,Resolved,Phone,Australia,65,Female,Free,58,16,5,42.46,42.6,2023-05-06,2023-05-12,No,No,iOS,Unknown,Credit Card,French,Night,10,Individual,charles.garcia26@icloud.com,,0
628,Elizabeth Rodriguez,elizabeth.rodriguez230@gmail.com,Billing System,Data Sync Issue,The payment was deducted from my bank account but the transaction shows failed.,Data synchronization restored after backend service restart.,Low,Open,Web Form,Australia,48,Male,Free,13,16,3,42.11,65.32,2023-02-02,2023-02-06,Yes,Yes,Android,Firefox,Bank Transfer,French,Morning,6,Small Business,elizabeth.rodriguez230@gmail.com,,0
53005,John Taylor,john.taylor696@company.com,E-commerce Store,Performance Issue,The payment was deducted from my bank account but the transaction shows failed.,Security settings updated and customer notified of precautionary measures.,Medium,Resolved,Chat,North America,52,Female,Enterprise,60,4,5,44.24,9.73,2023-09-04,2023-09-04,No,No,iOS,Unknown,Debit Card,Japanese,Night,1,Individual,john.taylor696@company.com,,0
147382,Robert Miller,robert.miller617@outlook.com,Cloud Storage,Subscription Cancellation,The application crashes whenever I try to upload a file.,The duplicate charge was reversed and refund processed within 3-5 business days.,Urgent,Open,Web Form,Europe,21,Female,Basic,23,16,5,2.28,218.97,2022-12-16,2022-12-28,Yes,Yes,Windows,Chrome,Crypto,French,Evening,2,Individual,robert.miller617@outlook.com,,0
53539,Barbara Jackson,barbara.jackson919@outlook.com,Payment Gateway,Feature Request,There seems to be a discrepancy in my billing statement for this month.,Security settings updated and customer notified of precautionary measures.,Medium,Resolved,Web Form,South America,72,Male,Enterprise,47,9,2,58.13,153.79,2024-12-31,2025-01-03,No,Yes,Linux,Chrome,Debit Card,English,Morning,2,Small Business,barbara.jackson919@outlook.com,,0
180883,David Wilson,david.wilson893@yahoo.com,Analytics Dashboard,Performance Issue,The payment was deducted from my bank account but the transaction shows failed.,Explained billing breakdown and clarified applicable charges.,Low,Resolved,Social Media,South America,74,Other,Premium,15,20,4,68.87,89.48,2023-02-21,2023-02-27,No,Yes,MacOS,Chrome,Credit Card,English,Night,5,Corporate,david.wilson893@yahoo.com,,0
138469,Joseph Wilson,joseph.wilson1@icloud.com,CRM Platform,Subscription Cancellation,The payment was deducted from my bank account but the transaction shows failed.,Payment gateway timeout issue fixed and monitoring implemented.,Low,Closed,Phone,South America,64,Other,Enterprise,52,19,5,62.94,17.03,2024-02-13,2024-02-19,Yes,No,iOS,Edge,Debit Card,German,Night,10,Individual,joseph.wilson1@icloud.com,,0
110628,David Hernandez,david.hernandez208@icloud.com,Subscription Service,Login Issue,I am unable to access my account after entering the correct credentials.,Provided step-by-step troubleshooting instructions and issue resolved.,High,In Progress,Social Media,South America,26,Female,Enterprise,44,6,2,53.08,3.98,2024-10-07,2024-10-17,No,No,Windows,Edge,Credit Card,English,Evening,3,Small Business,david.hernandez208@icloud.com,,0
134169,Patricia Jackson,patricia.jackson484@hotmail.com,Payment Gateway,Account Suspension,I am unable to access my account after entering the correct credentials.,We have reset the account credentials and advised the customer to retry login.,Medium,Pending Customer,Email,Australia,35,Female,Premium,38,20,1,11.69,4.66,2022-12-09,2022-12-21,Yes,Yes,iOS,Unknown,Credit Card,Japanese,Afternoon,3,Corporate,patricia.jackson484@hotmail.com,,0
172898,Susan Garcia,susan.garcia893@hotmail.com,Mobile App,Feature Request,The system is not syncing data across devices properly.,Explained billing breakdown and clarified applicable charges.,Low,Pending Customer,Phone,South America,73,Other,Premium,58,4,5,16.68,89.78,2023-10-24,2023-11-07,Yes,No,Android,Chrome,Debit Card,French,Night,5,Small Business,susan.garcia893@hotmail.com,,0
115566,Susan Rodriguez,susan.rodriguez994@icloud.com,Analytics Dashboard,Payment Problem,The application crashes whenever I try to upload a file.,We have reset the account credentials and advised the customer to retry login.,Urgent,Pending Customer,Phone,Europe,45,Other,Free,47,20,5,16.43,173.66,2024-09-15,2024-09-23,No,No,MacOS,Edge,Bank Transfer,Spanish,Afternoon,5,Individual,susan.rodriguez994@icloud.com,,0
24541,Patricia Wilson,patricia.wilson454@yahoo.com,API Service,Performance Issue,I found a bug in the latest update affecting report generation.,Security settings updated and customer notified of precautionary measures.,Urgent,Closed,Chat,South America,71,Other,Free,60,13,4,31.06,169.66,2024-05-03,2024-05-03,No,Yes,Linux,Edge,Debit Card,Japanese,Evening,8,Individual,patricia.wilson454@yahoo.com,,0
184599,Robert Rodriguez,robert.rodriguez642@hotmail.com,Subscription Service,Account Suspension,The system is not syncing data across devices properly.,Explained billing breakdown and clarified applicable charges.,High,Open,Email,Asia,21,Male,Enterprise,20,0,5,54.25,182.05,2023-10-15,2023-10-17,No,No,Linux,Edge,Bank Transfer,Japanese,Evening,9,Individual,robert.rodriguez642@hotmail.com,2023-07-09,0
64412,Mary Jackson,mary.jackson420@gmail.com,Analytics Dashboard,Feature Request,I am experiencing very slow performance while using the dashboard.,Bug logged internally and workaround shared with the customer.,High,Open,Social Media,North America,49,Female,Free,51,6,2,29.59,15.25,2023-05-14,2023-05-25,No,No,MacOS,Firefox,Credit Card,Japanese,Morning,2,Individual,mary.jackson420@gmail.com,,0
166736,Michael Rodriguez,michael.rodriguez146@hotmail.com,Payment Gateway,Data Sync Issue,I am experiencing very slow performance while using the dashboard.,Provided step-by-step troubleshooting instructions and issue resolved.,Low,In Progress,Social Media,Africa,60,Female,Premium,16,19,2,59.41,190.8,2024-03-10,2024-03-21,No,No,Linux,Chrome,Crypto,English,Night,8,Individual,michael.rodriguez146@hotmail.com,,0
45353,Jessica Johnson,jessica.johnson321@company.com,E-commerce Store,Data Sync Issue,I found a bug in the latest update affecting report generation.,Payment gateway timeout issue fixed and monitoring implemented.,Low,Open,Web Form,Australia,26,Female,Enterprise,41,4,3,36.83,160.56,2023-11-18,2023-11-18,No,No,MacOS,Firefox,Credit Card,Japanese,Afternoon,1,Corporate,jessica.johnson321@company.com,,0
19786,William Miller,william.miller962@yahoo.com,Cloud Storage,Performance Issue,I am unable to access my account after entering the correct credentials.,Data synchronization restored after backend service restart.,High,Open,Web Form,Europe,49,Male,Premium,10,6,1,7.88,233.18,2022-11-09,2022-11-11,Yes,Yes,Linux,Safari,Crypto,Spanish,Afternoon,5,Individual,william.miller962@yahoo.com,,0
171702,John Moore,john.moore417@gmail.com,Billing System,Security Concern,I am unable to access my account after entering the correct credentials.,The duplicate charge was reversed and refund processed within 3-5 business days.,High,Resolved,Web Form,North America,63,Other,Basic,59,13,2,51.24,238.95,2024-08-06,2024-08-11,Yes,No,Android,Safari,PayPal,English,Evening,1,Corporate,john.moore417@gmail.com,,0
22814,Barbara Martin,barbara.martin645@icloud.com,Payment Gateway,Refund Request,The system is not syncing data across devices properly.,We have reset the account credentials and advised the customer to retry login.,High,Pending Customer,Phone,Australia,60,Male,Premium,14,8,4,2.33,16.34,2024-01-26,2024-02-04,Yes,No,iOS,Chrome,PayPal,Chinese,Afternoon,6,Corporate,barbara.martin645@icloud.com,,0
51337,Thomas Davis,thomas.davis775@icloud.com,Billing System,Performance Issue,I am experiencing very slow performance while using the dashboard.,The duplicate charge was reversed and refund processed within 3-5 business days.,High,Closed,Phone,Europe,58,Other,Free,37,15,3,60.49,58.36,2022-12-12,2022-12-13,No,No,Linux,Unknown,PayPal,Spanish,Afternoon,4,Individual,thomas.davis775@icloud.com,,0
109502,Linda Taylor,linda.taylor129@company.com,Cloud Storage,Refund Request,I am unable to access my account after entering the correct credentials.,The duplicate charge was reversed and refund processed within 3-5 business days.,Low,Pending Customer,Email,Australia,65,Female,Premium,7,20,5,65.84,141.77,2022-02-22,2022-02-27,Yes,Yes,Android,Edge,Bank Transfer,Chinese,Morning,6,Individual,linda.taylor129@company.com,,0
160243,Linda Taylor,linda.taylor824@gmail.com,Mobile App,Feature Request,The payment was deducted from my bank account but the transaction shows failed.,Subscription status corrected and confirmation email sent to customer.,Urgent,In Progress,Chat,Africa,71,Female,Free,4,0,2,21.72,48.62,2023-01-29,2023-02-10,Yes,No,iOS,Edge,Debit Card,English,Night,9,Corporate,linda.taylor824@gmail.com,,0
110598,Charles Hernandez,charles.hernandez994@gmail.com,Analytics Dashboard,Subscription Cancellation,Two-factor authentication codes are not being delivered to my phone.,Provided step-by-step troubleshooting instructions and issue resolved.,Medium,Pending Customer,Social Media,North America,49,Female,Enterprise,6,16,4,48.27,95.08,2022-02-12,2022-02-21,Yes,Yes,Windows,Unknown,Bank Transfer,Spanish,Evening,6,Corporate,charles.hernandez994@gmail.com,,0
193256,Linda Miller,linda.miller700@hotmail.com,Web Portal,Subscription Cancellation,The payment was deducted from my bank account but the transaction shows failed.,The duplicate charge was reversed and refund processed within 3-5 business days.,Medium,Pending Customer,Chat,Europe,60,Male,Premium,27,1,1,56.26,186.22,2022-11-10,2022-11-21,No,No,Windows,Safari,PayPal,German,Morning,5,Individual,linda.miller700@hotmail.com,,0
18044,Barbara Garcia,barbara.garcia714@icloud.com,E-commerce Store,Payment Problem,The system is not syncing data across devices properly.,Provided step-by-step troubleshooting instructions and issue resolved.,Low,In Progress,Web Form,Asia,48,Male,Basic,2,13,3,15.59,111.55,2024-03-25,2024-04-04,No,Yes,Linux,Safari,PayPal,Chinese,Morning,10,Small Business,barbara.garcia714@icloud.com,,0
78714,Jennifer Gonzalez,jennifer.gonzalez426@outlook.com,CRM Platform,Subscription Cancellation,I would like to request a refund for the recent charge.,Data synchronization restored after backend service restart.,Low,Pending Customer,Social Media,Australia,38,Male,Premium,51,20,2,44.32,235.61,2024-12-18,2024-12-23,Yes,Yes,MacOS,Unknown,PayPal,Chinese,Afternoon,8,Individual,jennifer.gonzalez426@outlook.com,,0
129974,Barbara Lopez,barbara.lopez603@company.com,Billing System,Bug Report,The payment was deducted from my bank account but the transaction shows failed.,The duplicate charge was reversed and refund processed within 3-5 business days.,Urgent,In Progress,Web Form,Africa,63,Male,Premium,24,16,2,54.67,193.3,2022-07-18,2022-07-26,No,Yes,iOS,Firefox,Crypto,German,Night,3,Corporate,barbara.lopez603@company.com,,0
132654,Elizabeth Davis,elizabeth.davis713@outlook.com,API Service,Security Concern,The system is not syncing data across devices properly.,Data synchronization restored after backend service restart.,Medium,Open,Phone,South America,64,Female,Premium,20,14,4,65.88,166.77,2023-06-09,2023-06-17,Yes,Yes,MacOS,Chrome,PayPal,English,Evening,10,Corporate,elizabeth.davis713@outlook.com,,0
120339,Susan Wilson,susan.wilson380@icloud.com,Web Portal,Account Suspension,I am experiencing very slow performance while using the dashboard.,Provided step-by-step troubleshooting instructions and issue resolved.,Medium,Pending Customer,Phone,Asia,57,Male,Free,59,13,4,46.69,8.01,2024-11-20,2024-12-01,No,Yes,Android,Unknown,Crypto,Spanish,Night,1,Small Business,susan.wilson380@icloud.com,2023-09-09,0
135469,Joseph Lopez,joseph.lopez119@company.com,CRM Platform,Bug Report,Two-factor authentication codes are not being delivered to my phone.,We have reset the account credentials and advised the customer to retry login.,Medium,In Progress,Phone,Europe,65,Other,Premium,33,13,5,10.24,186.22,2024-09-08,2024-09-21,Yes,No,Linux,Safari,Bank Transfer,Japanese,Evening,8,Individual,joseph.lopez119@company.com,,0
106284,Karen Smith,karen.smith834@yahoo.com,Cloud Storage,Payment Problem,My subscription was cancelled without my request and I need clarification.,The duplicate charge was reversed and refund processed within 3-5 business days.,Low,In Progress,Chat,South America,50,Female,Premium,28,19,4,32.66,236.99,2024-12-13,2024-12-23,No,No,iOS,Chrome,Crypto,Spanish,Morning,1,Individual,karen.smith834@yahoo.com,,0
66327,James Wilson,james.wilson785@company.com,E-commerce Store,Subscription Cancellation,I found a bug in the latest update affecting report generation.,Provided step-by-step troubleshooting instructions and issue resolved.,Medium,Closed,Web Form,Africa,29,Male,Enterprise,18,14,4,10.61,61.72,2024-09-21,2024-10-02,Yes,No,Android,Safari,Credit Card,French,Afternoon,3,Small Business,james.wilson785@company.com,2022-09-27,0
127239,Susan Moore,susan.moore143@icloud.com,Cloud Storage,Payment Problem,The application crashes whenever I try to upload a file.,Data synchronization restored after backend service restart.,Urgent,Pending Customer,Social Media,South America,58,Other,Enterprise,13,6,3,19.56,177.82,2024-07-27,2024-08-08,Yes,Yes,MacOS,Safari,Credit Card,Chinese,Morning,9,Individual,susan.moore143@icloud.com,,0
165464,Joseph Davis,joseph.davis662@hotmail.com,Web Portal,Login Issue,There seems to be a discrepancy in my billing statement for this month.,Data synchronization restored after backend service restart.,High,In Progress,Phone,Australia,35,Female,Basic,28,18,4,56.32,203.55,2022-09-17,2022-09-30,No,Yes,iOS,Safari,PayPal,English,Afternoon,1,Small Business,joseph.davis662@hotmail.com,,0
121786,Jessica Rodriguez,jessica.rodriguez74@gmail.com,Billing System,Account Suspension,The system is not syncing data across devices properly.,We have reset the account credentials and advised the customer to retry login.,Urgent,Closed,Email,Europe,33,Female,Free,8,16,5,3.88,124.3,2022-06-17,2022-06-24,Yes,No,Android,Edge,Debit Card,Spanish,Morning,6,Corporate,jessica.rodriguez74@gmail.com,,0
114488,John Davis,john.davis613@gmail.com,Cloud Storage,Login Issue,My subscription was cancelled without my request and I need clarification.,We have reset the account credentials and advised the customer to retry login.,Urgent,Pending Customer,Email,Australia,20,Other,Basic,28,15,5,44.91,63.78,2024-12-30,2025-01-05,No,Yes,Linux,Unknown,Debit Card,German,Evening,7,Corporate,john.davis613@gmail.com,,0
128115,Joseph Gonzalez,joseph.gonzalez225@gmail.com,Mobile App,Feature Request,I am experiencing very slow performance while using the dashboard.,The issue was escalated to engineering and resolved in the latest patch.,Low,Closed,Social Media,Europe,68,Male,Enterprise,43,9,1,22.08,184.88,2024-12-03,2024-12-14,No,No,iOS,Edge,Bank Transfer,Chinese,Afternoon,9,Corporate,joseph.gonzalez225@gmail.com,,0
164067,Robert Hernandez,robert.hernandez483@gmail.com,E-commerce Store,Payment Problem,The payment was deducted from my bank account but the transaction shows failed.,The duplicate charge was reversed and refund processed within 3-5 business days.,Urgent,Closed,Web Form,Africa,20,Other,Free,13,20,3,5.64,198.28,2022-09-18,2022-09-23,Yes,Yes,MacOS,Safari,Bank Transfer,Spanish,Morning,5,Small Business,robert.hernandez483@gmail.com,,0
86415,James Smith,james.smith71@company.com,Cloud Storage,Feature Request,I found a bug in the latest update affecting report generation.,Provided step-by-step troubleshooting instructions and issue resolved.,High,Resolved,Chat,Europe,39,Other,Free,2,3,3,56.22,167.72,2022-09-14,2022-09-20,Yes,No,iOS,Unknown,Crypto,English,Evening,1,Small Business,james.smith71@company.com,,0
64800,Mary Martinez,mary.martinez611@icloud.com,Analytics Dashboard,Account Suspension,The payment was deducted from my bank account but the transaction shows failed.,The issue was escalated to engineering and resolved in the latest patch.,Urgent,In Progress,Email,South America,41,Male,Free,34,6,5,34.7,177.18,2022-10-28,2022-11-01,Yes,Yes,Linux,Chrome,Crypto,Spanish,Afternoon,3,Small Business,mary.martinez611@icloud.com,,0
138775,James Johnson,james.johnson2@icloud.com,Analytics Dashboard,Data Sync Issue,I am experiencing very slow performance while using the dashboard.,We have reset the account credentials and advised the customer to retry login.,High,Closed,Email,Australia,75,Other,Free,33,11,3,23.01,224.78,2022-04-12,2022-04-19,Yes,No,Android,Chrome,Crypto,German,Morning,8,Individual,james.johnson2@icloud.com,,0
52760,John Moore,john.moore801@yahoo.com,Analytics Dashboard,Payment Problem,I found a bug in the latest update affecting report generation.,Subscription status corrected and confirmation email sent to customer.,High,In Progress,Phone,South America,58,Male,Enterprise,22,13,2,58.17,101.12,2024-05-07,2024-05-09,No,Yes,Linux,Chrome,Debit Card,Chinese,Afternoon,10,Small Business,john.moore801@yahoo.com,,0
173580,William Rodriguez,william.rodriguez419@yahoo.com,Subscription Service,Bug Report,My subscription was cancelled without my request and I need clarification.,The issue was escalated to engineering and resolved in the latest patch.,Urgent,Pending Customer,Email,Europe,69,Other,Basic,27,9,3,33.7,42.22,2024-10-24,2024-10-31,No,Yes,Linux,Chrome,Credit Card,German,Evening,2,Small Business,william.rodriguez419@yahoo.com,,0
123473,Joseph Davis,joseph.davis269@company.com,Cloud Storage,Data Sync Issue,Two-factor authentication codes are not being delivered to my phone.,The issue was escalated to engineering and resolved in the latest patch.,Low,Resolved,Email,Asia,37,Female,Enterprise,13,1,5,47.95,131.05,2022-02-02,2022-02-15,Yes,Yes,Linux,Chrome,Bank Transfer,Chinese,Morning,2,Individual,joseph.davis269@company.com,,0
184921,Mary Jackson,mary.jackson530@outlook.com,E-commerce Store,Login Issue,There seems to be a discrepancy in my billing statement for this month.,Subscription status corrected and confirmation email sent to customer.,Low,Pending Customer,Social Media,South America,26,Other,Free,6,15,3,60.02,125.21,2023-01-16,2023-01-24,Yes,No,Linux,Firefox,PayPal,Japanese,Morning,3,Small Business,mary.jackson530@outlook.com,,0
103430,Karen Rodriguez,karen.rodriguez926@yahoo.com,Subscription Service,Bug Report,I found a bug in the latest update affecting report generation.,Provided step-by-step troubleshooting instructions and issue resolved.,Urgent,Resolved,Email,North America,46,Male,Free,40,16,3,9.58,168.0,2022-04-16,2022-04-21,Yes,No,MacOS,Unknown,PayPal,Japanese,Evening,7,Individual,karen.rodriguez926@yahoo.com,,0
145391,Richard Wilson,richard.wilson494@company.com,CRM Platform,Bug Report,There seems to be a discrepancy in my billing statement for this month.,Explained billing breakdown and clarified applicable charges.,Medium,Open,Email,Africa,25,Male,Enterprise,43,16,5,23.06,49.31,2022-06-03,2022-06-05,Yes,No,iOS,Chrome,PayPal,Spanish,Evening,3,Small Business,richard.wilson494@company.com,,0
178611,Michael Taylor,michael.taylor422@outlook.com,Subscription Service,Bug Report,My subscription was cancelled without my request and I need clarification.,We have reset the account credentials and advised the customer to retry login.,High,Closed,Chat,Africa,19,Male,Enterprise,26,15,5,1.99,182.37,2022-12-09,2022-12-18,No,No,Android,Safari,PayPal,Japanese,Evening,2,Individual,michael.taylor422@outlook.com,,0
44466,Susan Moore,susan.moore344@yahoo.com,Payment Gateway,Feature Request,Two-factor authentication codes are not being delivered to my phone.,The duplicate charge was reversed and refund processed within 3-5 business days.,Urgent,Pending Customer,Chat,South America,61,Other,Enterprise,32,1,2,49.69,57.43,2022-02-24,2022-03-05,Yes,Yes,Android,Safari,Credit Card,Spanish,Afternoon,1,Small Business,susan.moore344@yahoo.com,,0
136505,Elizabeth Williams,elizabeth.williams386@gmail.com,Billing System,Security Concern,My subscription was cancelled without my request and I need clarification.,Explained billing breakdown and clarified applicable charges.,Low,Resolved,Web Form,Europe,49,Female,Enterprise,30,18,4,27.15,100.57,2024-04-25,2024-05-01,Yes,No,iOS,Safari,PayPal,English,Evening,9,Individual,elizabeth.williams386@gmail.com,,0
10762,Joseph Rodriguez,joseph.rodriguez15@hotmail.com,Analytics Dashboard,Login Issue,My subscription was cancelled without my request and I need clarification.,The duplicate charge was reversed and refund processed within 3-5 business days.,Medium,Closed,Email,South America,72,Male,Premium,40,5,5,60.6,181.1,2024-02-10,2024-02-22,No,Yes,Windows,Safari,Crypto,Chinese,Evening,7,Individual,joseph.rodriguez15@hotmail.com,,0
3770,Jessica Anderson,jessica.anderson379@hotmail.com,API Service,Payment Problem,Two-factor authentication codes are not being delivered to my phone.,Security settings updated and customer notified of precautionary measures.,Urgent,Pending Customer,Web Form,North America,70,Male,Enterprise,2,2,4,39.64,230.77,2022-10-13,2022-10-16,No,No,MacOS,Edge,Crypto,Japanese,Evening,7,Corporate,jessica.anderson379@hotmail.com,,0
149840,Michael Garcia,michael.garcia886@company.com,E-commerce Store,Data Sync Issue,There seems to be a discrepancy in my billing statement for this month.,Payment gateway timeout issue fixed and monitoring implemented.,Urgent,Open,Web Form,North America,61,Female,Enterprise,59,12,1,34.82,26.58,2022-07-16,2022-07-29,No,No,iOS,Chrome,PayPal,English,Afternoon,3,Individual,michael.garcia886@company.com,,0
20358,James Brown,james.brown546@hotmail.com,CRM Platform,Data Sync Issue,I would like to request a refund for the recent charge.,Explained billing breakdown and clarified applicable charges.,Urgent,Pending Customer,Phone,North America,30,Other,Premium,13,1,3,22.98,68.44,2023-06-16,2023-06-19,Yes,Yes,iOS,Firefox,Bank Transfer,German,Afternoon,9,Individual,james.brown546@hotmail.com,,0
5380,Susan Lopez,susan.lopez306@gmail.com,Mobile App,Payment Problem,I am experiencing very slow performance while using the dashboard.,Provided step-by-step troubleshooting instructions and issue resolved.,Urgent,Open,Phone,Asia,46,Female,Premium,16,17,1,5.91,119.06,2024-02-14,2024-02-22,No,Yes,Windows,Unknown,Crypto,English,Morning,4,Corporate,susan.lopez306@gmail.com,,0
151791,Sarah Miller,sarah.miller310@outlook.com,Mobile App,Account Suspension,I am experiencing very slow performance while using the dashboard.,Provided step-by-step troubleshooting instructions and issue resolved.,Medium,In Progress,Chat,Asia,68,Female,Free,17,5,1,70.5,167.24,2022-07-21,2022-07-31,Yes,No,Android,Unknown,Credit Card,Chinese,Night,4,Small Business,sarah.miller310@outlook.com,,0
190189,Linda Johnson,linda.johnson904@company.com,Analytics Dashboard,Data Sync Issue,I am experiencing very slow performance while using the dashboard.,Security settings updated and customer notified of precautionary measures.,Urgent,Open,Phone,Asia,67,Other,Basic,24,4,1,27.1,148.66,2022-11-14,2022-11-14,No,Yes,iOS,Firefox,Crypto,German,Night,10,Individual,linda.johnson904@company.com,,0
140550,Elizabeth Jones,elizabeth.jones53@gmail.com,Mobile App,Login Issue,My subscription was cancelled without my request and I need clarification.,Provided step-by-step troubleshooting instructions and issue resolved.,Low,Pending Customer,Web Form,Europe,55,Female,Premium,60,9,5,23.25,148.08,2023-09-10,2023-09-14,No,No,Windows,Unknown,Crypto,Japanese,Evening,10,Individual,elizabeth.jones53@gmail.com,,0
112497,Elizabeth Garcia,elizabeth.garcia735@hotmail.com,Web Portal,Login Issue,The payment was deducted from my bank account but the transaction shows failed.,The issue was escalated to engineering and resolved in the latest patch.,Urgent,Pending Customer,Chat,Asia,71,Male,Enterprise,12,1,1,57.62,129.99,2022-05-25,2022-06-01,No,Yes,iOS,Safari,Credit Card,Japanese,Night,8,Small Business,elizabeth.garcia735@hotmail.com,,0
106220,Barbara Gonzalez,barbara.gonzalez316@outlook.com,Subscription Service,Subscription Cancellation,I found a bug in the latest update affecting report generation.,The issue was escalated to engineering and resolved in the latest patch.,Medium,Open,Email,Europe,54,Male,Premium,31,11,4,46.0,182.09,2022-05-15,2022-05-18,No,Yes,Linux,Edge,PayPal,English,Afternoon,2,Corporate,barbara.gonzalez316@outlook.com,,0
140978,Jennifer Johnson,jennifer.johnson67@outlook.com,Analytics Dashboard,Subscription Cancellation,There seems to be a discrepancy in my billing statement for this month.,The issue was escalated to engineering and resolved in the latest patch.,Medium,Resolved,Email,North America,58,Female,Premium,27,6,3,57.0,229.83,2023-10-26,2023-10-29,No,Yes,MacOS,Edge,Bank Transfer,Spanish,Evening,9,Small Business,jennifer.johnson67@outlook.com,,0
8501,Patricia Martinez,patricia.martinez424@company.com,Billing System,Payment Problem,I am unable to access my account after entering the correct credentials.,The issue was escalated to engineering and resolved in the latest patch.,Medium,Pending Customer,Email,Asia,43,Male,Premium,3,18,5,5.73,231.88,2023-05-22,2023-05-31,Yes,No,Windows,Firefox,Debit Card,Japanese,Evening,10,Individual,patricia.martinez424@company.com,,0
3331,William Martinez,william.martinez133@yahoo.com,Cloud Storage,Data Sync Issue,The application crashes whenever I try to upload a file.,Provided step-by-step troubleshooting instructions and issue resolved.,High,Closed,Phone,Europe,47,Female,Free,9,20,4,47.3,131.1,2024-12-24,2025-01-02,Yes,No,MacOS,Chrome,Crypto,Spanish,Afternoon,8,Small Business,william.martinez133@yahoo.com,,0
95939,David Martin,david.martin995@company.com,Mobile App,Feature Request,My subscription was cancelled without my request and I need clarification.,Security settings updated and customer notified of precautionary measures.,Low,Closed,Web Form,Australia,41,Female,Free,28,12,1,36.44,41.98,2023-03-28,2023-04-01,No,No,Android,Safari,Bank Transfer,Chinese,Afternoon,2,Small Business,david.martin995@company.com,,0
132555,Linda Miller,linda.miller94@yahoo.com,Cloud Storage,Refund Request,The application crashes whenever I try to upload a file.,Bug logged internally and workaround shared with the customer.,Medium,In Progress,Email,Australia,43,Other,Free,16,4,2,21.89,99.57,2023-12-26,2024-01-09,Yes,No,iOS,Firefox,Crypto,French,Morning,3,Individual,linda.miller94@yahoo.com,,0
25077,Joseph Lopez,joseph.lopez682@yahoo.com,API Service,Security Concern,Two-factor authentication codes are not being delivered to my phone.,Payment gateway timeout issue fixed and monitoring implemented.,High,Open,Phone,Europe,54,Female,Free,5,1,5,28.51,120.4,2022-01-29,2022-02-05,No,No,Linux,Unknown,Bank Transfer,Spanish,Night,7,Corporate,joseph.lopez682@yahoo.com,,0
128494,Sarah Moore,sarah.moore844@company.com,Mobile App,Feature Request,I found a bug in the latest update affecting report generation.,The issue was escalated to engineering and resolved in the latest patch.,Low,Pending Customer,Email,South America,54,Other,Premium,8,11,5,12.5,207.4,2022-05-11,2022-05-24,No,No,Linux,Safari,PayPal,Japanese,Afternoon,9,Small Business,sarah.moore844@company.com,,0
176127,Jennifer Thomas,jennifer.thomas900@company.com,Mobile App,Login Issue,The application crashes whenever I try to upload a file.,Subscription status corrected and confirmation email sent to customer.,High,In Progress,Social Media,Africa,38,Male,Free,20,14,1,24.56,25.58,2024-12-30,2025-01-13,No,Yes,Linux,Unknown,Crypto,Japanese,Morning,10,Corporate,jennifer.thomas900@company.com,,0
189080,James Taylor,james.taylor212@hotmail.com,Subscription Service,Performance Issue,The system is not syncing data across devices properly.,Bug logged internally and workaround shared with the customer.,High,In Progress,Social Media,Europe,54,Other,Premium,23,20,2,0.66,6.2,2023-02-17,2023-02-21,No,No,MacOS,Safari,Debit Card,Chinese,Afternoon,6,Small Business,james.taylor212@hotmail.com,,0
131336,Patricia Johnson,patricia.johnson709@company.com,Web Portal,Feature Request,The system is not syncing data across devices properly.,The duplicate charge was reversed and refund processed within 3-5 business days.,Medium,Pending Customer,Web Form,Africa,20,Other,Enterprise,36,11,5,2.69,217.33,2022-10-14,2022-10-23,No,Yes,iOS,Firefox,Credit Card,Spanish,Night,9,Small Business,patricia.johnson709@company.com,,0
2450,Linda Gonzalez,linda.gonzalez585@company.com,CRM Platform,Login Issue,I am unable to access my account after entering the correct credentials.,The duplicate charge was reversed and refund processed within 3-5 business days.,Low,In Progress,Phone,Europe,25,Female,Basic,40,5,2,52.48,97.82,2023-11-14,2023-11-21,Yes,Yes,Android,Firefox,Debit Card,French,Night,2,Individual,linda.gonzalez585@company.com,,0
58320,Thomas Moore,thomas.moore561@company.com,Subscription Service,Feature Request,I would like to request a refund for the recent charge.,Security settings updated and customer notified of precautionary measures.,Urgent,Open,Web Form,North America,68,Female,Free,11,15,2,19.46,65.55,2024-08-01,2024-08-04,Yes,Yes,Android,Firefox,Crypto,French,Morning,8,Small Business,thomas.moore561@company.com,,0
113059,Jennifer Martinez,jennifer.martinez319@company.com,Web Portal,Performance Issue,I found a bug in the latest update affecting report generation.,Explained billing breakdown and clarified applicable charges.,Low,Closed,Social Media,Europe,40,Other,Free,14,14,1,12.53,206.57,2022-06-28,2022-07-02,No,No,Android,Unknown,Credit Card,German,Night,1,Individual,jennifer.martinez319@company.com,,0
84144,Joseph Williams,joseph.williams846@company.com,Mobile App,Login Issue,I would like to request a refund for the recent charge.,Security settings updated and customer notified of precautionary measures.,High,Open,Phone,Africa,21,Other,Basic,34,4,1,53.87,44.39,2024-12-11,2024-12-14,No,Yes,Android,Unknown,Bank Transfer,English,Morning,4,Individual,joseph.williams846@company.com,2023-10-09,0
169487,William Wilson,william.wilson642@company.com,Analytics Dashboard,Security Concern,The application crashes whenever I try to upload a file.,Explained billing breakdown and clarified applicable charges.,Medium,Pending Customer,Chat,South America,57,Male,Free,33,14,4,3.67,232.1,2022-12-02,2022-12-03,No,No,MacOS,Chrome,Bank Transfer,German,Afternoon,7,Individual,william.wilson642@company.com,,0
189733,John Lopez,john.lopez107@yahoo.com,E-commerce Store,Data Sync Issue,There seems to be a discrepancy in my billing statement for this month.,Security settings updated and customer notified of precautionary measures.,Medium,Closed,Social Media,Europe,42,Female,Free,38,12,4,15.95,89.34,2023-07-07,2023-07-21,Yes,Yes,Android,Chrome,Credit Card,Spanish,Evening,8,Corporate,john.lopez107@yahoo.com,,0
55862,Karen Martinez,karen.martinez82@company.com,Mobile App,Subscription Cancellation,The system is not syncing data across devices properly.,Subscription status corrected and confirmation email sent to customer.,Urgent,In Progress,Email,Europe,75,Male,Basic,42,9,2,63.95,152.89,2022-11-15,2022-11-15,Yes,No,iOS,Edge,Credit Card,Chinese,Morning,10,Individual,karen.martinez82@company.com,,0
49149,Jessica Martinez,jessica.martinez374@gmail.com,E-commerce Store,Refund Request,I would like to request a refund for the recent charge.,We have reset the account credentials and advised the customer to retry login.,Urgent,In Progress,Email,North America,29,Female,Free,6,14,2,17.2,136.83,2022-11-13,2022-11-19,Yes,No,MacOS,Chrome,PayPal,Spanish,Night,7,Corporate,jessica.martinez374@gmail.com,,0
47321,Jessica Wilson,jessica.wilson838@icloud.com,Web Portal,Bug Report,The payment was deducted from my bank account but the transaction shows failed.,Subscription status corrected and confirmation email sent to customer.,Urgent,Open,Phone,Europe,26,Other,Basic,25,7,4,31.71,80.15,2024-08-23,2024-08-29,Yes,No,Linux,Unknown,Debit Card,French,Night,1,Individual,jessica.wilson838@icloud.com,,0
28651,William Jones,william.jones535@hotmail.com,Payment Gateway,Feature Request,The application crashes whenever I try to upload a file.,Provided step-by-step troubleshooting instructions and issue resolved.,Low,Closed,Web Form,South America,37,Male,Enterprise,28,6,5,4.49,71.32,2023-09-11,2023-09-12,Yes,No,Android,Edge,Bank Transfer,English,Morning,4,Corporate,william.jones535@hotmail.com,,0
108486,Mary Jackson,mary.jackson502@gmail.com,CRM Platform,Account Suspension,My subscription was cancelled without my request and I need clarification.,Provided step-by-step troubleshooting instructions and issue resolved.,High,Resolved,Social Media,South America,73,Female,Enterprise,53,2,1,17.05,130.0,2024-04-05,2024-04-15,No,No,MacOS,Unknown,Debit Card,English,Morning,8,Small Business,mary.jackson502@gmail.com,2022-03-26,0
88602,Thomas Martinez,thomas.martinez233@icloud.com,Mobile App,Feature Request,I found a bug in the latest update affecting report generation.,Explained billing breakdown and clarified applicable charges.,Low,In Progress,Web Form,Australia,18,Male,Enterprise,51,12,2,11.14,70.75,2024-08-13,2024-08-20,Yes,Yes,Linux,Safari,PayPal,French,Afternoon,6,Small Business,thomas.martinez233@icloud.com,,0
150690,Richard Brown,richard.brown914@icloud.com,Subscription Service,Performance Issue,There seems to be a discrepancy in my billing statement for this month.,Bug logged internally and workaround shared with the customer.,Medium,In Progress,Email,North America,61,Female,Enterprise,34,9,3,32.93,116.91,2024-12-11,2024-12-16,No,Yes,Windows,Safari,Credit Card,Chinese,Morning,3,Corporate,richard.brown914@icloud.com,,0
76747,Michael Hernandez,michael.hernandez177@gmail.com,Billing System,Data Sync Issue,There seems to be a discrepancy in my billing statement for this month.,The duplicate charge was reversed and refund processed within 3-5 business days.,Low,Closed,Web Form,Europe,45,Other,Basic,7,19,1,45.93,223.01,2023-03-29,2023-03-31,Yes,Yes,Windows,Chrome,PayPal,English,Night,5,Small Business,michael.hernandez177@gmail.com,,0
132781,Richard Anderson,richard.anderson910@hotmail.com,CRM Platform,Login Issue,The system is not syncing data across devices properly.,Payment gateway timeout issue fixed and monitoring implemented.,High,Pending Customer,Social Media,Australia,35,Female,Premium,48,5,2,54.68,78.75,2022-09-27,2022-10-01,No,No,iOS,Edge,Credit Card,German,Morning,7,Corporate,richard.anderson910@hotmail.com,,0
17117,Joseph Anderson,joseph.anderson978@icloud.com,Cloud Storage,Payment Problem,I found a bug in the latest update affecting report generation.,Explained billing breakdown and clarified applicable charges.,Low,Closed,Email,Australia,59,Female,Basic,24,17,5,5.06,189.32,2024-09-22,2024-09-24,No,Yes,iOS,Chrome,PayPal,Japanese,Night,1,Individual,joseph.anderson978@icloud.com,,0
168938,James Williams,james.williams653@company.com,Payment Gateway,Security Concern,I am experiencing very slow performance while using the dashboard.,Subscription status corrected and confirmation email sent to customer.,High,Pending Customer,Chat,Australia,40,Other,Free,34,6,2,69.35,170.64,2024-08-29,2024-09-05,Yes,No,Linux,Firefox,PayPal,French,Night,4,Individual,james.williams653@company.com,,0
155928,James Wilson,james.wilson21@hotmail.com,API Service,Subscription Cancellation,My subscription was cancelled without my request and I need clarification.,The issue was escalated to engineering and resolved in the latest patch.,Medium,Pending Customer,Chat,Australia,27,Male,Enterprise,26,2,1,47.15,101.21,2024-08-12,2024-08-20,Yes,No,Linux,Chrome,PayPal,English,Evening,5,Small Business,james.wilson21@hotmail.com,,0
135384,William Gonzalez,william.gonzalez564@company.com,Web Portal,Data Sync Issue,There seems to be a discrepancy in my billing statement for this month.,Security settings updated and customer notified of precautionary measures.,Urgent,In Progress,Chat,Africa,64,Female,Free,30,6,1,0.84,108.4,2023-11-12,2023-11-20,No,Yes,MacOS,Edge,Bank Transfer,Japanese,Morning,7,Individual,william.gonzalez564@company.com,,0
132685,Joseph Moore,joseph.moore789@hotmail.com,Mobile App,Account Suspension,I am unable to access my account after entering the correct credentials.,Explained billing breakdown and clarified applicable charges.,Low,Pending Customer,Phone,Africa,28,Other,Premium,55,14,4,30.45,27.78,2024-07-18,2024-07-18,Yes,No,Windows,Unknown,Crypto,English,Night,9,Corporate,joseph.moore789@hotmail.com,2023-06-12,0
87649,James Smith,james.smith105@gmail.com,Mobile App,Bug Report,I found a bug in the latest update affecting report generation.,The duplicate charge was reversed and refund processed within 3-5 business days.,Medium,Pending Customer,Chat,Europe,48,Male,Enterprise,40,10,5,54.91,43.63,2023-01-15,2023-01-29,Yes,Yes,Android,Unknown,Bank Transfer,Chinese,Afternoon,10,Corporate,james.smith105@gmail.com,,0
106445,Elizabeth Rodriguez,elizabeth.rodriguez961@outlook.com,Billing System,Payment Problem,The payment was deducted from my bank account but the transaction shows failed.,Subscription status corrected and confirmation email sent to customer.,Medium,Pending Customer,Social Media,Asia,72,Male,Free,31,3,5,34.42,24.92,2022-09-08,2022-09-13,No,Yes,MacOS,Unknown,Credit Card,Japanese,Morning,5,Small Business,elizabeth.rodriguez961@outlook.com,,0
191367,Elizabeth Miller,elizabeth.miller445@gmail.com,Analytics Dashboard,Subscription Cancellation,The payment was deducted from my bank account but the transaction shows failed.,The issue was escalated to engineering and resolved in the latest patch.,Urgent,In Progress,Web Form,Asia,22,Other,Enterprise,51,5,1,43.61,74.6,2023-10-18,2023-10-19,Yes,Yes,Windows,Unknown,Crypto,Chinese,Evening,1,Corporate,elizabeth.miller445@gmail.com,,0
9722,Linda Garcia,linda.garcia859@hotmail.com,CRM Platform,Feature Request,I would like to request a refund for the recent charge.,Bug logged internally and workaround shared with the customer.,High,Closed,Web Form,South America,27,Other,Basic,13,5,1,31.95,96.32,2022-08-21,2022-09-02,Yes,Yes,Android,Chrome,Bank Transfer,French,Morning,1,Small Business,linda.garcia859@hotmail.com,,0
32247,Patricia Martinez,patricia.martinez718@company.com,E-commerce Store,Subscription Cancellation,I would like to request a refund for the recent charge.,Bug logged internally and workaround shared with the customer.,High,Resolved,Web Form,North America,25,Other,Premium,44,17,4,3.32,60.41,2024-05-14,2024-05-18,Yes,Yes,Linux,Safari,Crypto,Japanese,Night,4,Corporate,patricia.martinez718@company.com,,0
60278,Mary Jackson,mary.jackson948@icloud.com,E-commerce Store,Account Suspension,My subscription was cancelled without my request and I need clarification.,Bug logged internally and workaround shared with the customer.,Low,Closed,Chat,Australia,35,Other,Basic,27,18,4,71.27,113.3,2022-09-06,2022-09-12,No,Yes,Android,Safari,Debit Card,English,Night,6,Small Business,mary.jackson948@icloud.com,,0
131779,Robert Smith,robert.smith960@yahoo.com,Analytics Dashboard,Refund Request,I would like to request a refund for the recent charge.,The duplicate charge was reversed and refund processed within 3-5 business days.,High,In Progress,Chat,Europe,39,Other,Enterprise,49,18,2,59.38,53.65,2022-08-26,2022-09-02,Yes,No,MacOS,Unknown,Debit Card,English,Morning,10,Small Business,robert.smith960@yahoo.com,,0
98663,John Hernandez,john.hernandez723@gmail.com,Cloud Storage,Bug Report,My subscription was cancelled without my request and I need clarification.,Payment gateway timeout issue fixed and monitoring implemented.,Low,Open,Email,South America,24,Male,Enterprise,27,8,2,60.83,171.6,2024-12-30,2025-01-07,Yes,Yes,Windows,Unknown,Credit Card,German,Night,4,Individual,john.hernandez723@gmail.com,,0
72198,Patricia Taylor,patricia.taylor815@gmail.com,API Service,Bug Report,I would like to request a refund for the recent charge.,Security settings updated and customer notified of precautionary measures.,High,Pending Customer,Phone,Asia,40,Female,Basic,24,7,3,8.44,237.17,2024-02-13,2024-02-15,No,No,MacOS,Edge,Credit Card,German,Afternoon,6,Corporate,patricia.taylor815@gmail.com,,0
102230,Robert Martinez,robert.martinez952@outlook.com,Mobile App,Refund Request,The system is not syncing data across devices properly.,The issue was escalated to engineering and resolved in the latest patch.,Medium,Open,Social Media,Europe,23,Male,Free,45,9,5,71.8,39.52,2024-05-22,2024-05-23,No,No,Linux,Safari,Debit Card,French,Afternoon,10,Corporate,robert.martinez952@outlook.com,,0
94954,Robert Brown,robert.brown829@company.com,Analytics Dashboard,Login Issue,The system is not syncing data across devices properly.,We have reset the account credentials and advised the customer to retry login.,Medium,Pending Customer,Email,South America,33,Other,Basic,28,14,2,6.61,138.18,2023-12-05,2023-12-10,Yes,No,Linux,Firefox,Crypto,German,Morning,6,Small Business,robert.brown829@company.com,,0
118746,Mary Jones,mary.jones293@hotmail.com,Payment Gateway,Refund Request,Two-factor authentication codes are not being delivered to my phone.,Provided step-by-step troubleshooting instructions and issue resolved.,Medium,Resolved,Phone,North America,18,Male,Free,2,8,4,37.24,229.96,2024-01-23,2024-01-29,No,Yes,Linux,Unknown,Crypto,Spanish,Evening,4,Individual,mary.jones293@hotmail.com,,0
178226,Mary Martin,mary.martin11@icloud.com,Web Portal,Refund Request,My subscription was cancelled without my request and I need clarification.,Provided step-by-step troubleshooting instructions and issue resolved.,Medium,Closed,Web Form,Asia,40,Other,Basic,3,12,4,21.66,169.02,2024-11-10,2024-11-21,No,No,MacOS,Edge,Credit Card,Spanish,Evening,9,Corporate,mary.martin11@icloud.com,,0
36845,Thomas Williams,thomas.williams519@outlook.com,Analytics Dashboard,Subscription Cancellation,There seems to be a discrepancy in my billing statement for this month.,Subscription status corrected and confirmation email sent to customer.,Urgent,Resolved,Email,Australia,61,Male,Premium,52,6,5,39.85,36.0,2024-06-04,2024-06-17,No,Yes,iOS,Chrome,Credit Card,Japanese,Evening,1,Corporate,thomas.williams519@outlook.com,,0
38208,Joseph Thomas,joseph.thomas513@company.com,Billing System,Refund Request,The application crashes whenever I try to upload a file.,We have reset the account credentials and advised the customer to retry login.,Low,Pending Customer,Phone,North America,67,Other,Enterprise,5,8,3,7.29,192.82,2023-10-24,2023-10-29,No,Yes,MacOS,Chrome,Bank Transfer,Chinese,Morning,8,Small Business,joseph.thomas513@company.com,,0
151380,James Gonzalez,james.gonzalez232@gmail.com,Analytics Dashboard,Subscription Cancellation,I am unable to access my account after entering the correct credentials.,Subscription status corrected and confirmation email sent to customer.,Medium,Closed,Chat,South America,74,Other,Free,50,14,1,18.9,159.22,2022-12-13,2022-12-22,Yes,Yes,iOS,Firefox,Bank Transfer,Chinese,Afternoon,3,Individual,james.gonzalez232@gmail.com,,0
53472,Elizabeth Johnson,elizabeth.johnson162@icloud.com,E-commerce Store,Subscription Cancellation,My subscription was cancelled without my request and I need clarification.,The duplicate charge was reversed and refund processed within 3-5 business days.,Urgent,Closed,Phone,Europe,35,Other,Free,26,4,4,30.77,224.97,2022-09-10,2022-09-12,No,Yes,Android,Safari,PayPal,English,Evening,7,Corporate,elizabeth.johnson162@icloud.com,,0
123662,Jessica Martinez,jessica.martinez955@gmail.com,E-commerce Store,Performance Issue,There seems to be a discrepancy in my billing statement for this month.,Bug logged internally and workaround shared with the customer.,Urgent,Resolved,Web Form,Africa,53,Other,Premium,14,16,3,67.62,190.52,2022-11-25,2022-12-01,No,No,Windows,Unknown,Credit Card,French,Evening,8,Small Business,jessica.martinez955@gmail.com,,0
138905,David Moore,david.moore758@yahoo.com,Analytics Dashboard,Payment Problem,The application crashes whenever I try to upload a file.,Subscription status corrected and confirmation email sent to customer.,Urgent,Resolved,Email,Asia,32,Male,Free,60,17,2,46.82,216.91,2024-06-11,2024-06-11,No,No,Android,Firefox,Bank Transfer,English,Morning,3,Individual,david.moore758@yahoo.com,,0
197642,Michael Brown,michael.brown685@outlook.com,Payment Gateway,Data Sync Issue,I would like to request a refund for the recent charge.,Bug logged internally and workaround shared with the customer.,Urgent,Pending Customer,Social Media,North America,32,Other,Basic,58,20,4,12.47,54.97,2022-09-07,2022-09-17,No,No,Windows,Firefox,PayPal,Chinese,Night,4,Small Business,michael.brown685@outlook.com,,0
119025,Elizabeth Taylor,elizabeth.taylor601@company.com,Web Portal,Feature Request,I am unable to access my account after entering the correct credentials.,Explained billing breakdown and clarified applicable charges.,High,In Progress,Email,Africa,37,Female,Enterprise,42,3,3,7.37,232.58,2022-11-23,2022-12-05,No,Yes,iOS,Unknown,Credit Card,French,Afternoon,5,Small Business,elizabeth.taylor601@company.com,,0
30454,Charles Davis,charles.davis319@icloud.com,CRM Platform,Performance Issue,Two-factor authentication codes are not being delivered to my phone.,Bug logged internally and workaround shared with the customer.,Low,Open,Phone,Africa,65,Other,Basic,59,16,4,6.2,45.47,2022-06-21,2022-06-23,No,Yes,MacOS,Unknown,Crypto,Japanese,Night,9,Corporate,charles.davis319@icloud.com,2022-04-15,0
144154,Robert Rodriguez,robert.rodriguez883@icloud.com,Analytics Dashboard,Refund Request,I am experiencing very slow performance while using the dashboard.,The duplicate charge was reversed and refund processed within 3-5 business days.,Urgent,Closed,Chat,North America,48,Other,Premium,18,3,5,66.58,114.48,2024-11-20,2024-11-21,Yes,No,iOS,Chrome,PayPal,German,Evening,10,Individual,robert.rodriguez883@icloud.com,,0
90486,William Rodriguez,william.rodriguez129@yahoo.com,Cloud Storage,Feature Request,Two-factor authentication codes are not being delivered to my phone.,We have reset the account credentials and advised the customer to retry login.,Low,In Progress,Chat,Asia,61,Male,Enterprise,57,2,4,51.8,83.63,2024-05-07,2024-05-11,Yes,Yes,Windows,Firefox,Debit Card,Chinese,Night,7,Corporate,william.rodriguez129@yahoo.com,,0
39328,Mary Jones,mary.jones840@icloud.com,Cloud Storage,Subscription Cancellation,I am experiencing very slow performance while using the dashboard.,We have reset the account credentials and advised the customer to retry login.,Low,Pending Customer,Web Form,Europe,72,Other,Enterprise,10,18,2,57.9,37.92,2022-09-20,2022-09-27,Yes,Yes,Windows,Safari,Bank Transfer,Spanish,Evening,9,Individual,mary.jones840@icloud.com,,0
89538,Sarah Jones,sarah.jones237@outlook.com,Cloud Storage,Security Concern,I would like to request a refund for the recent charge.,Provided step-by-step troubleshooting instructions and issue resolved.,High,Closed,Social Media,Australia,39,Female,Basic,8,18,1,53.15,1.24,2024-10-17,2024-10-28,Yes,Yes,iOS,Chrome,PayPal,Spanish,Night,5,Corporate,sarah.jones237@outlook.com,,0
145819,Elizabeth Martinez,elizabeth.martinez429@gmail.com,CRM Platform,Security Concern,Two-factor authentication codes are not being delivered to my phone.,We have reset the account credentials and advised the customer to retry login.,Medium,Resolved,Email,South America,72,Female,Basic,51,11,4,14.11,52.12,2023-12-20,2023-12-22,Yes,Yes,iOS,Unknown,Debit Card,Chinese,Night,6,Small Business,elizabeth.martinez429@gmail.com,,0
96405,John Anderson,john.anderson783@company.com,CRM Platform,Payment Problem,Two-factor authentication codes are not being delivered to my phone.,Payment gateway timeout issue fixed and monitoring implemented.,Urgent,Resolved,Chat,Africa,21,Male,Enterprise,40,5,4,43.29,228.35,2022-08-28,2022-08-30,No,Yes,Android,Unknown,Credit Card,French,Evening,10,Individual,john.anderson783@company.com,,0
7633,Sarah Garcia,sarah.garcia223@gmail.com,Subscription Service,Subscription Cancellation,My subscription was cancelled without my request and I need clarification.,Payment gateway timeout issue fixed and monitoring implemented.,Low,Open,Email,South America,39,Male,Basic,23,15,2,70.64,58.45,2024-03-11,2024-03-18,No,Yes,Android,Unknown,Debit Card,English,Afternoon,10,Individual,sarah.garcia223@gmail.com,,0
139152,James Jones,james.jones63@icloud.com,E-commerce Store,Subscription Cancellation,I am experiencing very slow performance while using the dashboard.,The issue was escalated to engineering and resolved in the latest patch.,High,Closed,Email,Asia,34,Male,Free,34,13,4,44.2,83.55,2022-02-27,2022-03-08,No,Yes,iOS,Edge,Credit Card,Spanish,Evening,4,Corporate,james.jones63@icloud.com,,0
112921,Mary Brown,mary.brown74@company.com,Web Portal,Refund Request,Two-factor authentication codes are not being delivered to my phone.,The duplicate charge was reversed and refund processed within 3-5 business days.,Low,Pending Customer,Web Form,South America,72,Female,Premium,5,6,1,37.43,201.0,2023-03-25,2023-04-06,No,Yes,Windows,Unknown,Credit Card,English,Morning,5,Small Business,mary.brown74@company.com,,0
163525,Patricia Gonzalez,patricia.gonzalez412@icloud.com,E-commerce Store,Login Issue,The system is not syncing data across devices properly.,Bug logged internally and workaround shared with the customer.,High,Open,Phone,North America,55,Female,Premium,5,0,1,35.29,206.66,2023-05-24,2023-05-30,Yes,Yes,Android,Firefox,PayPal,German,Morning,7,Small Business,patricia.gonzalez412@icloud.com,,0
37543,Sarah Martin,sarah.martin936@outlook.com,E-commerce Store,Security Concern,The payment was deducted from my bank account but the transaction shows failed.,We have reset the account credentials and advised the customer to retry login.,Low,Open,Social Media,Europe,65,Female,Premium,24,6,2,46.9,90.56,2023-01-07,2023-01-13,Yes,No,iOS,Chrome,Crypto,French,Evening,6,Small Business,sarah.martin936@outlook.com,,0
1238,Joseph Garcia,joseph.garcia918@outlook.com,CRM Platform,Subscription Cancellation,The payment was deducted from my bank account but the transaction shows failed.,Security settings updated and customer notified of precautionary measures.,Urgent,Closed,Chat,Europe,67,Female,Enterprise,1,3,1,49.21,74.67,2024-01-14,2024-01-23,Yes,No,iOS,Firefox,Debit Card,Japanese,Night,1,Corporate,joseph.garcia918@outlook.com,,0
118191,Joseph Martinez,joseph.martinez583@outlook.com,Subscription Service,Security Concern,The application crashes whenever I try to upload a file.,Explained billing breakdown and clarified applicable charges.,Low,Closed,Email,Australia,49,Male,Premium,18,9,2,70.91,166.46,2022-04-25,2022-04-27,Yes,No,Android,Firefox,Debit Card,French,Afternoon,8,Small Business,joseph.martinez583@outlook.com,,0
119547,Patricia Jones,patricia.jones710@outlook.com,Billing System,Data Sync Issue,The payment was deducted from my bank account but the transaction shows failed.,Security settings updated and customer notified of precautionary measures.,Medium,Pending Customer,Chat,Australia,65,Male,Premium,47,20,2,45.88,171.57,2024-05-26,2024-06-01,No,Yes,Windows,Unknown,Bank Transfer,French,Night,10,Small Business,patricia.jones710@outlook.com,2024-01-02,0
34707,Susan Smith,susan.smith735@gmail.com,Billing System,Data Sync Issue,The system is not syncing data across devices properly.,Security settings updated and customer notified of precautionary measures.,High,Closed,Social Media,North America,65,Female,Basic,59,16,2,26.49,76.8,2022-09-28,2022-10-10,Yes,No,MacOS,Unknown,Bank Transfer,Chinese,Afternoon,9,Individual,susan.smith735@gmail.com,,0
3976,Susan Williams,susan.williams838@gmail.com,Analytics Dashboard,Account Suspension,There seems to be a discrepancy in my billing statement for this month.,Bug logged internally and workaround shared with the customer.,Medium,Resolved,Social Media,Asia,31,Female,Free,45,13,3,3.14,157.57,2023-05-11,2023-05-13,Yes,No,Android,Chrome,Credit Card,French,Evening,2,Small Business,susan.williams838@gmail.com,,0
43473,Elizabeth Hernandez,elizabeth.hernandez64@gmail.com,Web Portal,Account Suspension,I am unable to access my account after entering the correct credentials.,Security settings updated and customer notified of precautionary measures.,High,Resolved,Chat,North America,40,Male,Basic,40,9,5,11.27,206.32,2024-04-06,2024-04-16,No,No,Linux,Chrome,Crypto,German,Afternoon,10,Individual,elizabeth.hernandez64@gmail.com,,0
15514,Joseph Garcia,joseph.garcia783@hotmail.com,E-commerce Store,Feature Request,I would like to request a refund for the recent charge.,Payment gateway timeout issue fixed and monitoring implemented.,Medium,Resolved,Social Media,Europe,57,Male,Premium,38,7,5,44.41,203.0,2024-06-11,2024-06-22,Yes,Yes,iOS,Firefox,Debit Card,Chinese,Afternoon,5,Corporate,joseph.garcia783@hotmail.com,,0
17876,John Wilson,john.wilson485@company.com,Subscription Service,Feature Request,The payment was deducted from my bank account but the transaction shows failed.,Payment gateway timeout issue fixed and monitoring implemented.,High,Pending Customer,Social Media,South America,66,Other,Enterprise,42,17,4,64.16,210.1,2022-10-21,2022-10-21,No,Yes,MacOS,Edge,PayPal,Spanish,Night,2,Individual,john.wilson485@company.com,,0
10135,Joseph Johnson,joseph.johnson990@company.com,Analytics Dashboard,Payment Problem,The system is not syncing data across devices properly.,Bug logged internally and workaround shared with the customer.,Low,Pending Customer,Phone,Australia,43,Male,Premium,25,18,5,19.42,184.27,2024-11-10,2024-11-15,No,No,iOS,Safari,Debit Card,Spanish,Night,7,Small Business,joseph.johnson990@company.com,2024-06-22,0
22175,Mary Martinez,mary.martinez897@icloud.com,Mobile App,Payment Problem,The application crashes whenever I try to upload a file.,Provided step-by-step troubleshooting instructions and issue resolved.,Low,Open,Social Media,Africa,39,Female,Enterprise,51,6,2,41.79,151.99,2024-04-14,2024-04-19,No,Yes,Windows,Safari,Credit Card,French,Afternoon,2,Small Business,mary.martinez897@icloud.com,,0
48608,Robert Jackson,robert.jackson797@icloud.com,Payment Gateway,Security Concern,The application crashes whenever I try to upload a file.,Bug logged internally and workaround shared with the customer.,Medium,Pending Customer,Phone,South America,30,Other,Free,42,16,2,25.37,121.83,2023-09-24,2023-10-05,No,No,Linux,Firefox,Crypto,English,Evening,5,Corporate,robert.jackson797@icloud.com,,0
165025,Sarah Lopez,sarah.lopez722@yahoo.com,CRM Platform,Login Issue,The system is not syncing data across devices properly.,The duplicate charge was reversed and refund processed within 3-5 business days.,Low,Closed,Chat,Europe,36,Other,Enterprise,14,2,1,27.45,231.86,2022-04-24,2022-04-24,Yes,No,MacOS,Edge,Debit Card,Spanish,Afternoon,7,Corporate,sarah.lopez722@yahoo.com,,0
40279,James Taylor,james.taylor11@gmail.com,Subscription Service,Refund Request,The system is not syncing data across devices properly.,We have reset the account credentials and advised the customer to retry login.,Urgent,Pending Customer,Phone,Asia,58,Other,Enterprise,17,7,5,13.96,90.86,2023-04-30,2023-05-09,No,Yes,iOS,Firefox,PayPal,English,Afternoon,3,Small Business,james.taylor11@gmail.com,,0
16262,David Wilson,david.wilson631@icloud.com,Payment Gateway,Refund Request,I would like to request a refund for the recent charge.,The issue was escalated to engineering and resolved in the latest patch.,Urgent,Pending Customer,Chat,Europe,68,Female,Premium,28,1,5,28.48,130.39,2022-08-10,2022-08-12,Yes,No,Windows,Safari,Debit Card,German,Morning,4,Individual,david.wilson631@icloud.com,,0
53567,Richard Gonzalez,richard.gonzalez659@hotmail.com,Analytics Dashboard,Feature Request,My subscription was cancelled without my request and I need clarification.,The issue was escalated to engineering and resolved in the latest patch.,High,In Progress,Phone,South America,33,Male,Free,60,16,5,12.11,94.12,2023-07-16,2023-07-26,No,No,iOS,Chrome,Bank Transfer,English,Night,3,Individual,richard.gonzalez659@hotmail.com,,0
52702,Barbara Smith,barbara.smith992@outlook.com,CRM Platform,Feature Request,The system is not syncing data across devices properly.,Security settings updated and customer notified of precautionary measures.,Low,Pending Customer,Phone,Europe,52,Female,Free,47,1,2,15.98,18.25,2023-05-01,2023-05-06,No,Yes,iOS,Unknown,Crypto,English,Afternoon,6,Individual,barbara.smith992@outlook.com,,0
84363,Patricia Martinez,patricia.martinez465@gmail.com,Mobile App,Subscription Cancellation,The application crashes whenever I try to upload a file.,Provided step-by-step troubleshooting instructions and issue resolved.,Medium,Open,Phone,South America,42,Female,Enterprise,38,8,5,10.17,123.74,2024-08-26,2024-08-26,Yes,Yes,MacOS,Unknown,Bank Transfer,Spanish,Afternoon,4,Individual,patricia.martinez465@gmail.com,,0
32740,John Thomas,john.thomas937@icloud.com,Web Portal,Performance Issue,The payment was deducted from my bank account but the transaction shows failed.,We have reset the account credentials and advised the customer to retry login.,High,Resolved,Web Form,Europe,62,Male,Free,57,0,4,58.23,47.61,2022-09-25,2022-09-26,No,No,Linux,Chrome,Credit Card,Chinese,Night,7,Individual,john.thomas937@icloud.com,,0
51316,David Rodriguez,david.rodriguez715@company.com,Subscription Service,Payment Problem,The payment was deducted from my bank account but the transaction shows failed.,The issue was escalated to engineering and resolved in the latest patch.,Low,Resolved,Web Form,North America,23,Other,Enterprise,15,11,2,44.43,179.19,2023-01-06,2023-01-18,Yes,Yes,Android,Chrome,Bank Transfer,German,Evening,9,Individual,david.rodriguez715@company.com,,0
80166,Michael Miller,michael.miller816@hotmail.com,Web Portal,Account Suspension,Two-factor authentication codes are not being delivered to my phone.,Subscription status corrected and confirmation email sent to customer.,High,Pending Customer,Email,Asia,68,Female,Premium,35,9,5,61.07,107.12,2024-12-07,2024-12-08,Yes,No,iOS,Safari,PayPal,English,Morning,1,Small Business,michael.miller816@hotmail.com,,0
127989,Karen Taylor,karen.taylor457@icloud.com,Billing System,Account Suspension,My subscription was cancelled without my request and I need clarification.,Data synchronization restored after backend service restart.,Medium,Open,Social Media,North America,40,Male,Enterprise,25,7,1,4.94,191.95,2022-02-12,2022-02-14,Yes,Yes,Windows,Chrome,Debit Card,Chinese,Evening,10,Individual,karen.taylor457@icloud.com,,0
62613,John Moore,john.moore535@yahoo.com,Subscription Service,Security Concern,I would like to request a refund for the recent charge.,Provided step-by-step troubleshooting instructions and issue resolved.,Medium,Closed,Chat,Australia,33,Female,Free,24,14,4,69.86,29.46,2022-12-05,2022-12-18,No,No,iOS,Edge,PayPal,English,Evening,1,Corporate,john.moore535@yahoo.com,,0
43457,John Wilson,john.wilson272@icloud.com,Payment Gateway,Subscription Cancellation,The application crashes whenever I try to upload a file.,Explained billing breakdown and clarified applicable charges.,Medium,Resolved,Web Form,North America,31,Male,Premium,46,13,1,42.51,2.77,2022-11-14,2022-11-15,No,Yes,Android,Unknown,Bank Transfer,Chinese,Morning,10,Corporate,john.wilson272@icloud.com,,0
11818,Charles Martinez,charles.martinez94@company.com,CRM Platform,Refund Request,I would like to request a refund for the recent charge.,The duplicate charge was reversed and refund processed within 3-5 business days.,High,Resolved,Email,South America,67,Other,Premium,52,12,4,39.13,81.44,2022-02-23,2022-03-09,No,Yes,MacOS,Firefox,PayPal,Spanish,Night,10,Small Business,charles.martinez94@company.com,,0
620,Sarah Hernandez,sarah.hernandez419@gmail.com,Cloud Storage,Data Sync Issue,I would like to request a refund for the recent charge.,We have reset the account credentials and advised the customer to retry login.,Urgent,Resolved,Email,South America,48,Other,Free,26,15,2,64.87,124.87,2023-11-25,2023-11-28,Yes,Yes,Android,Chrome,Bank Transfer,Chinese,Afternoon,2,Corporate,sarah.hernandez419@gmail.com,,0
67973,Patricia Brown,patricia.brown140@icloud.com,API Service,Subscription Cancellation,I am unable to access my account after entering the correct credentials.,The issue was escalated to engineering and resolved in the latest patch.,Medium,In Progress,Email,Australia,68,Other,Free,25,13,3,36.72,111.83,2024-09-24,2024-09-25,Yes,No,Windows,Chrome,Debit Card,Japanese,Morning,9,Individual,patricia.brown140@icloud.com,,0
57973,Patricia Martinez,patricia.martinez645@outlook.com,Payment Gateway,Refund Request,I am unable to access my account after entering the correct credentials.,Subscription status corrected and confirmation email sent to customer.,Low,Closed,Web Form,North America,41,Male,Enterprise,49,20,3,7.39,25.1,2022-11-12,2022-11-19,Yes,No,Windows,Edge,Crypto,Japanese,Evening,1,Individual,patricia.martinez645@outlook.com,,0
182915,Mary Brown,mary.brown933@yahoo.com,CRM Platform,Subscription Cancellation,There seems to be a discrepancy in my billing statement for this month.,Data synchronization restored after backend service restart.,Low,Pending Customer,Web Form,South America,44,Female,Free,16,4,5,38.24,27.16,2024-02-04,2024-02-17,No,No,MacOS,Chrome,Bank Transfer,Chinese,Evening,3,Individual,mary.brown933@yahoo.com,,0
85992,Barbara Garcia,barbara.garcia821@icloud.com,Cloud Storage,Security Concern,I am unable to access my account after entering the correct credentials.,The issue was escalated to engineering and resolved in the latest patch.,High,Closed,Phone,Africa,40,Female,Basic,35,17,5,58.02,24.86,2024-02-17,2024-03-02,No,Yes,Android,Chrome,Bank Transfer,English,Evening,10,Corporate,barbara.garcia821@icloud.com,,0
159840,Richard Williams,richard.williams604@hotmail.com,E-commerce Store,Feature Request,There seems to be a discrepancy in my billing statement for this month.,Security settings updated and customer notified of precautionary measures.,Medium,Resolved,Email,Europe,53,Other,Free,13,4,1,64.69,63.36,2022-05-17,2022-05-23,Yes,No,Windows,Edge,Crypto,German,Morning,2,Small Business,richard.williams604@hotmail.com,,0
159812,Patricia Martin,patricia.martin840@gmail.com,CRM Platform,Account Suspension,I am experiencing very slow performance while using the dashboard.,Security settings updated and customer notified of precautionary measures.,Low,Pending Customer,Web Form,South America,73,Male,Basic,41,14,1,65.96,51.26,2024-01-26,2024-01-27,Yes,No,MacOS,Unknown,PayPal,Chinese,Night,5,Corporate,patricia.martin840@gmail.com,,0
121740,Mary Rodriguez,mary.rodriguez902@company.com,Subscription Service,Payment Problem,My subscription was cancelled without my request and I need clarification.,The issue was escalated to engineering and resolved in the latest patch.,Urgent,In Progress,Web Form,South America,68,Female,Enterprise,55,11,5,48.33,93.86,2024-04-30,2024-05-07,No,Yes,Linux,Edge,PayPal,Japanese,Evening,8,Corporate,mary.rodriguez902@company.com,,0
62238,William Anderson,william.anderson873@hotmail.com,API Service,Performance Issue,The application crashes whenever I try to upload a file.,Data synchronization restored after backend service restart.,Urgent,In Progress,Web Form,South America,75,Male,Enterprise,46,11,1,45.4,74.13,2022-10-23,2022-11-06,No,No,MacOS,Unknown,Debit Card,Chinese,Evening,2,Small Business,william.anderson873@hotmail.com,,0
117059,Elizabeth Gonzalez,elizabeth.gonzalez457@outlook.com,Billing System,Feature Request,I am experiencing very slow performance while using the dashboard.,Subscription status corrected and confirmation email sent to customer.,Medium,Open,Web Form,South America,31,Male,Enterprise,48,12,5,27.34,54.0,2024-01-12,2024-01-18,Yes,No,MacOS,Edge,Credit Card,English,Morning,5,Individual,elizabeth.gonzalez457@outlook.com,,0
12595,James Thomas,james.thomas480@outlook.com,Subscription Service,Login Issue,I am unable to access my account after entering the correct credentials.,We have reset the account credentials and advised the customer to retry login.,Urgent,In Progress,Phone,Asia,58,Female,Premium,37,11,1,32.4,155.28,2023-05-09,2023-05-21,No,No,Android,Edge,Credit Card,Spanish,Afternoon,10,Corporate,james.thomas480@outlook.com,,0
187306,Barbara Wilson,barbara.wilson979@yahoo.com,Web Portal,Payment Problem,The payment was deducted from my bank account but the transaction shows failed.,Provided step-by-step troubleshooting instructions and issue resolved.,Urgent,Resolved,Email,Europe,72,Female,Free,24,16,4,17.0,76.45,2024-01-14,2024-01-17,Yes,Yes,Windows,Unknown,Crypto,English,Afternoon,8,Small Business,barbara.wilson979@yahoo.com,,0
179642,Jennifer Martinez,jennifer.martinez208@outlook.com,Analytics Dashboard,Performance Issue,I would like to request a refund for the recent charge.,Bug logged internally and workaround shared with the customer.,Medium,Pending Customer,Web Form,Africa,74,Other,Enterprise,37,14,2,48.36,40.4,2024-03-05,2024-03-14,No,Yes,Windows,Edge,Debit Card,French,Evening,9,Corporate,jennifer.martinez208@outlook.com,,0
191486,Patricia Jackson,patricia.jackson518@yahoo.com,Billing System,Data Sync Issue,I am experiencing very slow performance while using the dashboard.,Payment gateway timeout issue fixed and monitoring implemented.,Medium,Resolved,Phone,Europe,29,Other,Premium,35,15,3,47.68,217.16,2023-11-26,2023-11-28,Yes,Yes,Android,Edge,Bank Transfer,German,Night,3,Corporate,patricia.jackson518@yahoo.com,,0
174114,Jessica Martin,jessica.martin806@icloud.com,API Service,Data Sync Issue,The payment was deducted from my bank account but the transaction shows failed.,Payment gateway timeout issue fixed and monitoring implemented.,Urgent,Closed,Web Form,North America,72,Other,Basic,30,12,2,64.38,185.06,2024-12-08,2024-12-20,No,No,Linux,Chrome,Crypto,French,Afternoon,1,Individual,jessica.martin806@icloud.com,,0
19777,Susan Taylor,susan.taylor183@outlook.com,API Service,Account Suspension,There seems to be a discrepancy in my billing statement for this month.,Payment gateway timeout issue fixed and monitoring implemented.,Medium,Resolved,Email,South America,33,Other,Enterprise,25,16,1,68.6,239.24,2023-04-08,2023-04-20,Yes,Yes,MacOS,Safari,PayPal,Chinese,Morning,3,Small Business,susan.taylor183@outlook.com,,0
1006,Sarah Miller,sarah.miller624@company.com,Payment Gateway,Data Sync Issue,The application crashes whenever I try to upload a file.,Provided step-by-step troubleshooting instructions and issue resolved.,High,In Progress,Phone,North America,42,Female,Basic,33,6,3,29.82,49.18,2022-02-03,2022-02-16,No,Yes,MacOS,Safari,Debit Card,German,Evening,2,Corporate,sarah.miller624@company.com,,0
68834,William Miller,william.miller131@outlook.com,CRM Platform,Account Suspension,There seems to be a discrepancy in my billing statement for this month.,We have reset the account credentials and advised the customer to retry login.,Medium,Pending Customer,Chat,Europe,54,Male,Basic,1,19,4,53.12,126.9,2023-05-04,2023-05-10,No,Yes,iOS,Edge,Debit Card,Spanish,Morning,1,Small Business,william.miller131@outlook.com,,0
25506,William Hernandez,william.hernandez494@hotmail.com,Subscription Service,Feature Request,The application crashes whenever I try to upload a file.,Subscription status corrected and confirmation email sent to customer.,High,Pending Customer,Chat,North America,41,Other,Premium,22,9,5,64.26,3.28,2023-09-05,2023-09-16,Yes,Yes,Windows,Chrome,Crypto,English,Night,1,Small Business,william.hernandez494@hotmail.com,,0
38439,Mary Smith,mary.smith813@yahoo.com,Subscription Service,Refund Request,The system is not syncing data across devices properly.,Security settings updated and customer notified of precautionary measures.,Urgent,Pending Customer,Email,North America,18,Male,Free,17,20,5,40.5,5.76,2024-08-25,2024-08-25,No,No,Linux,Safari,Crypto,English,Morning,7,Individual,mary.smith813@yahoo.com,,0
27315,Linda Moore,linda.moore124@gmail.com,Subscription Service,Account Suspension,I am unable to access my account after entering the correct credentials.,Explained billing breakdown and clarified applicable charges.,Urgent,Closed,Phone,Australia,54,Male,Basic,60,10,1,30.3,50.79,2023-11-28,2023-12-09,No,Yes,Android,Chrome,Crypto,Chinese,Evening,3,Corporate,linda.moore124@gmail.com,,0
144297,John Miller,john.miller608@company.com,Analytics Dashboard,Subscription Cancellation,Two-factor authentication codes are not being delivered to my phone.,Explained billing breakdown and clarified applicable charges.,High,Closed,Chat,Europe,72,Other,Premium,2,10,1,70.24,26.45,2022-05-31,2022-06-14,No,Yes,Windows,Edge,Bank Transfer,German,Afternoon,4,Individual,john.miller608@company.com,,0
34526,John Thomas,john.thomas645@outlook.com,Subscription Service,Refund Request,I would like to request a refund for the recent charge.,Security settings updated and customer notified of precautionary measures.,High,Open,Web Form,Australia,29,Other,Free,10,5,2,1.22,3.95,2023-08-28,2023-09-01,Yes,No,iOS,Firefox,Debit Card,Japanese,Afternoon,2,Corporate,john.thomas645@outlook.com,2022-09-23,0
53385,Thomas Martinez,thomas.martinez942@company.com,Analytics Dashboard,Account Suspension,Two-factor authentication codes are not being delivered to my phone.,Explained billing breakdown and clarified applicable charges.,Medium,Pending Customer,Social Media,North America,74,Other,Free,3,14,5,0.62,25.46,2023-06-20,2023-07-02,No,Yes,iOS,Firefox,PayPal,Japanese,Evening,10,Individual,thomas.martinez942@company.com,,0
19617,James Taylor,james.taylor224@icloud.com,Billing System,Account Suspension,The application crashes whenever I try to upload a file.,Explained billing breakdown and clarified applicable charges.,High,In Progress,Social Media,South America,57,Female,Enterprise,45,2,1,50.38,238.3,2022-12-09,2022-12-15,Yes,Yes,MacOS,Unknown,PayPal,Japanese,Afternoon,9,Corporate,james.taylor224@icloud.com,,0
136484,John Garcia,john.garcia54@gmail.com,Billing System,Subscription Cancellation,The payment was deducted from my bank account but the transaction shows failed.,Payment gateway timeout issue fixed and monitoring implemented.,Medium,Open,Social Media,Europe,72,Female,Basic,14,18,5,37.57,26.55,2022-04-29,2022-05-06,Yes,No,MacOS,Edge,Crypto,Spanish,Night,1,Small Business,john.garcia54@gmail.com,,0
173596,Mary Gonzalez,mary.gonzalez639@hotmail.com,Cloud Storage,Security Concern,I am experiencing very slow performance while using the dashboard.,We have reset the account credentials and advised the customer to retry login.,Urgent,Pending Customer,Social Media,Europe,51,Other,Basic,28,19,1,2.09,224.79,2022-08-30,2022-09-05,Yes,No,MacOS,Edge,Bank Transfer,Spanish,Afternoon,9,Small Business,mary.gonzalez639@hotmail.com,,0
117775,Karen Martinez,karen.martinez791@outlook.com,Analytics Dashboard,Subscription Cancellation,I am experiencing very slow performance while using the dashboard.,Security settings updated and customer notified of precautionary measures.,Medium,Pending Customer,Chat,Africa,56,Other,Premium,51,16,2,70.97,225.75,2023-06-04,2023-06-10,No,No,Linux,Edge,Credit Card,Chinese,Morning,4,Small Business,karen.martinez791@outlook.com,,0
91815,Michael Brown,michael.brown886@yahoo.com,Payment Gateway,Subscription Cancellation,The system is not syncing data across devices properly.,We have reset the account credentials and advised the customer to retry login.,Urgent,In Progress,Social Media,Africa,67,Male,Basic,38,14,2,20.46,215.59,2024-10-27,2024-10-30,Yes,Yes,Android,Unknown,Credit Card,Japanese,Morning,5,Corporate,michael.brown886@yahoo.com,,0
18326,Mary Wilson,mary.wilson458@company.com,Billing System,Account Suspension,There seems to be a discrepancy in my billing statement for this month.,The duplicate charge was reversed and refund processed within 3-5 business days.,Low,Pending Customer,Web Form,South America,51,Other,Premium,14,5,1,48.44,155.31,2023-09-21,2023-09-22,Yes,No,MacOS,Edge,Bank Transfer,English,Afternoon,2,Individual,mary.wilson458@company.com,,0
136344,Karen Thomas,karen.thomas573@yahoo.com,E-commerce Store,Account Suspension,My subscription was cancelled without my request and I need clarification.,The duplicate charge was reversed and refund processed within 3-5 business days.,Medium,Pending Customer,Social Media,Australia,18,Male,Enterprise,36,5,5,31.73,117.06,2024-07-01,2024-07-09,No,Yes,Windows,Unknown,PayPal,Japanese,Morning,5,Individual,karen.thomas573@yahoo.com,,0
51179,Linda Lopez,linda.lopez999@icloud.com,Payment Gateway,Bug Report,I am experiencing very slow performance while using the dashboard.,Payment gateway timeout issue fixed and monitoring implemented.,High,In Progress,Phone,South America,34,Male,Basic,21,12,1,63.8,228.01,2022-03-14,2022-03-28,No,Yes,Linux,Safari,Bank Transfer,German,Evening,10,Small Business,linda.lopez999@icloud.com,,0
174435,James Jones,james.jones896@gmail.com,Billing System,Login Issue,There seems to be a discrepancy in my billing statement for this month.,The duplicate charge was reversed and refund processed within 3-5 business days.,Urgent,Resolved,Chat,North America,20,Male,Enterprise,2,0,2,1.57,185.58,2022-03-18,2022-03-30,No,Yes,iOS,Safari,Credit Card,German,Afternoon,9,Corporate,james.jones896@gmail.com,,0
8998,Mary Moore,mary.moore357@yahoo.com,Cloud Storage,Security Concern,The payment was deducted from my bank account but the transaction shows failed.,We have reset the account credentials and advised the customer to retry login.,Urgent,Open,Web Form,North America,54,Other,Free,38,17,1,21.89,122.66,2024-06-27,2024-07-01,No,No,Android,Unknown,Bank Transfer,French,Evening,4,Small Business,mary.moore357@yahoo.com,,0
60493,Susan Rodriguez,susan.rodriguez398@outlook.com,Subscription Service,Bug Report,I would like to request a refund for the recent charge.,We have reset the account credentials and advised the customer to retry login.,Urgent,Resolved,Chat,Africa,18,Other,Enterprise,49,1,1,27.23,213.94,2022-03-17,2022-03-23,No,No,Linux,Unknown,Crypto,English,Afternoon,7,Small Business,susan.rodriguez398@outlook.com,,0
151493,Sarah Brown,sarah.brown757@icloud.com,CRM Platform,Account Suspension,I would like to request a refund for the recent charge.,The duplicate charge was reversed and refund processed within 3-5 business days.,High,Pending Customer,Web Form,Asia,36,Other,Free,58,15,4,68.18,14.27,2022-09-19,2022-09-19,Yes,Yes,Android,Firefox,PayPal,French,Afternoon,2,Individual,sarah.brown757@icloud.com,,0
135222,John Rodriguez,john.rodriguez269@company.com,CRM Platform,Performance Issue,There seems to be a discrepancy in my billing statement for this month.,The duplicate charge was reversed and refund processed within 3-5 business days.,Urgent,Closed,Email,Australia,24,Male,Free,5,14,3,27.68,174.11,2022-10-01,2022-10-10,Yes,No,Android,Chrome,Credit Card,Spanish,Morning,7,Small Business,john.rodriguez269@company.com,,0
93983,Patricia Hernandez,patricia.hernandez241@icloud.com,Subscription Service,Login Issue,I would like to request a refund for the recent charge.,The issue was escalated to engineering and resolved in the latest patch.,Low,Closed,Phone,Australia,29,Male,Basic,26,1,5,21.45,159.06,2023-01-17,2023-01-19,No,Yes,Linux,Safari,Bank Transfer,German,Morning,8,Small Business,patricia.hernandez241@icloud.com,,0
35491,Michael Brown,michael.brown136@yahoo.com,API Service,Data Sync Issue,The payment was deducted from my bank account but the transaction shows failed.,We have reset the account credentials and advised the customer to retry login.,Medium,Resolved,Chat,Australia,26,Male,Premium,28,5,2,49.72,192.36,2024-03-10,2024-03-19,No,No,Windows,Edge,PayPal,Chinese,Night,8,Corporate,michael.brown136@yahoo.com,,0
153081,Patricia Jackson,patricia.jackson403@hotmail.com,Payment Gateway,Bug Report,The system is not syncing data across devices properly.,The duplicate charge was reversed and refund processed within 3-5 business days.,Low,Resolved,Web Form,Australia,42,Male,Free,48,17,4,5.19,53.99,2024-01-23,2024-02-03,No,No,Windows,Unknown,PayPal,Spanish,Afternoon,4,Small Business,patricia.jackson403@hotmail.com,,0
245,Barbara Johnson,barbara.johnson297@outlook.com,Payment Gateway,Payment Problem,The system is not syncing data across devices properly.,Subscription status corrected and confirmation email sent to customer.,Low,Closed,Chat,Australia,38,Female,Premium,18,11,1,38.71,85.04,2024-12-20,2024-12-30,Yes,Yes,MacOS,Unknown,PayPal,French,Night,7,Small Business,barbara.johnson297@outlook.com,,0
143519,Karen Johnson,karen.johnson856@icloud.com,Payment Gateway,Feature Request,Two-factor authentication codes are not being delivered to my phone.,Data synchronization restored after backend service restart.,Medium,Open,Web Form,South America,73,Other,Free,36,5,4,68.26,123.14,2022-08-16,2022-08-20,No,No,iOS,Unknown,Debit Card,Japanese,Evening,10,Corporate,karen.johnson856@icloud.com,,0
199437,Thomas Wilson,thomas.wilson913@yahoo.com,Payment Gateway,Security Concern,I am unable to access my account after entering the correct credentials.,Payment gateway timeout issue fixed and monitoring implemented.,Medium,Resolved,Social Media,Europe,67,Male,Basic,46,17,5,18.0,214.04,2022-10-11,2022-10-19,No,No,iOS,Edge,Bank Transfer,French,Night,8,Small Business,thomas.wilson913@yahoo.com,,0
8603,Patricia Williams,patricia.williams275@hotmail.com,Analytics Dashboard,Feature Request,The payment was deducted from my bank account but the transaction shows failed.,We have reset the account credentials and advised the customer to retry login.,Urgent,Closed,Chat,Africa,75,Female,Basic,32,10,5,71.2,7.7,2024-12-17,2024-12-22,No,No,MacOS,Firefox,Bank Transfer,German,Night,10,Individual,patricia.williams275@hotmail.com,,0
79404,Robert Martinez,robert.martinez393@company.com,CRM Platform,Subscription Cancellation,My subscription was cancelled without my request and I need clarification.,Bug logged internally and workaround shared with the customer.,High,Resolved,Chat,Australia,33,Other,Basic,55,19,3,1.08,208.33,2023-04-15,2023-04-28,No,No,Windows,Safari,Bank Transfer,German,Night,2,Individual,robert.martinez393@company.com,,0
108353,Joseph Williams,joseph.williams909@company.com,Billing System,Bug Report,The payment was deducted from my bank account but the transaction shows failed.,Subscription status corrected and confirmation email sent to customer.,Low,Closed,Email,Africa,55,Female,Premium,27,15,2,57.48,19.7,2023-06-20,2023-06-20,No,No,Linux,Firefox,Crypto,Spanish,Afternoon,9,Corporate,joseph.williams909@company.com,,0
199854,Michael Garcia,michael.garcia258@outlook.com,Billing System,Bug Report,The application crashes whenever I try to upload a file.,Security settings updated and customer notified of precautionary measures.,Urgent,In Progress,Phone,Australia,62,Other,Free,18,1,4,32.35,157.92,2022-12-21,2022-12-31,Yes,Yes,iOS,Safari,Bank Transfer,Spanish,Evening,1,Corporate,michael.garcia258@outlook.com,,0
110003,Barbara Hernandez,barbara.hernandez919@company.com,API Service,Subscription Cancellation,I would like to request a refund for the recent charge.,The duplicate charge was reversed and refund processed within 3-5 business days.,Low,Open,Email,Australia,60,Male,Free,35,1,3,12.11,229.15,2022-12-24,2023-01-05,Yes,No,Linux,Firefox,PayPal,English,Evening,4,Individual,barbara.hernandez919@company.com,,0
129357,Charles Davis,charles.davis156@company.com,Analytics Dashboard,Performance Issue,Two-factor authentication codes are not being delivered to my phone.,Security settings updated and customer notified of precautionary measures.,Low,Pending Customer,Phone,South America,35,Female,Basic,52,5,5,32.79,13.77,2022-02-10,2022-02-17,No,No,Linux,Chrome,PayPal,French,Afternoon,5,Individual,charles.davis156@company.com,,0
126308,Patricia Wilson,patricia.wilson558@icloud.com,Cloud Storage,Security Concern,I am experiencing very slow performance while using the dashboard.,The issue was escalated to engineering and resolved in the latest patch.,High,Open,Social Media,South America,37,Female,Enterprise,38,0,1,44.11,65.92,2024-04-29,2024-05-12,No,Yes,Windows,Chrome,PayPal,Chinese,Night,10,Corporate,patricia.wilson558@icloud.com,,0
163052,Sarah Gonzalez,sarah.gonzalez485@company.com,Subscription Service,Account Suspension,I found a bug in the latest update affecting report generation.,The issue was escalated to engineering and resolved in the latest patch.,Urgent,Closed,Web Form,North America,52,Female,Premium,5,7,4,57.63,60.63,2023-03-08,2023-03-16,Yes,No,Linux,Firefox,Debit Card,Spanish,Afternoon,5,Small Business,sarah.gonzalez485@company.com,,0
159936,William Jackson,william.jackson268@yahoo.com,Payment Gateway,Subscription Cancellation,I found a bug in the latest update affecting report generation.,Payment gateway timeout issue fixed and monitoring implemented.,Medium,Closed,Email,Australia,44,Other,Free,6,19,2,31.16,73.82,2023-07-13,2023-07-27,Yes,Yes,MacOS,Edge,Bank Transfer,Chinese,Evening,7,Individual,william.jackson268@yahoo.com,,0
24800,Jennifer Smith,jennifer.smith739@company.com,Billing System,Feature Request,I found a bug in the latest update affecting report generation.,Security settings updated and customer notified of precautionary measures.,Urgent,Closed,Social Media,Asia,46,Other,Enterprise,19,14,1,38.21,44.37,2023-12-23,2024-01-06,Yes,No,Linux,Edge,Crypto,Chinese,Evening,3,Corporate,jennifer.smith739@company.com,,0
16290,Linda Hernandez,linda.hernandez564@gmail.com,API Service,Account Suspension,The system is not syncing data across devices properly.,Payment gateway timeout issue fixed and monitoring implemented.,Low,Resolved,Chat,Australia,64,Female,Premium,13,17,5,19.22,95.38,2023-03-11,2023-03-15,No,Yes,Android,Safari,Bank Transfer,Japanese,Night,7,Individual,linda.hernandez564@gmail.com,,0
94784,Barbara Gonzalez,barbara.gonzalez577@gmail.com,Mobile App,Account Suspension,Two-factor authentication codes are not being delivered to my phone.,Data synchronization restored after backend service restart.,Medium,Open,Phone,Africa,59,Female,Free,51,14,1,60.68,107.6,2024-04-15,2024-04-17,No,No,iOS,Safari,PayPal,Spanish,Evening,4,Corporate,barbara.gonzalez577@gmail.com,,0
47277,Jennifer Johnson,jennifer.johnson632@outlook.com,Analytics Dashboard,Login Issue,Two-factor authentication codes are not being delivered to my phone.,The duplicate charge was reversed and refund processed within 3-5 business days.,Urgent,Open,Social Media,Australia,45,Male,Basic,19,4,1,13.44,3.63,2024-03-09,2024-03-19,Yes,No,iOS,Safari,Credit Card,German,Afternoon,2,Corporate,jennifer.johnson632@outlook.com,2023-03-20,0
46510,James Anderson,james.anderson93@icloud.com,Analytics Dashboard,Performance Issue,I found a bug in the latest update affecting report generation.,The duplicate charge was reversed and refund processed within 3-5 business days.,Medium,Resolved,Social Media,Australia,33,Female,Basic,5,11,4,49.41,61.73,2022-05-12,2022-05-25,No,No,Android,Edge,PayPal,French,Night,7,Individual,james.anderson93@icloud.com,,0
166725,Thomas Jones,thomas.jones910@hotmail.com,CRM Platform,Data Sync Issue,Two-factor authentication codes are not being delivered to my phone.,We have reset the account credentials and advised the customer to retry login.,High,Open,Email,Australia,55,Other,Premium,19,2,3,26.44,152.22,2022-11-11,2022-11-25,No,Yes,MacOS,Safari,Credit Card,English,Night,7,Small Business,thomas.jones910@hotmail.com,,0
90091,Joseph Lopez,joseph.lopez322@yahoo.com,Web Portal,Performance Issue,I am unable to access my account after entering the correct credentials.,Explained billing breakdown and clarified applicable charges.,High,Open,Chat,Asia,38,Female,Premium,55,14,4,27.87,1.47,2024-08-30,2024-09-04,Yes,No,MacOS,Safari,Credit Card,Spanish,Afternoon,2,Individual,joseph.lopez322@yahoo.com,,0
30639,Linda Jones,linda.jones570@company.com,API Service,Feature Request,I am unable to access my account after entering the correct credentials.,The issue was escalated to engineering and resolved in the latest patch.,Low,Resolved,Email,South America,19,Female,Free,13,10,5,59.72,29.5,2022-04-22,2022-05-06,No,Yes,Windows,Unknown,Debit Card,German,Evening,9,Small Business,linda.jones570@company.com,,0
76659,Richard Moore,richard.moore55@gmail.com,Payment Gateway,Payment Problem,There seems to be a discrepancy in my billing statement for this month.,The duplicate charge was reversed and refund processed within 3-5 business days.,Urgent,Closed,Email,South America,60,Male,Free,20,18,2,6.2,9.03,2023-10-20,2023-11-03,Yes,No,Linux,Safari,Bank Transfer,Spanish,Morning,5,Small Business,richard.moore55@gmail.com,,0
53365,Charles Jackson,charles.jackson762@outlook.com,Mobile App,Performance Issue,The system is not syncing data across devices properly.,Bug logged internally and workaround shared with the customer.,Low,Resolved,Phone,Europe,47,Male,Free,60,15,3,43.41,21.63,2024-12-17,2024-12-24,No,Yes,Android,Safari,PayPal,German,Evening,9,Small Business,charles.jackson762@outlook.com,,0
199794,Charles Lopez,charles.lopez16@outlook.com,E-commerce Store,Refund Request,Two-factor authentication codes are not being delivered to my phone.,The duplicate charge was reversed and refund processed within 3-5 business days.,Urgent,Pending Customer,Phone,North America,63,Female,Basic,14,1,5,47.88,33.0,2024-08-04,2024-08-18,Yes,Yes,Android,Firefox,Credit Card,French,Afternoon,5,Small Business,charles.lopez16@outlook.com,,0
31519,Thomas Garcia,thomas.garcia745@hotmail.com,Web Portal,Login Issue,There seems to be a discrepancy in my billing statement for this month.,Provided step-by-step troubleshooting instructions and issue resolved.,Low,Pending Customer,Social Media,Europe,52,Other,Enterprise,24,2,4,21.97,62.85,2024-01-20,2024-02-03,No,No,Android,Unknown,Crypto,French,Afternoon,6,Corporate,thomas.garcia745@hotmail.com,,0
66963,Jennifer Martinez,jennifer.martinez568@company.com,E-commerce Store,Subscription Cancellation,The application crashes whenever I try to upload a file.,Data synchronization restored after backend service restart.,Medium,In Progress,Social Media,Africa,43,Other,Free,59,14,2,59.21,61.17,2023-03-23,2023-04-05,Yes,No,MacOS,Chrome,Bank Transfer,English,Evening,5,Small Business,jennifer.martinez568@company.com,,0
179381,David Williams,david.williams12@company.com,Mobile App,Feature Request,The system is not syncing data across devices properly.,Provided step-by-step troubleshooting instructions and issue resolved.,Urgent,Resolved,Phone,North America,46,Other,Free,1,6,1,14.08,225.62,2023-04-07,2023-04-10,Yes,No,iOS,Safari,PayPal,German,Morning,6,Individual,david.williams12@company.com,,0
104144,Elizabeth Wilson,elizabeth.wilson196@gmail.com,Web Portal,Feature Request,Two-factor authentication codes are not being delivered to my phone.,The duplicate charge was reversed and refund processed within 3-5 business days.,Medium,In Progress,Chat,South America,74,Male,Free,28,2,5,14.16,132.23,2024-12-15,2024-12-29,Yes,No,Windows,Firefox,Bank Transfer,French,Morning,4,Corporate,elizabeth.wilson196@gmail.com,,0
46054,Mary Thomas,mary.thomas363@company.com,Mobile App,Subscription Cancellation,The payment was deducted from my bank account but the transaction shows failed.,Subscription status corrected and confirmation email sent to customer.,Urgent,Resolved,Phone,Asia,45,Female,Free,9,4,5,69.84,124.67,2022-10-11,2022-10-19,Yes,No,Windows,Firefox,Credit Card,Chinese,Evening,10,Individual,mary.thomas363@company.com,,0
40025,Richard Gonzalez,richard.gonzalez697@yahoo.com,CRM Platform,Login Issue,There seems to be a discrepancy in my billing statement for this month.,Bug logged internally and workaround shared with the customer.,Medium,Open,Social Media,Asia,75,Female,Enterprise,52,6,3,8.78,6.11,2022-11-27,2022-12-10,Yes,No,MacOS,Chrome,Bank Transfer,Chinese,Night,2,Corporate,richard.gonzalez697@yahoo.com,,0
11316,David Hernandez,david.hernandez966@icloud.com,Web Portal,Security Concern,There seems to be a discrepancy in my billing statement for this month.,Security settings updated and customer notified of precautionary measures.,Low,Open,Web Form,Europe,36,Other,Basic,43,6,3,0.87,76.31,2022-06-23,2022-06-23,No,Yes,Android,Firefox,Credit Card,Japanese,Evening,3,Corporate,david.hernandez966@icloud.com,,0
192282,Sarah Hernandez,sarah.hernandez726@outlook.com,Web Portal,Payment Problem,I am unable to access my account after entering the correct credentials.,Payment gateway timeout issue fixed and monitoring implemented.,Urgent,Resolved,Chat,North America,59,Male,Enterprise,35,19,1,3.99,64.63,2022-08-21,2022-08-26,Yes,Yes,MacOS,Edge,PayPal,German,Evening,1,Small Business,sarah.hernandez726@outlook.com,,0
106494,Mary Anderson,mary.anderson897@yahoo.com,Subscription Service,Refund Request,I am experiencing very slow performance while using the dashboard.,Data synchronization restored after backend service restart.,Medium,In Progress,Web Form,Australia,64,Male,Basic,18,15,3,35.25,214.75,2022-01-26,2022-01-28,No,No,Linux,Edge,Bank Transfer,English,Morning,3,Small Business,mary.anderson897@yahoo.com,,0
149943,Jessica Wilson,jessica.wilson185@outlook.com,Mobile App,Payment Problem,I am experiencing very slow performance while using the dashboard.,Data synchronization restored after backend service restart.,Low,Resolved,Chat,Africa,27,Female,Premium,43,6,5,27.84,210.11,2022-09-06,2022-09-13,Yes,No,MacOS,Chrome,PayPal,German,Morning,8,Small Business,jessica.wilson185@outlook.com,2022-05-02,0
118449,Jennifer Gonzalez,jennifer.gonzalez959@icloud.com,Payment Gateway,Subscription Cancellation,Two-factor authentication codes are not being delivered to my phone.,Subscription status corrected and confirmation email sent to customer.,Medium,Open,Web Form,Australia,46,Male,Basic,30,9,4,60.53,74.15,2023-03-13,2023-03-16,Yes,Yes,Windows,Chrome,Bank Transfer,French,Morning,2,Corporate,jennifer.gonzalez959@icloud.com,,0
78384,Joseph Rodriguez,joseph.rodriguez180@yahoo.com,API Service,Feature Request,I found a bug in the latest update affecting report generation.,Provided step-by-step troubleshooting instructions and issue resolved.,Urgent,Closed,Web Form,Africa,19,Other,Basic,5,16,5,61.88,159.14,2024-08-16,2024-08-16,Yes,No,Android,Edge,Credit Card,French,Morning,5,Individual,joseph.rodriguez180@yahoo.com,,0
165686,Karen Gonzalez,karen.gonzalez873@yahoo.com,Analytics Dashboard,Security Concern,There seems to be a discrepancy in my billing statement for this month.,Provided step-by-step troubleshooting instructions and issue resolved.,Low,Open,Email,Europe,41,Other,Premium,26,15,4,34.72,53.33,2023-03-25,2023-04-05,No,Yes,Linux,Safari,Bank Transfer,Japanese,Night,9,Individual,karen.gonzalez873@yahoo.com,,0
181230,Karen Rodriguez,karen.rodriguez101@hotmail.com,Billing System,Feature Request,I am experiencing very slow performance while using the dashboard.,Provided step-by-step troubleshooting instructions and issue resolved.,High,Resolved,Phone,South America,53,Female,Basic,8,7,5,65.58,208.35,2024-07-04,2024-07-15,Yes,No,Linux,Chrome,Credit Card,Japanese,Afternoon,6,Small Business,karen.rodriguez101@hotmail.com,,0
13450,Linda Garcia,linda.garcia702@yahoo.com,Subscription Service,Login Issue,I found a bug in the latest update affecting report generation.,Provided step-by-step troubleshooting instructions and issue resolved.,Urgent,In Progress,Chat,North America,22,Male,Basic,51,20,5,47.59,193.3,2023-05-28,2023-05-30,No,No,iOS,Edge,Crypto,French,Morning,3,Small Business,linda.garcia702@yahoo.com,,0
14320,David Martin,david.martin164@company.com,Web Portal,Feature Request,My subscription was cancelled without my request and I need clarification.,Data synchronization restored after backend service restart.,Medium,In Progress,Phone,South America,60,Male,Free,51,19,4,57.03,28.42,2023-12-19,2023-12-20,No,No,MacOS,Chrome,PayPal,Japanese,Evening,7,Individual,david.martin164@company.com,,0
56171,John Williams,john.williams864@icloud.com,E-commerce Store,Security Concern,I found a bug in the latest update affecting report generation.,Explained billing breakdown and clarified applicable charges.,Low,Open,Web Form,Asia,32,Male,Free,8,11,1,14.44,128.2,2022-02-27,2022-03-09,No,Yes,Linux,Unknown,Crypto,Japanese,Afternoon,5,Individual,john.williams864@icloud.com,,0
139201,Jennifer Williams,jennifer.williams172@icloud.com,API Service,Data Sync Issue,The system is not syncing data across devices properly.,Subscription status corrected and confirmation email sent to customer.,Medium,Closed,Email,Africa,49,Other,Basic,35,3,2,61.27,67.61,2023-06-16,2023-06-29,Yes,No,Linux,Edge,Bank Transfer,Chinese,Morning,1,Corporate,jennifer.williams172@icloud.com,,0
3122,John Garcia,john.garcia556@hotmail.com,Analytics Dashboard,Payment Problem,The system is not syncing data across devices properly.,The issue was escalated to engineering and resolved in the latest patch.,Medium,In Progress,Phone,South America,39,Male,Premium,45,17,3,29.77,160.39,2023-11-17,2023-11-28,No,No,iOS,Unknown,Crypto,Japanese,Morning,4,Individual,john.garcia556@hotmail.com,2022-09-30,0
197489,James Wilson,james.wilson765@company.com,E-commerce Store,Refund Request,I would like to request a refund for the recent charge.,Bug logged internally and workaround shared with the customer.,Medium,Resolved,Phone,South America,55,Female,Enterprise,21,8,1,52.52,45.37,2024-06-17,2024-06-27,Yes,No,Windows,Edge,Crypto,French,Evening,8,Individual,james.wilson765@company.com,2024-06-14,1
197583,Susan Williams,susan.williams782@icloud.com,API Service,Performance Issue,Two-factor authentication codes are not being delivered to my phone.,We have reset the account credentials and advised the customer to retry login.,Low,In Progress,Chat,Australia,65,Other,Premium,13,6,1,55.6,78.82,2023-02-12,2023-02-21,No,No,iOS,Edge,PayPal,Japanese,Afternoon,7,Small Business,susan.williams782@icloud.com,,0
148199,Sarah Hernandez,sarah.hernandez137@icloud.com,Billing System,Account Suspension,The system is not syncing data across devices properly.,Data synchronization restored after backend service restart.,Urgent,In Progress,Web Form,Asia,61,Other,Premium,44,9,5,50.17,103.19,2023-02-16,2023-02-27,No,Yes,MacOS,Firefox,Credit Card,German,Morning,6,Individual,sarah.hernandez137@icloud.com,,0
37717,Elizabeth Jackson,elizabeth.jackson762@icloud.com,Analytics Dashboard,Account Suspension,I am experiencing very slow performance while using the dashboard.,Provided step-by-step troubleshooting instructions and issue resolved.,Low,Closed,Web Form,Europe,37,Other,Basic,41,19,3,20.51,227.29,2024-11-12,2024-11-17,Yes,No,MacOS,Unknown,Bank Transfer,English,Evening,9,Corporate,elizabeth.jackson762@icloud.com,2024-06-04,0
190281,Linda Brown,linda.brown723@company.com,Payment Gateway,Bug Report,The payment was deducted from my bank account but the transaction shows failed.,Explained billing breakdown and clarified applicable charges.,Medium,In Progress,Chat,Asia,33,Male,Premium,33,14,5,17.09,200.88,2024-01-19,2024-01-27,No,Yes,iOS,Firefox,Credit Card,German,Morning,3,Individual,linda.brown723@company.com,,0
72300,Charles Jackson,charles.jackson499@icloud.com,Subscription Service,Login Issue,The system is not syncing data across devices properly.,Data synchronization restored after backend service restart.,Medium,Closed,Email,Europe,73,Male,Free,36,8,3,41.19,125.29,2023-05-25,2023-06-07,No,No,Windows,Firefox,PayPal,English,Afternoon,10,Individual,charles.jackson499@icloud.com,,0
153610,Linda Jackson,linda.jackson322@hotmail.com,Mobile App,Subscription Cancellation,I am experiencing very slow performance while using the dashboard.,Data synchronization restored after backend service restart.,High,In Progress,Social Media,North America,23,Other,Premium,17,5,4,43.27,63.05,2023-07-02,2023-07-10,Yes,Yes,iOS,Unknown,PayPal,English,Afternoon,1,Small Business,linda.jackson322@hotmail.com,,0
60488,Mary Davis,mary.davis43@gmail.com,Web Portal,Data Sync Issue,My subscription was cancelled without my request and I need clarification.,We have reset the account credentials and advised the customer to retry login.,High,In Progress,Chat,Europe,68,Other,Enterprise,34,9,1,64.26,57.93,2022-09-26,2022-10-06,Yes,Yes,MacOS,Unknown,PayPal,English,Evening,6,Corporate,mary.davis43@gmail.com,,0
100156,Michael Smith,michael.smith824@outlook.com,Payment Gateway,Security Concern,I am unable to access my account after entering the correct credentials.,Subscription status corrected and confirmation email sent to customer.,Low,In Progress,Social Media,South America,66,Other,Premium,48,6,5,33.13,11.53,2022-09-04,2022-09-18,No,Yes,Windows,Edge,Debit Card,Chinese,Afternoon,10,Corporate,michael.smith824@outlook.com,,0
140965,Susan Davis,susan.davis379@company.com,Web Portal,Bug Report,The payment was deducted from my bank account but the transaction shows failed.,Security settings updated and customer notified of precautionary measures.,Low,Open,Chat,South America,54,Other,Enterprise,31,1,4,27.25,26.73,2022-01-20,2022-01-20,No,No,Linux,Safari,PayPal,German,Afternoon,1,Individual,susan.davis379@company.com,,0
72087,Jessica Wilson,jessica.wilson313@icloud.com,Mobile App,Performance Issue,The payment was deducted from my bank account but the transaction shows failed.,Security settings updated and customer notified of precautionary measures.,High,Closed,Web Form,Africa,46,Female,Basic,31,12,4,9.4,127.55,2022-07-15,2022-07-29,No,Yes,Android,Edge,Bank Transfer,French,Afternoon,1,Individual,jessica.wilson313@icloud.com,,0
72051,Jessica Davis,jessica.davis695@icloud.com,CRM Platform,Refund Request,I am experiencing very slow performance while using the dashboard.,The issue was escalated to engineering and resolved in the latest patch.,High,In Progress,Social Media,Europe,65,Male,Premium,59,11,4,14.83,2.36,2022-07-16,2022-07-29,No,Yes,iOS,Safari,Credit Card,French,Night,4,Corporate,jessica.davis695@icloud.com,,0
115928,Mary Rodriguez,mary.rodriguez878@gmail.com,Cloud Storage,Performance Issue,I am unable to access my account after entering the correct credentials.,Provided step-by-step troubleshooting instructions and issue resolved.,High,Open,Phone,Africa,69,Female,Premium,21,17,5,12.6,97.4,2022-03-29,2022-04-08,Yes,Yes,iOS,Safari,Crypto,German,Morning,5,Small Business,mary.rodriguez878@gmail.com,,0
139616,Joseph Smith,joseph.smith23@outlook.com,API Service,Account Suspension,The application crashes whenever I try to upload a file.,The duplicate charge was reversed and refund processed within 3-5 business days.,Medium,Pending Customer,Phone,Asia,58,Female,Basic,19,0,1,15.84,76.36,2022-07-20,2022-07-31,No,No,iOS,Safari,Crypto,Spanish,Afternoon,5,Individual,joseph.smith23@outlook.com,,0
193345,William Johnson,william.johnson202@yahoo.com,CRM Platform,Refund Request,My subscription was cancelled without my request and I need clarification.,The duplicate charge was reversed and refund processed within 3-5 business days.,Urgent,In Progress,Web Form,North America,56,Other,Premium,58,5,3,66.31,160.93,2024-08-27,2024-09-03,No,No,iOS,Unknown,Crypto,Chinese,Morning,1,Small Business,william.johnson202@yahoo.com,,0
61800,Susan Moore,susan.moore398@yahoo.com,E-commerce Store,Security Concern,I am unable to access my account after entering the correct credentials.,Subscription status corrected and confirmation email sent to customer.,Medium,Resolved,Chat,South America,65,Male,Enterprise,35,20,3,39.6,103.37,2024-06-04,2024-06-16,No,Yes,Windows,Safari,Credit Card,Japanese,Afternoon,2,Small Business,susan.moore398@yahoo.com,,0
188981,Susan Johnson,susan.johnson813@icloud.com,E-commerce Store,Performance Issue,My subscription was cancelled without my request and I need clarification.,The duplicate charge was reversed and refund processed within 3-5 business days.,Urgent,Closed,Chat,Australia,66,Male,Premium,59,7,2,6.11,116.74,2022-04-08,2022-04-15,Yes,Yes,MacOS,Edge,Bank Transfer,Japanese,Evening,8,Small Business,susan.johnson813@icloud.com,,0
24367,Karen Anderson,karen.anderson651@hotmail.com,Subscription Service,Login Issue,The payment was deducted from my bank account but the transaction shows failed.,The issue was escalated to engineering and resolved in the latest patch.,Medium,In Progress,Web Form,Australia,40,Female,Premium,57,19,2,11.23,67.63,2022-03-14,2022-03-25,No,Yes,MacOS,Safari,Debit Card,Japanese,Morning,1,Small Business,karen.anderson651@hotmail.com,,0
187830,Jessica Rodriguez,jessica.rodriguez486@yahoo.com,Web Portal,Security Concern,The system is not syncing data across devices properly.,The duplicate charge was reversed and refund processed within 3-5 business days.,Urgent,Pending Customer,Web Form,Asia,22,Other,Enterprise,4,10,4,9.62,136.44,2023-01-27,2023-01-31,No,Yes,iOS,Edge,Bank Transfer,Japanese,Evening,7,Small Business,jessica.rodriguez486@yahoo.com,,0
84391,William Williams,william.williams140@outlook.com,Mobile App,Bug Report,I found a bug in the latest update affecting report generation.,Bug logged internally and workaround shared with the customer.,Low,Resolved,Chat,Africa,68,Male,Free,43,14,2,45.07,75.65,2024-10-10,2024-10-18,No,Yes,Android,Firefox,Crypto,Japanese,Night,3,Corporate,william.williams140@outlook.com,,0
16323,John Smith,john.smith693@outlook.com,Analytics Dashboard,Feature Request,Two-factor authentication codes are not being delivered to my phone.,Explained billing breakdown and clarified applicable charges.,Medium,Resolved,Social Media,Africa,75,Other,Basic,22,5,3,67.54,131.18,2024-03-05,2024-03-07,Yes,No,iOS,Unknown,PayPal,Chinese,Morning,7,Small Business,john.smith693@outlook.com,,0
128665,Robert Martin,robert.martin808@icloud.com,CRM Platform,Payment Problem,The system is not syncing data across devices properly.,Provided step-by-step troubleshooting instructions and issue resolved.,Medium,In Progress,Social Media,North America,67,Other,Enterprise,8,18,1,9.09,85.34,2023-03-06,2023-03-14,Yes,Yes,iOS,Unknown,Crypto,Spanish,Morning,2,Individual,robert.martin808@icloud.com,,0
59227,Thomas Moore,thomas.moore193@company.com,Payment Gateway,Performance Issue,I am unable to access my account after entering the correct credentials.,The issue was escalated to engineering and resolved in the latest patch.,Urgent,Resolved,Email,South America,54,Other,Free,57,10,4,39.96,238.09,2024-04-03,2024-04-08,No,Yes,Linux,Firefox,Debit Card,French,Night,9,Corporate,thomas.moore193@company.com,,0
85019,Richard Davis,richard.davis207@gmail.com,Subscription Service,Data Sync Issue,I would like to request a refund for the recent charge.,Security settings updated and customer notified of precautionary measures.,Low,Pending Customer,Web Form,South America,28,Other,Basic,1,4,1,29.52,97.02,2022-05-19,2022-05-25,No,Yes,MacOS,Chrome,Bank Transfer,Chinese,Afternoon,6,Small Business,richard.davis207@gmail.com,,0
4289,John Garcia,john.garcia170@company.com,CRM Platform,Security Concern,I would like to request a refund for the recent charge.,Payment gateway timeout issue fixed and monitoring implemented.,High,Resolved,Chat,Australia,42,Other,Basic,53,9,4,12.9,201.93,2022-02-14,2022-02-25,No,Yes,Linux,Safari,Debit Card,English,Evening,6,Individual,john.garcia170@company.com,,0
452,David Jackson,david.jackson265@yahoo.com,Mobile App,Data Sync Issue,I would like to request a refund for the recent charge.,Bug logged internally and workaround shared with the customer.,Urgent,Pending Customer,Email,North America,73,Female,Enterprise,24,1,5,49.58,61.31,2024-11-20,2024-12-03,No,No,Windows,Unknown,PayPal,Spanish,Evening,6,Small Business,david.jackson265@yahoo.com,,0
13215,John Rodriguez,john.rodriguez937@outlook.com,Cloud Storage,Data Sync Issue,The payment was deducted from my bank account but the transaction shows failed.,Subscription status corrected and confirmation email sent to customer.,High,Open,Web Form,Africa,35,Other,Premium,14,14,4,38.03,82.15,2023-07-11,2023-07-13,Yes,Yes,Windows,Unknown,Crypto,Chinese,Evening,1,Corporate,john.rodriguez937@outlook.com,,0
176115,Thomas Moore,thomas.moore22@gmail.com,Payment Gateway,Account Suspension,Two-factor authentication codes are not being delivered to my phone.,The issue was escalated to engineering and resolved in the latest patch.,Medium,Resolved,Social Media,Australia,70,Female,Enterprise,41,13,3,62.77,48.38,2023-04-04,2023-04-10,Yes,No,Android,Edge,Credit Card,Japanese,Morning,2,Individual,thomas.moore22@gmail.com,,0
171437,Patricia Jackson,patricia.jackson563@company.com,Web Portal,Performance Issue,I am experiencing very slow performance while using the dashboard.,Bug logged internally and workaround shared with the customer.,Low,Closed,Chat,North America,44,Female,Free,49,11,3,62.25,234.75,2024-11-24,2024-12-02,Yes,No,Windows,Edge,Debit Card,English,Evening,8,Individual,patricia.jackson563@company.com,,0
169231,Thomas Smith,thomas.smith864@hotmail.com,Cloud Storage,Payment Problem,I would like to request a refund for the recent charge.,Bug logged internally and workaround shared with the customer.,Low,Pending Customer,Web Form,Australia,46,Other,Free,21,4,3,20.61,46.25,2023-11-19,2023-11-23,Yes,Yes,Linux,Chrome,Debit Card,English,Morning,3,Individual,thomas.smith864@hotmail.com,,0
67478,Thomas Moore,thomas.moore759@yahoo.com,Mobile App,Security Concern,Two-factor authentication codes are not being delivered to my phone.,Explained billing breakdown and clarified applicable charges.,Medium,Resolved,Social Media,Europe,73,Female,Free,57,5,3,49.53,71.19,2024-10-15,2024-10-21,No,No,Windows,Edge,Crypto,Japanese,Evening,8,Individual,thomas.moore759@yahoo.com,,0
137790,William Smith,william.smith936@yahoo.com,Mobile App,Feature Request,My subscription was cancelled without my request and I need clarification.,We have reset the account credentials and advised the customer to retry login.,Medium,Open,Chat,South America,55,Female,Basic,57,12,3,27.9,67.48,2022-03-28,2022-04-11,No,No,Android,Unknown,Debit Card,English,Afternoon,10,Small Business,william.smith936@yahoo.com,,0
181142,David Miller,david.miller195@company.com,CRM Platform,Payment Problem,My subscription was cancelled without my request and I need clarification.,We have reset the account credentials and advised the customer to retry login.,Urgent,Open,Email,South America,48,Female,Premium,57,19,3,48.87,92.68,2023-12-04,2023-12-13,Yes,Yes,Windows,Chrome,Crypto,Japanese,Afternoon,8,Individual,david.miller195@company.com,,0
171368,Richard Garcia,richard.garcia832@gmail.com,Mobile App,Payment Problem,The system is not syncing data across devices properly.,Security settings updated and customer notified of precautionary measures.,Low,Open,Web Form,South America,50,Male,Premium,15,15,5,14.35,161.51,2023-08-23,2023-09-04,Yes,No,MacOS,Firefox,Bank Transfer,Chinese,Morning,10,Corporate,richard.garcia832@gmail.com,,0
15791,William Martin,william.martin44@gmail.com,API Service,Performance Issue,The application crashes whenever I try to upload a file.,Security settings updated and customer notified of precautionary measures.,High,Resolved,Email,Europe,70,Female,Premium,58,7,2,16.56,72.12,2023-03-08,2023-03-17,Yes,Yes,Android,Safari,PayPal,German,Morning,5,Corporate,william.martin44@gmail.com,,0
66551,John Gonzalez,john.gonzalez258@hotmail.com,Cloud Storage,Login Issue,I found a bug in the latest update affecting report generation.,Bug logged internally and workaround shared with the customer.,Medium,In Progress,Phone,Australia,37,Male,Enterprise,27,0,2,30.0,177.69,2023-12-14,2023-12-14,No,No,Linux,Edge,Crypto,French,Afternoon,6,Small Business,john.gonzalez258@hotmail.com,,0
196364,John Gonzalez,john.gonzalez200@gmail.com,Cloud Storage,Account Suspension,I am unable to access my account after entering the correct credentials.,Bug logged internally and workaround shared with the customer.,High,Closed,Chat,Europe,25,Other,Free,51,1,3,7.49,32.47,2024-11-16,2024-11-19,No,No,iOS,Unknown,Credit Card,Chinese,Afternoon,2,Individual,john.gonzalez200@gmail.com,,0
164195,Susan Smith,susan.smith130@gmail.com,Billing System,Data Sync Issue,The payment was deducted from my bank account but the transaction shows failed.,We have reset the account credentials and advised the customer to retry login.,High,Closed,Social Media,North America,29,Male,Enterprise,26,6,5,13.39,114.11,2023-07-13,2023-07-23,No,No,MacOS,Edge,Crypto,English,Afternoon,4,Small Business,susan.smith130@gmail.com,,0
187765,Patricia Martin,patricia.martin214@hotmail.com,Payment Gateway,Login Issue,The application crashes whenever I try to upload a file.,Subscription status corrected and confirmation email sent to customer.,Medium,Closed,Email,Australia,37,Male,Premium,39,15,2,51.18,58.15,2023-02-09,2023-02-16,Yes,No,iOS,Safari,Crypto,English,Evening,9,Small Business,patricia.martin214@hotmail.com,,0
6484,Richard Jones,richard.jones980@outlook.com,E-commerce Store,Data Sync Issue,I am unable to access my account after entering the correct credentials.,Data synchronization restored after backend service restart.,Low,Pending Customer,Social Media,North America,52,Other,Free,24,17,3,42.43,80.27,2022-01-26,2022-01-26,Yes,Yes,iOS,Unknown,PayPal,German,Afternoon,10,Corporate,richard.jones980@outlook.com,,0
192373,Barbara Brown,barbara.brown758@hotmail.com,Cloud Storage,Data Sync Issue,I would like to request a refund for the recent charge.,The issue was escalated to engineering and resolved in the latest patch.,Urgent,Open,Phone,Europe,42,Female,Free,44,17,4,64.44,213.37,2022-04-22,2022-04-30,No,Yes,Windows,Unknown,Bank Transfer,Japanese,Morning,5,Individual,barbara.brown758@hotmail.com,,0
29825,Jennifer Martinez,jennifer.martinez714@outlook.com,Billing System,Account Suspension,I am unable to access my account after entering the correct credentials.,Bug logged internally and workaround shared with the customer.,Low,Open,Chat,South America,47,Other,Enterprise,4,6,2,21.22,193.8,2023-08-26,2023-09-04,Yes,No,Windows,Firefox,Debit Card,French,Afternoon,5,Corporate,jennifer.martinez714@outlook.com,,0
60676,Jessica Miller,jessica.miller215@hotmail.com,Cloud Storage,Feature Request,The system is not syncing data across devices properly.,We have reset the account credentials and advised the customer to retry login.,High,Closed,Chat,Africa,21,Other,Basic,42,7,3,8.86,38.5,2024-11-18,2024-11-24,Yes,Yes,Windows,Safari,Crypto,Chinese,Afternoon,10,Corporate,jessica.miller215@hotmail.com,,0
187131,James Miller,james.miller804@gmail.com,Web Portal,Refund Request,The payment was deducted from my bank account but the transaction shows failed.,We have reset the account credentials and advised the customer to retry login.,Urgent,Closed,Chat,South America,24,Female,Basic,29,19,2,63.87,131.9,2022-05-10,2022-05-24,No,Yes,MacOS,Firefox,Bank Transfer,French,Afternoon,10,Corporate,james.miller804@gmail.com,,0
39296,Patricia Taylor,patricia.taylor882@company.com,E-commerce Store,Feature Request,The payment was deducted from my bank account but the transaction shows failed.,Provided step-by-step troubleshooting instructions and issue resolved.,Low,Open,Social Media,South America,43,Male,Enterprise,9,7,2,21.39,12.28,2022-04-02,2022-04-12,No,Yes,MacOS,Firefox,Bank Transfer,Japanese,Evening,10,Individual,patricia.taylor882@company.com,,0
175684,Sarah Martinez,sarah.martinez484@outlook.com,Subscription Service,Account Suspension,I found a bug in the latest update affecting report generation.,Security settings updated and customer notified of precautionary measures.,High,Closed,Phone,Africa,56,Other,Enterprise,49,18,4,35.33,62.19,2024-11-10,2024-11-13,No,No,Android,Safari,Crypto,Chinese,Afternoon,3,Individual,sarah.martinez484@outlook.com,,0
108003,Mary Williams,mary.williams523@yahoo.com,Web Portal,Data Sync Issue,The system is not syncing data across devices properly.,Explained billing breakdown and clarified applicable charges.,Urgent,In Progress,Phone,Africa,49,Other,Basic,48,9,5,19.54,108.6,2022-03-04,2022-03-06,No,Yes,Linux,Firefox,PayPal,French,Morning,2,Individual,mary.williams523@yahoo.com,,0
31931,Barbara Thomas,barbara.thomas605@gmail.com,Mobile App,Performance Issue,The system is not syncing data across devices properly.,Provided step-by-step troubleshooting instructions and issue resolved.,High,Pending Customer,Social Media,Australia,26,Other,Basic,55,5,2,9.04,134.0,2024-10-28,2024-11-09,Yes,Yes,MacOS,Chrome,Crypto,German,Morning,1,Small Business,barbara.thomas605@gmail.com,,0
198910,Karen Hernandez,karen.hernandez374@hotmail.com,CRM Platform,Performance Issue,I would like to request a refund for the recent charge.,Data synchronization restored after backend service restart.,High,In Progress,Web Form,Europe,62,Other,Premium,7,20,2,42.94,45.25,2022-08-27,2022-09-08,No,Yes,iOS,Unknown,Crypto,Spanish,Night,5,Individual,karen.hernandez374@hotmail.com,,0
165588,Elizabeth Brown,elizabeth.brown500@yahoo.com,Billing System,Refund Request,Two-factor authentication codes are not being delivered to my phone.,The duplicate charge was reversed and refund processed within 3-5 business days.,Urgent,Pending Customer,Chat,Asia,61,Other,Enterprise,19,13,5,44.4,149.03,2023-10-21,2023-11-04,Yes,Yes,iOS,Edge,PayPal,Japanese,Night,4,Corporate,elizabeth.brown500@yahoo.com,,0
136172,Patricia Wilson,patricia.wilson833@company.com,Analytics Dashboard,Security Concern,Two-factor authentication codes are not being delivered to my phone.,Subscription status corrected and confirmation email sent to customer.,Urgent,Resolved,Web Form,South America,60,Female,Premium,18,16,4,12.01,122.51,2022-06-27,2022-07-07,No,No,MacOS,Safari,Bank Transfer,French,Night,8,Corporate,patricia.wilson833@company.com,,0
54897,Elizabeth Smith,elizabeth.smith917@hotmail.com,API Service,Feature Request,I am experiencing very slow performance while using the dashboard.,Bug logged internally and workaround shared with the customer.,High,Resolved,Web Form,Asia,22,Male,Enterprise,20,15,5,63.79,58.02,2023-05-13,2023-05-13,No,Yes,iOS,Safari,Debit Card,Chinese,Evening,5,Individual,elizabeth.smith917@hotmail.com,,0
164775,Sarah Taylor,sarah.taylor654@gmail.com,Cloud Storage,Security Concern,The system is not syncing data across devices properly.,Subscription status corrected and confirmation email sent to customer.,Medium,Open,Phone,Africa,31,Other,Enterprise,27,15,1,30.19,87.81,2022-09-29,2022-10-03,Yes,Yes,Windows,Firefox,Debit Card,Spanish,Afternoon,8,Corporate,sarah.taylor654@gmail.com,,0
97753,Jennifer Garcia,jennifer.garcia334@icloud.com,Payment Gateway,Account Suspension,The system is not syncing data across devices properly.,Subscription status corrected and confirmation email sent to customer.,Medium,In Progress,Social Media,South America,35,Other,Basic,33,9,1,5.91,19.11,2022-08-22,2022-08-31,Yes,No,MacOS,Edge,Debit Card,English,Afternoon,1,Corporate,jennifer.garcia334@icloud.com,,0
27955,Susan Brown,susan.brown237@outlook.com,Analytics Dashboard,Subscription Cancellation,The application crashes whenever I try to upload a file.,Data synchronization restored after backend service restart.,Low,Pending Customer,Phone,Asia,35,Female,Enterprise,60,8,5,8.71,200.07,2022-03-23,2022-03-25,Yes,No,Linux,Unknown,PayPal,Chinese,Afternoon,6,Individual,susan.brown237@outlook.com,,0
108207,Linda Brown,linda.brown511@outlook.com,Mobile App,Data Sync Issue,The application crashes whenever I try to upload a file.,The issue was escalated to engineering and resolved in the latest patch.,Urgent,Closed,Web Form,Asia,42,Other,Premium,10,2,5,48.03,32.83,2022-05-28,2022-05-30,Yes,Yes,Android,Chrome,PayPal,Chinese,Afternoon,1,Corporate,linda.brown511@outlook.com,,0
140638,David Taylor,david.taylor930@yahoo.com,Cloud Storage,Security Concern,Two-factor authentication codes are not being delivered to my phone.,Security settings updated and customer notified of precautionary measures.,Urgent,In Progress,Phone,Europe,47,Male,Enterprise,19,10,4,52.22,93.41,2023-05-27,2023-06-03,No,No,iOS,Safari,Credit Card,Japanese,Evening,6,Corporate,david.taylor930@yahoo.com,,0
26406,Jennifer Brown,jennifer.brown212@gmail.com,Billing System,Login Issue,I would like to request a refund for the recent charge.,The duplicate charge was reversed and refund processed within 3-5 business days.,High,Open,Web Form,Europe,67,Female,Basic,3,8,4,14.06,130.76,2023-10-01,2023-10-03,No,No,Android,Safari,Debit Card,French,Evening,8,Corporate,jennifer.brown212@gmail.com,,0
30746,William Taylor,william.taylor279@company.com,Cloud Storage,Security Concern,I am experiencing very slow performance while using the dashboard.,We have reset the account credentials and advised the customer to retry login.,Medium,Pending Customer,Phone,Asia,67,Other,Basic,53,5,5,37.49,92.47,2023-11-21,2023-12-01,No,No,iOS,Unknown,Bank Transfer,Chinese,Afternoon,5,Individual,william.taylor279@company.com,,0
199698,Susan Taylor,susan.taylor492@gmail.com,Mobile App,Payment Problem,I am unable to access my account after entering the correct credentials.,Provided step-by-step troubleshooting instructions and issue resolved.,Urgent,Closed,Social Media,Australia,61,Other,Free,59,4,4,3.52,30.01,2024-11-24,2024-12-04,Yes,No,Windows,Unknown,Crypto,Spanish,Night,10,Corporate,susan.taylor492@gmail.com,,0
28960,Jessica Williams,jessica.williams205@hotmail.com,Billing System,Bug Report,My subscription was cancelled without my request and I need clarification.,The duplicate charge was reversed and refund processed within 3-5 business days.,High,Closed,Social Media,South America,72,Other,Enterprise,42,7,1,41.03,83.8,2023-04-11,2023-04-17,Yes,Yes,MacOS,Safari,Bank Transfer,English,Morning,7,Individual,jessica.williams205@hotmail.com,,0
4836,Karen Gonzalez,karen.gonzalez873@icloud.com,Mobile App,Subscription Cancellation,There seems to be a discrepancy in my billing statement for this month.,Explained billing breakdown and clarified applicable charges.,Medium,Resolved,Social Media,South America,51,Female,Enterprise,2,18,3,66.79,135.95,2022-05-12,2022-05-18,Yes,Yes,MacOS,Safari,Crypto,Chinese,Evening,4,Corporate,karen.gonzalez873@icloud.com,,0
96470,Elizabeth Thomas,elizabeth.thomas66@gmail.com,CRM Platform,Refund Request,The system is not syncing data across devices properly.,The issue was escalated to engineering and resolved in the latest patch.,Urgent,Open,Social Media,Asia,33,Male,Premium,41,18,3,44.53,211.15,2023-12-02,2023-12-04,Yes,Yes,MacOS,Unknown,Debit Card,Japanese,Evening,5,Individual,elizabeth.thomas66@gmail.com,,0
91371,Karen Martinez,karen.martinez935@gmail.com,Web Portal,Performance Issue,I found a bug in the latest update affecting report generation.,Provided step-by-step troubleshooting instructions and issue resolved.,Urgent,Resolved,Email,Africa,69,Female,Premium,8,13,1,26.36,199.37,2024-12-26,2024-12-27,Yes,No,Windows,Chrome,Bank Transfer,German,Afternoon,3,Individual,karen.martinez935@gmail.com,2022-04-01,0
140955,Karen Jackson,karen.jackson873@yahoo.com,Web Portal,Data Sync Issue,Two-factor authentication codes are not being delivered to my phone.,Explained billing breakdown and clarified applicable charges.,Low,Pending Customer,Email,Africa,71,Male,Basic,2,19,4,66.14,10.72,2024-09-09,2024-09-19,Yes,Yes,Windows,Firefox,Credit Card,Spanish,Evening,10,Individual,karen.jackson873@yahoo.com,,0
181797,William Johnson,william.johnson943@company.com,CRM Platform,Payment Problem,The application crashes whenever I try to upload a file.,Security settings updated and customer notified of precautionary measures.,Urgent,Open,Chat,Africa,26,Other,Enterprise,26,13,4,0.63,147.56,2023-07-04,2023-07-09,No,Yes,Windows,Edge,Bank Transfer,Japanese,Afternoon,7,Small Business,william.johnson943@company.com,,0
87276,Jessica Miller,jessica.miller65@icloud.com,Cloud Storage,Payment Problem,The payment was deducted from my bank account but the transaction shows failed.,Bug logged internally and workaround shared with the customer.,Medium,Closed,Chat,Europe,20,Female,Basic,9,0,4,39.83,102.54,2024-08-31,2024-09-13,No,No,MacOS,Unknown,Crypto,English,Afternoon,9,Corporate,jessica.miller65@icloud.com,,0
96605,Linda Garcia,linda.garcia460@hotmail.com,Billing System,Refund Request,There seems to be a discrepancy in my billing statement for this month.,Provided step-by-step troubleshooting instructions and issue resolved.,Urgent,In Progress,Chat,Australia,57,Other,Premium,42,7,3,10.51,168.61,2024-08-08,2024-08-14,Yes,No,iOS,Firefox,PayPal,Spanish,Afternoon,5,Corporate,linda.garcia460@hotmail.com,,0
3370,Elizabeth Rodriguez,elizabeth.rodriguez996@icloud.com,E-commerce Store,Bug Report,The application crashes whenever I try to upload a file.,Subscription status corrected and confirmation email sent to customer.,Urgent,Open,Web Form,South America,28,Other,Free,44,19,5,25.28,98.44,2023-05-05,2023-05-13,No,Yes,Android,Safari,Credit Card,Chinese,Evening,8,Small Business,elizabeth.rodriguez996@icloud.com,,0
164942,David Thomas,david.thomas907@icloud.com,Web Portal,Performance Issue,The payment was deducted from my bank account but the transaction shows failed.,Subscription status corrected and confirmation email sent to customer.,High,Open,Phone,Africa,20,Female,Premium,22,17,1,11.32,89.02,2024-12-18,2024-12-18,No,No,Linux,Unknown,PayPal,English,Afternoon,4,Small Business,david.thomas907@icloud.com,,0
45050,Robert Moore,robert.moore124@gmail.com,Analytics Dashboard,Login Issue,There seems to be a discrepancy in my billing statement for this month.,Provided step-by-step troubleshooting instructions and issue resolved.,Low,Resolved,Chat,Australia,44,Male,Free,19,14,1,58.92,234.16,2024-07-21,2024-07-21,No,Yes,Android,Unknown,Credit Card,Spanish,Night,6,Corporate,robert.moore124@gmail.com,,0
152363,Patricia Hernandez,patricia.hernandez463@gmail.com,Payment Gateway,Refund Request,Two-factor authentication codes are not being delivered to my phone.,The duplicate charge was reversed and refund processed within 3-5 business days.,Low,Pending Customer,Phone,Asia,43,Other,Basic,43,1,3,10.39,199.33,2023-12-10,2023-12-20,Yes,Yes,MacOS,Safari,Debit Card,German,Evening,3,Individual,patricia.hernandez463@gmail.com,,0
176584,Susan Anderson,susan.anderson834@gmail.com,E-commerce Store,Payment Problem,There seems to be a discrepancy in my billing statement for this month.,Subscription status corrected and confirmation email sent to customer.,Urgent,Pending Customer,Social Media,Europe,67,Male,Premium,57,17,5,35.78,222.06,2022-12-30,2023-01-07,No,Yes,Linux,Edge,Crypto,English,Afternoon,5,Corporate,susan.anderson834@gmail.com,,0
199835,Barbara Taylor,barbara.taylor569@yahoo.com,API Service,Bug Report,The system is not syncing data across devices properly.,Explained billing breakdown and clarified applicable charges.,Medium,In Progress,Email,South America,66,Other,Enterprise,10,20,4,36.62,130.52,2022-02-17,2022-03-02,No,Yes,Android,Edge,Bank Transfer,Japanese,Afternoon,2,Small Business,barbara.taylor569@yahoo.com,,0
141213,Joseph Thomas,joseph.thomas910@outlook.com,E-commerce Store,Login Issue,There seems to be a discrepancy in my billing statement for this month.,Explained billing breakdown and clarified applicable charges.,Medium,In Progress,Chat,Europe,54,Female,Free,58,20,2,44.82,52.84,2024-10-01,2024-10-05,No,No,iOS,Edge,Debit Card,German,Night,4,Individual,joseph.thomas910@outlook.com,,0
87578,John Jackson,john.jackson890@icloud.com,Web Portal,Feature Request,Two-factor authentication codes are not being delivered to my phone.,Security settings updated and customer notified of precautionary measures.,Urgent,Open,Web Form,North America,28,Other,Basic,6,20,2,13.05,26.46,2024-03-09,2024-03-13,Yes,No,Android,Safari,Crypto,German,Morning,3,Individual,john.jackson890@icloud.com,,0
69272,Robert Jackson,robert.jackson5@hotmail.com,Cloud Storage,Payment Problem,I would like to request a refund for the recent charge.,Data synchronization restored after backend service restart.,Medium,Resolved,Social Media,Europe,62,Male,Premium,46,3,2,63.71,179.48,2022-06-07,2022-06-14,Yes,Yes,Windows,Firefox,PayPal,French,Afternoon,7,Corporate,robert.jackson5@hotmail.com,,0
187322,Elizabeth Martinez,elizabeth.martinez693@gmail.com,Subscription Service,Account Suspension,The application crashes whenever I try to upload a file.,The issue was escalated to engineering and resolved in the latest patch.,Low,Resolved,Chat,Europe,32,Other,Free,36,1,3,13.4,4.15,2022-11-28,2022-12-07,Yes,No,MacOS,Unknown,Bank Transfer,Chinese,Morning,5,Small Business,elizabeth.martinez693@gmail.com,,0
190466,Patricia Martin,patricia.martin355@company.com,Payment Gateway,Bug Report,I am experiencing very slow performance while using the dashboard.,We have reset the account credentials and advised the customer to retry login.,High,Pending Customer,Phone,Asia,18,Other,Basic,18,4,5,10.95,132.74,2024-08-14,2024-08-18,Yes,Yes,Linux,Safari,Debit Card,English,Afternoon,4,Corporate,patricia.martin355@company.com,,0
79912,Jennifer Smith,jennifer.smith38@icloud.com,Mobile App,Feature Request,I found a bug in the latest update affecting report generation.,Security settings updated and customer notified of precautionary measures.,Urgent,Closed,Phone,Africa,63,Female,Free,55,11,5,37.83,170.73,2023-03-03,2023-03-13,No,No,Android,Safari,Debit Card,Spanish,Evening,5,Small Business,jennifer.smith38@icloud.com,,0
56577,Michael Gonzalez,michael.gonzalez523@icloud.com,E-commerce Store,Login Issue,I would like to request a refund for the recent charge.,Bug logged internally and workaround shared with the customer.,Medium,Resolved,Chat,Europe,21,Male,Basic,58,19,4,34.11,50.63,2024-10-29,2024-11-10,Yes,Yes,iOS,Unknown,Debit Card,French,Night,1,Small Business,michael.gonzalez523@icloud.com,,0
82273,Linda Moore,linda.moore516@yahoo.com,Subscription Service,Subscription Cancellation,Two-factor authentication codes are not being delivered to my phone.,Explained billing breakdown and clarified applicable charges.,High,In Progress,Chat,Africa,40,Other,Premium,33,16,4,40.85,34.3,2022-04-26,2022-04-27,No,No,iOS,Firefox,PayPal,English,Morning,5,Individual,linda.moore516@yahoo.com,,0
106056,John Taylor,john.taylor764@hotmail.com,Analytics Dashboard,Payment Problem,I found a bug in the latest update affecting report generation.,The issue was escalated to engineering and resolved in the latest patch.,Medium,Open,Web Form,South America,37,Other,Free,26,3,5,16.22,102.58,2023-07-02,2023-07-10,Yes,No,Windows,Edge,Bank Transfer,French,Morning,4,Small Business,john.taylor764@hotmail.com,,0
14611,William Williams,william.williams179@gmail.com,Billing System,Performance Issue,The payment was deducted from my bank account but the transaction shows failed.,The issue was escalated to engineering and resolved in the latest patch.,Low,In Progress,Phone,Europe,21,Other,Free,27,1,2,71.11,88.39,2024-09-18,2024-09-28,No,Yes,Android,Chrome,Crypto,Chinese,Night,7,Small Business,william.williams179@gmail.com,,0
149544,Michael Martin,michael.martin477@company.com,Billing System,Bug Report,Two-factor authentication codes are not being delivered to my phone.,Provided step-by-step troubleshooting instructions and issue resolved.,Low,Pending Customer,Web Form,Asia,25,Female,Free,55,12,1,64.33,122.3,2024-05-26,2024-05-26,No,No,Android,Unknown,Credit Card,Spanish,Afternoon,10,Individual,michael.martin477@company.com,,0
81307,Sarah Taylor,sarah.taylor510@icloud.com,Subscription Service,Security Concern,I am unable to access my account after entering the correct credentials.,Subscription status corrected and confirmation email sent to customer.,Urgent,Resolved,Phone,Africa,74,Other,Free,34,13,1,47.98,215.75,2022-04-23,2022-04-27,Yes,No,Windows,Unknown,Debit Card,Spanish,Evening,9,Corporate,sarah.taylor510@icloud.com,,0
182042,Robert Hernandez,robert.hernandez552@company.com,API Service,Data Sync Issue,I found a bug in the latest update affecting report generation.,Subscription status corrected and confirmation email sent to customer.,High,Resolved,Social Media,Asia,18,Male,Enterprise,13,18,1,34.54,39.06,2024-11-26,2024-11-26,No,Yes,Linux,Firefox,Debit Card,English,Morning,8,Small Business,robert.hernandez552@company.com,,0
103016,Jennifer Gonzalez,jennifer.gonzalez490@company.com,Mobile App,Security Concern,I found a bug in the latest update affecting report generation.,We have reset the account credentials and advised the customer to retry login.,Urgent,Resolved,Phone,North America,45,Male,Free,27,9,4,17.93,44.58,2024-01-17,2024-01-19,No,No,Linux,Unknown,PayPal,German,Morning,4,Corporate,jennifer.gonzalez490@company.com,,0
102482,John Davis,john.davis183@hotmail.com,Payment Gateway,Login Issue,I found a bug in the latest update affecting report generation.,Bug logged internally and workaround shared with the customer.,Medium,In Progress,Email,Europe,69,Female,Premium,11,9,1,40.0,158.89,2024-04-07,2024-04-14,No,Yes,Windows,Edge,Credit Card,French,Night,9,Corporate,john.davis183@hotmail.com,,0
16449,Susan Martinez,susan.martinez459@icloud.com,Cloud Storage,Data Sync Issue,I would like to request a refund for the recent charge.,Payment gateway timeout issue fixed and monitoring implemented.,Low,Open,Email,North America,43,Male,Enterprise,55,19,5,53.59,84.44,2023-07-05,2023-07-16,Yes,No,Linux,Chrome,PayPal,Chinese,Evening,3,Individual,susan.martinez459@icloud.com,,0
8202,Elizabeth Gonzalez,elizabeth.gonzalez823@icloud.com,Cloud Storage,Payment Problem,I found a bug in the latest update affecting report generation.,Provided step-by-step troubleshooting instructions and issue resolved.,Low,Open,Email,Africa,62,Male,Basic,27,11,3,5.07,68.53,2024-02-29,2024-03-06,No,Yes,Windows,Firefox,Credit Card,Chinese,Morning,2,Corporate,elizabeth.gonzalez823@icloud.com,2022-11-08,0
43820,Patricia Moore,patricia.moore14@gmail.com,Mobile App,Data Sync Issue,The payment was deducted from my bank account but the transaction shows failed.,Subscription status corrected and confirmation email sent to customer.,High,Resolved,Social Media,Australia,21,Other,Free,17,16,5,38.85,146.7,2024-12-03,2024-12-10,Yes,Yes,Linux,Edge,Debit Card,French,Evening,1,Corporate,patricia.moore14@gmail.com,,0
701,Barbara Jackson,barbara.jackson617@company.com,Payment Gateway,Login Issue,My subscription was cancelled without my request and I need clarification.,We have reset the account credentials and advised the customer to retry login.,Low,In Progress,Email,Asia,63,Other,Basic,15,4,2,51.76,120.03,2023-02-06,2023-02-17,Yes,Yes,MacOS,Safari,Debit Card,English,Afternoon,9,Individual,barbara.jackson617@company.com,,0
62877,Charles Davis,charles.davis555@icloud.com,Cloud Storage,Performance Issue,The application crashes whenever I try to upload a file.,Provided step-by-step troubleshooting instructions and issue resolved.,Low,In Progress,Email,South America,44,Female,Free,22,19,1,29.69,222.72,2024-07-30,2024-08-04,Yes,Yes,Linux,Firefox,Debit Card,Spanish,Afternoon,9,Corporate,charles.davis555@icloud.com,2022-03-07,0
19043,Mary Wilson,mary.wilson296@yahoo.com,API Service,Bug Report,I am unable to access my account after entering the correct credentials.,Subscription status corrected and confirmation email sent to customer.,High,Resolved,Phone,South America,69,Female,Basic,54,2,2,67.15,185.68,2024-05-22,2024-05-27,No,No,Android,Edge,Debit Card,English,Afternoon,2,Small Business,mary.wilson296@yahoo.com,,0
35130,James Moore,james.moore879@yahoo.com,Billing System,Data Sync Issue,I am unable to access my account after entering the correct credentials.,Provided step-by-step troubleshooting instructions and issue resolved.,Medium,Closed,Social Media,Europe,49,Other,Basic,53,17,5,52.59,37.98,2023-02-27,2023-02-28,No,Yes,iOS,Edge,Crypto,Spanish,Evening,8,Individual,james.moore879@yahoo.com,,0
182229,Elizabeth Thomas,elizabeth.thomas340@outlook.com,Mobile App,Bug Report,I am unable to access my account after entering the correct credentials.,Security settings updated and customer notified of precautionary measures.,Urgent,In Progress,Email,South America,28,Female,Enterprise,50,7,4,15.75,74.97,2022-05-10,2022-05-18,No,No,iOS,Firefox,Crypto,German,Evening,9,Small Business,elizabeth.thomas340@outlook.com,,0
78471,David Gonzalez,david.gonzalez224@gmail.com,Cloud Storage,Data Sync Issue,My subscription was cancelled without my request and I need clarification.,Provided step-by-step troubleshooting instructions and issue resolved.,Medium,Resolved,Social Media,Asia,67,Male,Premium,2,20,5,7.62,171.77,2022-12-19,2022-12-26,No,No,MacOS,Unknown,Bank Transfer,English,Afternoon,7,Small Business,david.gonzalez224@gmail.com,,0
91901,James Wilson,james.wilson743@gmail.com,Subscription Service,Subscription Cancellation,I am unable to access my account after entering the correct credentials.,We have reset the account credentials and advised the customer to retry login.,Low,Open,Chat,North America,18,Female,Enterprise,24,10,3,6.57,186.88,2023-03-22,2023-03-28,Yes,No,Windows,Edge,Debit Card,French,Evening,10,Small Business,james.wilson743@gmail.com,,0
26119,Mary Wilson,mary.wilson384@outlook.com,Subscription Service,Bug Report,The system is not syncing data across devices properly.,Data synchronization restored after backend service restart.,Low,Open,Phone,South America,49,Male,Basic,10,1,5,70.43,86.15,2024-01-23,2024-02-05,Yes,No,Linux,Unknown,Debit Card,Japanese,Evening,9,Small Business,mary.wilson384@outlook.com,,0
193927,William Miller,william.miller502@company.com,Cloud Storage,Feature Request,The application crashes whenever I try to upload a file.,The duplicate charge was reversed and refund processed within 3-5 business days.,Low,Pending Customer,Chat,Australia,68,Female,Basic,37,9,4,27.4,130.29,2023-09-11,2023-09-16,Yes,No,iOS,Unknown,Crypto,Spanish,Night,9,Individual,william.miller502@company.com,,0
59511,Richard Rodriguez,richard.rodriguez223@gmail.com,Cloud Storage,Bug Report,The system is not syncing data across devices properly.,Explained billing breakdown and clarified applicable charges.,Urgent,Pending Customer,Email,Africa,58,Male,Enterprise,57,2,1,12.52,165.1,2023-10-06,2023-10-09,Yes,Yes,iOS,Safari,Crypto,French,Night,1,Individual,richard.rodriguez223@gmail.com,,0
59488,David Martinez,david.martinez288@yahoo.com,Payment Gateway,Account Suspension,Two-factor authentication codes are not being delivered to my phone.,Bug logged internally and workaround shared with the customer.,Low,Pending Customer,Email,Europe,40,Other,Free,2,14,1,65.24,95.46,2024-07-09,2024-07-20,Yes,Yes,Windows,Firefox,Debit Card,German,Afternoon,4,Small Business,david.martinez288@yahoo.com,,0
43753,William Davis,william.davis637@hotmail.com,CRM Platform,Data Sync Issue,Two-factor authentication codes are not being delivered to my phone.,Security settings updated and customer notified of precautionary measures.,Medium,Open,Web Form,North America,72,Female,Premium,8,18,3,5.76,228.43,2024-10-16,2024-10-28,Yes,Yes,Linux,Firefox,Bank Transfer,German,Morning,3,Small Business,william.davis637@hotmail.com,,0
68884,Charles Jackson,charles.jackson86@outlook.com,API Service,Performance Issue,The application crashes whenever I try to upload a file.,Data synchronization restored after backend service restart.,Low,Closed,Phone,Asia,45,Male,Enterprise,14,0,1,56.37,18.17,2023-06-16,2023-06-22,No,Yes,Linux,Firefox,PayPal,French,Morning,3,Individual,charles.jackson86@outlook.com,,0
16149,Michael Williams,michael.williams485@gmail.com,Payment Gateway,Refund Request,The system is not syncing data across devices properly.,Subscription status corrected and confirmation email sent to customer.,Low,In Progress,Phone,Australia,33,Male,Premium,5,0,5,35.32,45.53,2024-01-08,2024-01-17,Yes,No,Windows,Chrome,Bank Transfer,English,Afternoon,7,Individual,michael.williams485@gmail.com,,0
171320,James Rodriguez,james.rodriguez198@company.com,API Service,Payment Problem,The application crashes whenever I try to upload a file.,Subscription status corrected and confirmation email sent to customer.,Low,Closed,Email,Australia,50,Female,Basic,41,12,4,70.78,191.58,2023-04-21,2023-05-03,No,No,Windows,Chrome,Bank Transfer,Japanese,Night,5,Corporate,james.rodriguez198@company.com,,0
55978,Patricia Brown,patricia.brown350@hotmail.com,Payment Gateway,Security Concern,There seems to be a discrepancy in my billing statement for this month.,Bug logged internally and workaround shared with the customer.,High,Resolved,Social Media,Asia,42,Female,Premium,24,14,4,66.92,67.44,2024-10-05,2024-10-05,No,No,Android,Firefox,PayPal,Spanish,Morning,10,Corporate,patricia.brown350@hotmail.com,,0
147297,Karen Jones,karen.jones203@gmail.com,Cloud Storage,Subscription Cancellation,The system is not syncing data across devices properly.,Data synchronization restored after backend service restart.,Urgent,Pending Customer,Social Media,Australia,49,Female,Basic,35,14,3,51.09,222.98,2024-03-14,2024-03-26,No,Yes,Windows,Safari,Bank Transfer,English,Night,7,Small Business,karen.jones203@gmail.com,2023-12-21,0
148763,Patricia Hernandez,patricia.hernandez419@icloud.com,Subscription Service,Feature Request,I am experiencing very slow performance while using the dashboard.,Data synchronization restored after backend service restart.,Urgent,Open,Phone,Asia,38,Male,Basic,15,5,2,37.73,38.36,2024-06-11,2024-06-25,Yes,No,Windows,Edge,Bank Transfer,German,Evening,2,Small Business,patricia.hernandez419@icloud.com,,0
5797,Richard Gonzalez,richard.gonzalez572@gmail.com,Mobile App,Payment Problem,My subscription was cancelled without my request and I need clarification.,Data synchronization restored after backend service restart.,Medium,Open,Email,Australia,18,Male,Premium,29,20,2,62.6,200.66,2022-07-04,2022-07-14,Yes,No,Android,Firefox,PayPal,Spanish,Night,1,Small Business,richard.gonzalez572@gmail.com,,0
84262,Patricia Wilson,patricia.wilson442@hotmail.com,Analytics Dashboard,Login Issue,I am experiencing very slow performance while using the dashboard.,Security settings updated and customer notified of precautionary measures.,Medium,Closed,Phone,Africa,67,Other,Free,18,20,3,13.54,174.79,2022-02-02,2022-02-16,Yes,No,Linux,Edge,Debit Card,German,Afternoon,4,Individual,patricia.wilson442@hotmail.com,,0
34340,Joseph Hernandez,joseph.hernandez729@yahoo.com,API Service,Login Issue,The system is not syncing data across devices properly.,Subscription status corrected and confirmation email sent to customer.,Urgent,Resolved,Email,Europe,40,Other,Premium,60,14,3,2.89,59.06,2024-07-04,2024-07-13,No,No,MacOS,Firefox,Bank Transfer,Spanish,Night,8,Small Business,joseph.hernandez729@yahoo.com,,0
95038,Linda Jackson,linda.jackson844@gmail.com,Billing System,Feature Request,The application crashes whenever I try to upload a file.,Payment gateway timeout issue fixed and monitoring implemented.,Urgent,Resolved,Chat,South America,37,Other,Basic,9,12,3,6.33,172.53,2024-01-18,2024-01-26,Yes,No,MacOS,Chrome,Debit Card,Japanese,Afternoon,3,Individual,linda.jackson844@gmail.com,,0
158486,Mary Thomas,mary.thomas841@yahoo.com,Billing System,Subscription Cancellation,I found a bug in the latest update affecting report generation.,Bug logged internally and workaround shared with the customer.,Medium,Pending Customer,Social Media,North America,43,Male,Free,2,19,1,40.64,36.88,2023-08-11,2023-08-12,Yes,Yes,iOS,Firefox,Debit Card,Spanish,Night,3,Corporate,mary.thomas841@yahoo.com,,0
20544,William Taylor,william.taylor608@icloud.com,CRM Platform,Subscription Cancellation,The payment was deducted from my bank account but the transaction shows failed.,Provided step-by-step troubleshooting instructions and issue resolved.,High,In Progress,Web Form,Asia,73,Other,Free,2,13,2,55.87,102.95,2022-05-25,2022-05-28,Yes,No,MacOS,Unknown,Debit Card,Spanish,Afternoon,3,Corporate,william.taylor608@icloud.com,,0
38119,Patricia Hernandez,patricia.hernandez915@hotmail.com,CRM Platform,Data Sync Issue,Two-factor authentication codes are not being delivered to my phone.,Explained billing breakdown and clarified applicable charges.,High,Resolved,Email,North America,48,Other,Premium,30,17,2,11.96,52.61,2024-12-26,2024-12-27,No,Yes,Windows,Safari,Crypto,English,Afternoon,2,Individual,patricia.hernandez915@hotmail.com,,0
105257,Susan Wilson,susan.wilson389@gmail.com,Cloud Storage,Payment Problem,There seems to be a discrepancy in my billing statement for this month.,Payment gateway timeout issue fixed and monitoring implemented.,High,In Progress,Social Media,South America,25,Female,Premium,49,13,3,2.26,85.59,2024-07-01,2024-07-12,Yes,No,MacOS,Unknown,Debit Card,Japanese,Morning,4,Small Business,susan.wilson389@gmail.com,,0
87561,Elizabeth Martinez,elizabeth.martinez209@yahoo.com,E-commerce Store,Refund Request,I found a bug in the latest update affecting report generation.,The duplicate charge was reversed and refund processed within 3-5 business days.,Low,Resolved,Web Form,Africa,69,Male,Basic,44,20,3,70.22,183.46,2024-09-11,2024-09-12,No,No,MacOS,Safari,Debit Card,Chinese,Morning,8,Corporate,elizabeth.martinez209@yahoo.com,,0
79196,Robert Davis,robert.davis421@yahoo.com,API Service,Security Concern,I am experiencing very slow performance while using the dashboard.,Data synchronization restored after backend service restart.,Low,Pending Customer,Chat,South America,64,Other,Basic,28,5,5,57.38,237.66,2023-12-16,2023-12-27,Yes,No,iOS,Chrome,Bank Transfer,Spanish,Morning,3,Corporate,robert.davis421@yahoo.com,,0
12953,Barbara Anderson,barbara.anderson663@gmail.com,Payment Gateway,Refund Request,I would like to request a refund for the recent charge.,Payment gateway timeout issue fixed and monitoring implemented.,High,Open,Chat,Australia,59,Female,Enterprise,22,9,1,53.54,173.25,2024-08-30,2024-09-10,No,Yes,Android,Unknown,PayPal,Chinese,Morning,6,Individual,barbara.anderson663@gmail.com,,0
161950,Thomas Williams,thomas.williams130@outlook.com,CRM Platform,Payment Problem,I would like to request a refund for the recent charge.,Payment gateway timeout issue fixed and monitoring implemented.,Urgent,In Progress,Phone,North America,27,Male,Enterprise,18,1,4,66.58,237.51,2023-08-17,2023-08-17,No,Yes,Linux,Chrome,Credit Card,French,Afternoon,3,Corporate,thomas.williams130@outlook.com,,0
156628,Robert Williams,robert.williams481@outlook.com,Web Portal,Security Concern,I would like to request a refund for the recent charge.,The issue was escalated to engineering and resolved in the latest patch.,Urgent,Resolved,Social Media,North America,29,Other,Basic,37,9,2,46.57,59.91,2022-10-31,2022-11-12,Yes,No,iOS,Edge,Bank Transfer,French,Afternoon,8,Corporate,robert.williams481@outlook.com,,0
170778,Barbara Brown,barbara.brown808@yahoo.com,API Service,Login Issue,There seems to be a discrepancy in my billing statement for this month.,Subscription status corrected and confirmation email sent to customer.,High,Resolved,Chat,Australia,43,Other,Enterprise,10,13,2,24.16,27.08,2022-02-18,2022-02-27,Yes,No,iOS,Chrome,Debit Card,English,Night,2,Small Business,barbara.brown808@yahoo.com,,0
31013,James Thomas,james.thomas565@hotmail.com,Web Portal,Performance Issue,I am unable to access my account after entering the correct credentials.,Payment gateway timeout issue fixed and monitoring implemented.,Medium,Resolved,Email,Africa,29,Female,Free,21,4,1,45.02,223.99,2024-04-07,2024-04-07,Yes,Yes,MacOS,Edge,Debit Card,German,Afternoon,8,Small Business,james.thomas565@hotmail.com,,0
21593,David Brown,david.brown437@company.com,Payment Gateway,Payment Problem,I am experiencing very slow performance while using the dashboard.,Subscription status corrected and confirmation email sent to customer.,Urgent,Open,Phone,South America,22,Other,Premium,53,7,1,28.97,205.47,2023-03-28,2023-03-30,Yes,Yes,Windows,Unknown,Credit Card,French,Afternoon,4,Small Business,david.brown437@company.com,,0
49589,Jessica Lopez,jessica.lopez735@yahoo.com,Web Portal,Data Sync Issue,The application crashes whenever I try to upload a file.,Bug logged internally and workaround shared with the customer.,Medium,Closed,Phone,Europe,25,Other,Enterprise,13,8,2,28.01,124.78,2024-09-21,2024-09-21,No,Yes,Linux,Safari,Bank Transfer,Chinese,Night,6,Individual,jessica.lopez735@yahoo.com,2022-12-03,0
39576,Charles Davis,charles.davis668@company.com,Cloud Storage,Performance Issue,The system is not syncing data across devices properly.,Data synchronization restored after backend service restart.,High,Pending Customer,Chat,Africa,44,Female,Premium,33,1,4,32.66,35.3,2024-12-22,2025-01-04,No,No,iOS,Firefox,Bank Transfer,Japanese,Morning,1,Individual,charles.davis668@company.com,2022-01-12,0
104927,Susan Brown,susan.brown778@icloud.com,Analytics Dashboard,Feature Request,My subscription was cancelled without my request and I need clarification.,Provided step-by-step troubleshooting instructions and issue resolved.,Medium,In Progress,Chat,Africa,61,Female,Enterprise,42,1,5,21.29,44.24,2022-05-23,2022-06-05,Yes,No,Android,Chrome,Bank Transfer,Chinese,Evening,4,Individual,susan.brown778@icloud.com,,0
2409,Robert Williams,robert.williams944@icloud.com,Web Portal,Data Sync Issue,Two-factor authentication codes are not being delivered to my phone.,Bug logged internally and workaround shared with the customer.,High,Pending Customer,Web Form,South America,41,Other,Premium,60,18,1,38.01,145.98,2024-01-06,2024-01-19,No,No,Windows,Chrome,Bank Transfer,English,Night,2,Individual,robert.williams944@icloud.com,,0
130318,Michael Johnson,michael.johnson354@yahoo.com,CRM Platform,Payment Problem,My subscription was cancelled without my request and I need clarification.,Payment gateway timeout issue fixed and monitoring implemented.,High,In Progress,Web Form,Australia,75,Female,Enterprise,47,18,1,32.68,230.81,2022-06-21,2022-06-28,No,Yes,MacOS,Safari,PayPal,English,Afternoon,3,Corporate,michael.johnson354@yahoo.com,,0
105109,David Lopez,david.lopez972@gmail.com,Subscription Service,Subscription Cancellation,I am unable to access my account after entering the correct credentials.,Payment gateway timeout issue fixed and monitoring implemented.,Medium,Pending Customer,Email,Asia,30,Male,Premium,7,19,3,33.44,73.68,2024-05-06,2024-05-16,No,Yes,Android,Unknown,PayPal,English,Morning,10,Corporate,david.lopez972@gmail.com,,0
180402,Robert Davis,robert.davis300@yahoo.com,Subscription Service,Bug Report,I would like to request a refund for the recent charge.,Security settings updated and customer notified of precautionary measures.,High,Resolved,Phone,Australia,75,Male,Free,45,17,3,25.49,192.41,2024-08-18,2024-08-21,No,No,Linux,Chrome,Crypto,English,Evening,9,Corporate,robert.davis300@yahoo.com,,0
145211,Karen Davis,karen.davis730@outlook.com,Subscription Service,Subscription Cancellation,I am experiencing very slow performance while using the dashboard.,Provided step-by-step troubleshooting instructions and issue resolved.,Low,Resolved,Chat,North America,59,Male,Basic,38,6,5,48.62,138.51,2022-08-04,2022-08-07,Yes,No,MacOS,Edge,Crypto,Spanish,Evening,4,Small Business,karen.davis730@outlook.com,,0
175891,Mary Hernandez,mary.hernandez174@gmail.com,Subscription Service,Data Sync Issue,The system is not syncing data across devices properly.,The issue was escalated to engineering and resolved in the latest patch.,Low,Open,Web Form,Australia,49,Male,Enterprise,43,11,4,49.53,78.16,2022-06-25,2022-07-09,Yes,No,Windows,Chrome,Credit Card,Chinese,Night,5,Corporate,mary.hernandez174@gmail.com,,0
30658,Charles Brown,charles.brown825@yahoo.com,Web Portal,Account Suspension,My subscription was cancelled without my request and I need clarification.,Security settings updated and customer notified of precautionary measures.,Urgent,Pending Customer,Social Media,South America,41,Male,Enterprise,22,5,5,32.7,29.78,2023-12-29,2023-12-31,Yes,Yes,MacOS,Edge,Credit Card,German,Morning,4,Individual,charles.brown825@yahoo.com,,0
148605,Sarah Jackson,sarah.jackson58@outlook.com,Subscription Service,Payment Problem,I found a bug in the latest update affecting report generation.,Data synchronization restored after backend service restart.,High,Resolved,Web Form,North America,72,Female,Enterprise,44,6,3,37.24,112.92,2023-09-21,2023-10-02,No,No,Windows,Firefox,Bank Transfer,Japanese,Evening,5,Small Business,sarah.jackson58@outlook.com,,0
129783,Elizabeth Jackson,elizabeth.jackson290@hotmail.com,Payment Gateway,Login Issue,I found a bug in the latest update affecting report generation.,Data synchronization restored after backend service restart.,Urgent,Pending Customer,Web Form,South America,23,Male,Premium,9,11,1,24.42,44.55,2022-08-11,2022-08-21,No,No,Windows,Unknown,Credit Card,French,Afternoon,10,Small Business,elizabeth.jackson290@hotmail.com,,0
4795,Susan Miller,susan.miller48@outlook.com,API Service,Data Sync Issue,Two-factor authentication codes are not being delivered to my phone.,Subscription status corrected and confirmation email sent to customer.,High,Closed,Chat,Australia,56,Other,Basic,13,6,3,7.8,134.25,2022-01-05,2022-01-12,No,No,Windows,Safari,Debit Card,French,Night,2,Small Business,susan.miller48@outlook.com,,0
180395,Richard Jackson,richard.jackson559@hotmail.com,CRM Platform,Data Sync Issue,Two-factor authentication codes are not being delivered to my phone.,Provided step-by-step troubleshooting instructions and issue resolved.,High,In Progress,Chat,Australia,59,Female,Free,18,13,1,3.4,158.78,2022-12-07,2022-12-12,No,No,Linux,Safari,Bank Transfer,Japanese,Afternoon,7,Individual,richard.jackson559@hotmail.com,,0
124597,David Brown,david.brown27@yahoo.com,E-commerce Store,Payment Problem,I would like to request a refund for the recent charge.,The issue was escalated to engineering and resolved in the latest patch.,Medium,Pending Customer,Phone,Asia,72,Other,Basic,23,18,5,43.07,234.25,2022-09-30,2022-10-01,No,Yes,iOS,Unknown,Crypto,Chinese,Afternoon,8,Small Business,david.brown27@yahoo.com,,0
71900,Mary Hernandez,mary.hernandez858@gmail.com,Billing System,Feature Request,The application crashes whenever I try to upload a file.,Provided step-by-step troubleshooting instructions and issue resolved.,Urgent,Resolved,Web Form,Europe,26,Male,Enterprise,59,18,4,67.53,59.37,2023-12-17,2023-12-18,No,Yes,iOS,Edge,Credit Card,Japanese,Evening,6,Individual,mary.hernandez858@gmail.com,,0
167232,Susan Martin,susan.martin538@gmail.com,Payment Gateway,Performance Issue,My subscription was cancelled without my request and I need clarification.,The issue was escalated to engineering and resolved in the latest patch.,Low,Closed,Phone,Australia,30,Female,Enterprise,58,11,4,29.81,118.1,2024-08-15,2024-08-24,No,No,Linux,Chrome,Credit Card,French,Afternoon,8,Small Business,susan.martin538@gmail.com,2023-08-29,0
44212,Jessica Brown,jessica.brown236@company.com,Cloud Storage,Security Concern,The application crashes whenever I try to upload a file.,Payment gateway timeout issue fixed and monitoring implemented.,Low,Pending Customer,Chat,North America,60,Other,Premium,56,14,4,61.71,114.13,2022-07-12,2022-07-15,Yes,Yes,Linux,Unknown,Credit Card,Japanese,Evening,5,Corporate,jessica.brown236@company.com,,0
94209,Jessica Garcia,jessica.garcia95@yahoo.com,Payment Gateway,Data Sync Issue,The system is not syncing data across devices properly.,We have reset the account credentials and advised the customer to retry login.,High,Pending Customer,Web Form,Australia,41,Male,Free,35,7,2,56.58,95.77,2022-08-21,2022-08-27,Yes,Yes,Windows,Safari,Crypto,Chinese,Afternoon,1,Corporate,jessica.garcia95@yahoo.com,,0
139482,Joseph Brown,joseph.brown393@yahoo.com,Subscription Service,Subscription Cancellation,My subscription was cancelled without my request and I need clarification.,Bug logged internally and workaround shared with the customer.,Medium,Pending Customer,Phone,Africa,21,Male,Enterprise,41,6,3,4.02,13.51,2023-05-12,2023-05-12,Yes,Yes,Windows,Chrome,Debit Card,Chinese,Morning,1,Small Business,joseph.brown393@yahoo.com,2022-04-23,0
84753,Thomas Taylor,thomas.taylor595@gmail.com,CRM Platform,Data Sync Issue,Two-factor authentication codes are not being delivered to my phone.,We have reset the account credentials and advised the customer to retry login.,Urgent,Pending Customer,Social Media,Africa,70,Female,Enterprise,6,1,5,19.49,66.72,2024-07-30,2024-08-01,Yes,No,Windows,Unknown,Debit Card,English,Evening,7,Small Business,thomas.taylor595@gmail.com,,0
80239,David Miller,david.miller50@gmail.com,Subscription Service,Payment Problem,I found a bug in the latest update affecting report generation.,Explained billing breakdown and clarified applicable charges.,High,Open,Email,North America,24,Other,Enterprise,38,2,1,21.21,186.62,2024-08-17,2024-08-17,Yes,Yes,Android,Edge,Crypto,Spanish,Morning,4,Corporate,david.miller50@gmail.com,,0
191177,Richard Moore,richard.moore219@yahoo.com,Analytics Dashboard,Security Concern,There seems to be a discrepancy in my billing statement for this month.,We have reset the account credentials and advised the customer to retry login.,Low,In Progress,Social Media,Europe,48,Female,Basic,57,16,5,19.0,100.84,2022-08-29,2022-09-04,Yes,No,Linux,Unknown,PayPal,English,Night,5,Corporate,richard.moore219@yahoo.com,,0
24546,Elizabeth Rodriguez,elizabeth.rodriguez758@yahoo.com,Payment Gateway,Feature Request,There seems to be a discrepancy in my billing statement for this month.,The issue was escalated to engineering and resolved in the latest patch.,Low,Resolved,Web Form,Asia,59,Other,Premium,20,18,5,62.86,125.28,2024-10-06,2024-10-15,Yes,No,Linux,Unknown,Credit Card,Japanese,Morning,4,Small Business,elizabeth.rodriguez758@yahoo.com,,0
47712,James Hernandez,james.hernandez503@yahoo.com,Web Portal,Payment Problem,I found a bug in the latest update affecting report generation.,Explained billing breakdown and clarified applicable charges.,High,Open,Social Media,Australia,27,Male,Premium,41,7,1,21.46,128.32,2024-03-23,2024-04-06,Yes,No,Android,Firefox,Crypto,Spanish,Night,1,Individual,james.hernandez503@yahoo.com,,0
102544,Elizabeth Gonzalez,elizabeth.gonzalez712@yahoo.com,Web Portal,Refund Request,I am experiencing very slow performance while using the dashboard.,We have reset the account credentials and advised the customer to retry login.,Medium,Closed,Email,Asia,62,Female,Enterprise,43,7,4,34.47,193.51,2024-03-21,2024-03-31,Yes,Yes,Android,Safari,Crypto,Japanese,Evening,5,Individual,elizabeth.gonzalez712@yahoo.com,,0
87250,Jessica Davis,jessica.davis439@outlook.com,Analytics Dashboard,Feature Request,Two-factor authentication codes are not being delivered to my phone.,Provided step-by-step troubleshooting instructions and issue resolved.,Medium,Pending Customer,Phone,Africa,20,Female,Premium,37,14,4,40.71,107.76,2022-02-18,2022-02-25,No,Yes,Windows,Unknown,Debit Card,Japanese,Morning,7,Individual,jessica.davis439@outlook.com,,0
145459,John Moore,john.moore585@company.com,E-commerce Store,Subscription Cancellation,Two-factor authentication codes are not being delivered to my phone.,Bug logged internally and workaround shared with the customer.,Low,In Progress,Phone,Africa,60,Female,Premium,36,7,1,7.06,203.39,2022-05-01,2022-05-09,No,No,MacOS,Unknown,Bank Transfer,Japanese,Night,6,Individual,john.moore585@company.com,,0
192139,Michael Lopez,michael.lopez999@outlook.com,Payment Gateway,Login Issue,I would like to request a refund for the recent charge.,Data synchronization restored after backend service restart.,High,Closed,Social Media,North America,31,Female,Premium,26,19,3,62.68,198.82,2023-11-21,2023-11-21,Yes,Yes,Android,Unknown,PayPal,English,Afternoon,6,Corporate,michael.lopez999@outlook.com,,0
184060,Sarah Hernandez,sarah.hernandez967@yahoo.com,Analytics Dashboard,Login Issue,I would like to request a refund for the recent charge.,Subscription status corrected and confirmation email sent to customer.,Medium,Resolved,Phone,Africa,39,Female,Basic,9,0,4,52.52,85.08,2023-09-22,2023-10-04,Yes,Yes,MacOS,Safari,Bank Transfer,English,Evening,6,Individual,sarah.hernandez967@yahoo.com,,0
169620,Richard Anderson,richard.anderson543@gmail.com,Web Portal,Refund Request,The payment was deducted from my bank account but the transaction shows failed.,The duplicate charge was reversed and refund processed within 3-5 business days.,Urgent,Resolved,Web Form,Asia,30,Male,Free,59,8,3,40.11,7.26,2023-10-14,2023-10-17,No,No,Android,Chrome,Credit Card,French,Night,5,Corporate,richard.anderson543@gmail.com,,0
148578,John Wilson,john.wilson855@company.com,CRM Platform,Bug Report,I found a bug in the latest update affecting report generation.,Security settings updated and customer notified of precautionary measures.,Medium,Open,Web Form,North America,44,Female,Enterprise,49,13,4,1.81,145.29,2024-08-16,2024-08-18,No,No,iOS,Safari,Debit Card,Japanese,Evening,1,Corporate,john.wilson855@company.com,,0
190865,David Brown,david.brown539@outlook.com,CRM Platform,Security Concern,I am experiencing very slow performance while using the dashboard.,Bug logged internally and workaround shared with the customer.,Medium,Closed,Social Media,Australia,45,Female,Basic,56,13,4,54.06,99.86,2022-06-04,2022-06-08,No,No,Linux,Safari,Debit Card,English,Morning,8,Individual,david.brown539@outlook.com,,0
43433,Karen Martinez,karen.martinez618@company.com,Analytics Dashboard,Payment Problem,The system is not syncing data across devices properly.,We have reset the account credentials and advised the customer to retry login.,Low,Resolved,Phone,North America,37,Other,Basic,34,16,5,25.66,103.2,2022-05-28,2022-05-30,Yes,No,MacOS,Safari,Bank Transfer,Japanese,Evening,4,Corporate,karen.martinez618@company.com,,0
51615,William Wilson,william.wilson457@hotmail.com,Cloud Storage,Payment Problem,The system is not syncing data across devices properly.,Subscription status corrected and confirmation email sent to customer.,High,Open,Web Form,South America,62,Other,Free,14,16,2,8.9,59.21,2024-12-05,2024-12-05,No,Yes,Android,Safari,PayPal,Chinese,Evening,4,Corporate,william.wilson457@hotmail.com,,0
185505,Richard Thomas,richard.thomas239@outlook.com,Analytics Dashboard,Login Issue,The payment was deducted from my bank account but the transaction shows failed.,The duplicate charge was reversed and refund processed within 3-5 business days.,High,Closed,Email,North America,41,Male,Basic,23,16,1,65.91,55.25,2022-04-13,2022-04-26,Yes,No,Linux,Unknown,Bank Transfer,French,Afternoon,4,Individual,richard.thomas239@outlook.com,,0
10232,William Miller,william.miller57@icloud.com,API Service,Refund Request,I found a bug in the latest update affecting report generation.,Data synchronization restored after backend service restart.,Low,In Progress,Web Form,Africa,38,Male,Basic,22,7,3,70.54,208.2,2022-08-24,2022-08-30,Yes,Yes,Android,Unknown,PayPal,German,Evening,9,Corporate,william.miller57@icloud.com,,0
66454,Mary Brown,mary.brown260@yahoo.com,Mobile App,Feature Request,The system is not syncing data across devices properly.,Data synchronization restored after backend service restart.,Urgent,Pending Customer,Phone,Europe,54,Other,Basic,58,14,4,38.19,99.05,2024-12-20,2024-12-25,No,Yes,Linux,Firefox,PayPal,Chinese,Night,1,Small Business,mary.brown260@yahoo.com,,0
169999,Jessica Gonzalez,jessica.gonzalez359@outlook.com,Mobile App,Data Sync Issue,My subscription was cancelled without my request and I need clarification.,Security settings updated and customer notified of precautionary measures.,Urgent,Open,Phone,North America,35,Female,Enterprise,37,6,5,34.68,182.94,2022-10-21,2022-10-29,No,No,Windows,Safari,Credit Card,French,Night,3,Corporate,jessica.gonzalez359@outlook.com,,0
38960,Thomas Jackson,thomas.jackson568@company.com,CRM Platform,Payment Problem,My subscription was cancelled without my request and I need clarification.,We have reset the account credentials and advised the customer to retry login.,Urgent,Pending Customer,Chat,Europe,18,Other,Free,3,7,4,64.29,231.45,2022-12-15,2022-12-17,No,No,Windows,Safari,Crypto,German,Evening,6,Corporate,thomas.jackson568@company.com,,0
66416,Karen Jones,karen.jones230@gmail.com,Mobile App,Feature Request,I am experiencing very slow performance while using the dashboard.,Security settings updated and customer notified of precautionary measures.,Low,Pending Customer,Email,North America,54,Male,Basic,14,7,3,20.13,174.22,2023-01-22,2023-02-05,Yes,No,Windows,Safari,Bank Transfer,French,Afternoon,6,Small Business,karen.jones230@gmail.com,,0
140337,William Smith,william.smith954@gmail.com,Mobile App,Security Concern,The payment was deducted from my bank account but the transaction shows failed.,Security settings updated and customer notified of precautionary measures.,Medium,In Progress,Social Media,Europe,73,Male,Basic,24,9,5,41.42,132.44,2023-11-15,2023-11-21,No,No,Linux,Safari,Debit Card,Japanese,Evening,3,Individual,william.smith954@gmail.com,,0
97814,John Lopez,john.lopez276@company.com,Cloud Storage,Feature Request,The application crashes whenever I try to upload a file.,Explained billing breakdown and clarified applicable charges.,High,Open,Web Form,Europe,46,Male,Free,58,11,2,69.95,161.02,2024-07-04,2024-07-05,No,Yes,MacOS,Unknown,Debit Card,English,Morning,7,Small Business,john.lopez276@company.com,,0
96611,Thomas Jones,thomas.jones563@gmail.com,CRM Platform,Performance Issue,The system is not syncing data across devices properly.,Data synchronization restored after backend service restart.,High,Closed,Chat,Asia,64,Male,Free,13,12,4,27.32,222.82,2022-04-13,2022-04-21,Yes,No,MacOS,Unknown,PayPal,Spanish,Night,3,Small Business,thomas.jones563@gmail.com,,0
90156,John Hernandez,john.hernandez485@icloud.com,Payment Gateway,Data Sync Issue,The payment was deducted from my bank account but the transaction shows failed.,The issue was escalated to engineering and resolved in the latest patch.,Low,Resolved,Chat,Asia,57,Male,Basic,54,18,1,70.78,133.14,2022-05-20,2022-05-24,Yes,Yes,MacOS,Edge,Crypto,Japanese,Night,8,Corporate,john.hernandez485@icloud.com,,0
144048,Thomas Moore,thomas.moore554@icloud.com,Billing System,Payment Problem,There seems to be a discrepancy in my billing statement for this month.,Security settings updated and customer notified of precautionary measures.,Urgent,Open,Web Form,Asia,73,Other,Enterprise,41,7,5,25.57,206.44,2022-04-06,2022-04-07,No,Yes,iOS,Unknown,Debit Card,German,Evening,6,Individual,thomas.moore554@icloud.com,,0
116719,Jessica Thomas,jessica.thomas462@icloud.com,Payment Gateway,Payment Problem,I am experiencing very slow performance while using the dashboard.,Subscription status corrected and confirmation email sent to customer.,High,In Progress,Web Form,Europe,39,Female,Premium,3,6,1,28.52,129.98,2023-11-16,2023-11-28,No,No,iOS,Firefox,Crypto,English,Morning,2,Corporate,jessica.thomas462@icloud.com,2022-03-31,0
899,Sarah Miller,sarah.miller728@gmail.com,CRM Platform,Payment Problem,There seems to be a discrepancy in my billing statement for this month.,Data synchronization restored after backend service restart.,High,In Progress,Chat,Europe,29,Female,Free,25,11,1,39.82,150.81,2022-10-07,2022-10-16,No,Yes,Linux,Edge,Bank Transfer,English,Night,4,Small Business,sarah.miller728@gmail.com,,0
93909,Sarah Johnson,sarah.johnson601@icloud.com,Cloud Storage,Account Suspension,The system is not syncing data across devices properly.,Explained billing breakdown and clarified applicable charges.,Medium,Closed,Web Form,Africa,26,Other,Premium,33,2,2,65.97,61.22,2024-08-23,2024-09-05,Yes,No,MacOS,Chrome,Crypto,German,Morning,4,Corporate,sarah.johnson601@icloud.com,,0
56576,Barbara Martin,barbara.martin514@outlook.com,CRM Platform,Account Suspension,I found a bug in the latest update affecting report generation.,The duplicate charge was reversed and refund processed within 3-5 business days.,High,Resolved,Email,Asia,55,Male,Free,14,5,1,4.38,162.64,2022-06-17,2022-06-25,Yes,Yes,Linux,Firefox,Credit Card,Japanese,Evening,8,Individual,barbara.martin514@outlook.com,,0
62913,Thomas Smith,thomas.smith997@gmail.com,API Service,Login Issue,My subscription was cancelled without my request and I need clarification.,Payment gateway timeout issue fixed and monitoring implemented.,Low,Closed,Social Media,Australia,29,Other,Basic,8,9,3,49.54,219.74,2022-02-02,2022-02-14,Yes,No,Linux,Unknown,Crypto,French,Evening,10,Corporate,thomas.smith997@gmail.com,,0
75558,Susan Anderson,susan.anderson481@gmail.com,Mobile App,Data Sync Issue,The application crashes whenever I try to upload a file.,Payment gateway timeout issue fixed and monitoring implemented.,Low,Closed,Email,North America,71,Other,Premium,57,15,5,17.42,193.94,2024-08-25,2024-09-08,Yes,No,Linux,Firefox,PayPal,German,Evening,9,Corporate,susan.anderson481@gmail.com,,0
26483,Linda Martin,linda.martin515@gmail.com,Payment Gateway,Performance Issue,My subscription was cancelled without my request and I need clarification.,Bug logged internally and workaround shared with the customer.,Urgent,In Progress,Chat,Africa,30,Female,Enterprise,12,15,4,66.15,142.52,2022-12-25,2023-01-07,Yes,No,Android,Safari,Debit Card,Chinese,Morning,6,Corporate,linda.martin515@gmail.com,,0
160092,Patricia Jones,patricia.jones308@company.com,Billing System,Feature Request,The payment was deducted from my bank account but the transaction shows failed.,Data synchronization restored after backend service restart.,Urgent,In Progress,Social Media,Australia,23,Other,Basic,54,16,5,67.91,130.48,2023-01-15,2023-01-15,No,No,MacOS,Firefox,Bank Transfer,Spanish,Evening,7,Individual,patricia.jones308@company.com,,0
76737,Linda Lopez,linda.lopez100@company.com,Web Portal,Security Concern,Two-factor authentication codes are not being delivered to my phone.,Explained billing breakdown and clarified applicable charges.,Low,In Progress,Web Form,Asia,58,Other,Basic,34,4,4,44.54,144.98,2024-10-12,2024-10-26,No,No,iOS,Unknown,Credit Card,Spanish,Night,4,Corporate,linda.lopez100@company.com,,0
135643,Patricia Rodriguez,patricia.rodriguez464@gmail.com,E-commerce Store,Payment Problem,I found a bug in the latest update affecting report generation.,Data synchronization restored after backend service restart.,High,Closed,Email,Asia,47,Male,Premium,50,6,1,71.39,233.13,2023-03-21,2023-03-25,No,Yes,Android,Chrome,Bank Transfer,Japanese,Night,6,Individual,patricia.rodriguez464@gmail.com,2023-02-07,0
143438,Jessica Davis,jessica.davis815@gmail.com,CRM Platform,Data Sync Issue,The payment was deducted from my bank account but the transaction shows failed.,We have reset the account credentials and advised the customer to retry login.,High,Closed,Email,Asia,38,Other,Enterprise,13,18,1,24.74,136.55,2023-05-21,2023-05-26,No,No,iOS,Edge,Credit Card,German,Night,7,Individual,jessica.davis815@gmail.com,,0
195031,Robert Jackson,robert.jackson489@outlook.com,Subscription Service,Login Issue,The system is not syncing data across devices properly.,Bug logged internally and workaround shared with the customer.,Low,Closed,Social Media,Australia,63,Other,Basic,54,12,5,53.58,87.65,2022-06-26,2022-07-03,No,No,Linux,Chrome,Crypto,French,Night,4,Corporate,robert.jackson489@outlook.com,,0
15366,Barbara Miller,barbara.miller255@outlook.com,E-commerce Store,Data Sync Issue,Two-factor authentication codes are not being delivered to my phone.,Subscription status corrected and confirmation email sent to customer.,Low,Resolved,Chat,Asia,68,Other,Free,19,3,2,11.63,218.18,2023-01-20,2023-01-23,No,No,Windows,Chrome,Credit Card,German,Evening,6,Corporate,barbara.miller255@outlook.com,,0
33928,William Garcia,william.garcia524@yahoo.com,E-commerce Store,Refund Request,I am experiencing very slow performance while using the dashboard.,Subscription status corrected and confirmation email sent to customer.,Low,Open,Phone,Europe,74,Other,Free,27,5,3,48.55,145.97,2024-07-21,2024-08-01,No,No,Android,Unknown,Credit Card,French,Evening,4,Individual,william.garcia524@yahoo.com,,0
106719,Sarah Martin,sarah.martin470@company.com,API Service,Performance Issue,There seems to be a discrepancy in my billing statement for this month.,Bug logged internally and workaround shared with the customer.,Low,Pending Customer,Phone,Europe,29,Other,Premium,26,0,3,9.91,217.95,2024-05-09,2024-05-10,No,Yes,Windows,Chrome,PayPal,Spanish,Night,5,Corporate,sarah.martin470@company.com,,0
26467,Karen Smith,karen.smith805@hotmail.com,E-commerce Store,Subscription Cancellation,I would like to request a refund for the recent charge.,The issue was escalated to engineering and resolved in the latest patch.,Urgent,Closed,Web Form,Africa,46,Other,Enterprise,39,14,3,67.52,120.64,2023-06-22,2023-06-27,No,Yes,iOS,Safari,Bank Transfer,French,Night,3,Small Business,karen.smith805@hotmail.com,,0
56056,Michael Gonzalez,michael.gonzalez117@hotmail.com,Subscription Service,Refund Request,Two-factor authentication codes are not being delivered to my phone.,Subscription status corrected and confirmation email sent to customer.,High,Pending Customer,Phone,Africa,49,Female,Premium,6,7,2,68.31,172.34,2022-03-03,2022-03-17,No,No,MacOS,Firefox,Debit Card,Japanese,Afternoon,9,Small Business,michael.gonzalez117@hotmail.com,,0
180501,William Jackson,william.jackson534@icloud.com,Billing System,Data Sync Issue,There seems to be a discrepancy in my billing statement for this month.,Security settings updated and customer notified of precautionary measures.,Low,Open,Social Media,Australia,49,Other,Enterprise,52,8,1,48.08,231.43,2022-08-06,2022-08-11,Yes,No,Android,Edge,Bank Transfer,Chinese,Night,4,Individual,william.jackson534@icloud.com,,0
18125,Susan Brown,susan.brown680@icloud.com,Mobile App,Security Concern,The application crashes whenever I try to upload a file.,The duplicate charge was reversed and refund processed within 3-5 business days.,Medium,Resolved,Web Form,Asia,38,Other,Free,56,10,5,64.03,201.6,2022-12-02,2022-12-06,Yes,No,MacOS,Unknown,Credit Card,English,Night,7,Small Business,susan.brown680@icloud.com,,0
70773,Thomas Wilson,thomas.wilson913@hotmail.com,Web Portal,Subscription Cancellation,There seems to be a discrepancy in my billing statement for this month.,The issue was escalated to engineering and resolved in the latest patch.,Low,Pending Customer,Social Media,South America,72,Other,Enterprise,21,12,5,3.04,96.52,2022-08-21,2022-08-29,No,No,iOS,Firefox,Bank Transfer,Spanish,Night,9,Corporate,thomas.wilson913@hotmail.com,,0
182966,John Garcia,john.garcia791@icloud.com,Billing System,Refund Request,Two-factor authentication codes are not being delivered to my phone.,Security settings updated and customer notified of precautionary measures.,Low,Closed,Web Form,Europe,63,Male,Premium,45,6,3,56.68,180.93,2022-11-27,2022-12-11,Yes,No,Android,Edge,Credit Card,French,Night,1,Individual,john.garcia791@icloud.com,,0
94587,Robert Hernandez,robert.hernandez624@hotmail.com,Payment Gateway,Payment Problem,I would like to request a refund for the recent charge.,The duplicate charge was reversed and refund processed within 3-5 business days.,Low,In Progress,Email,Africa,58,Male,Free,51,5,3,9.61,36.41,2022-10-28,2022-11-01,Yes,No,Linux,Unknown,PayPal,Spanish,Afternoon,9,Corporate,robert.hernandez624@hotmail.com,,0
49355,Michael Brown,michael.brown824@outlook.com,Payment Gateway,Payment Problem,The system is not syncing data across devices properly.,Bug logged internally and workaround shared with the customer.,Urgent,Open,Phone,North America,50,Other,Premium,55,16,3,6.56,174.89,2023-05-28,2023-06-03,Yes,No,Android,Chrome,Crypto,Spanish,Night,9,Small Business,michael.brown824@outlook.com,,0
129906,Karen Rodriguez,karen.rodriguez262@gmail.com,Subscription Service,Data Sync Issue,My subscription was cancelled without my request and I need clarification.,Subscription status corrected and confirmation email sent to customer.,High,Resolved,Chat,Australia,73,Male,Free,21,0,4,60.64,161.33,2024-09-10,2024-09-16,No,Yes,Linux,Chrome,Credit Card,Chinese,Night,7,Individual,karen.rodriguez262@gmail.com,,0
3045,Michael Brown,michael.brown117@outlook.com,Analytics Dashboard,Data Sync Issue,There seems to be a discrepancy in my billing statement for this month.,Security settings updated and customer notified of precautionary measures.,Low,Resolved,Social Media,North America,52,Other,Premium,59,10,4,28.59,63.55,2024-02-19,2024-02-29,No,Yes,Android,Firefox,Credit Card,German,Evening,1,Corporate,michael.brown117@outlook.com,,0
51524,Sarah Hernandez,sarah.hernandez942@icloud.com,API Service,Security Concern,I am experiencing very slow performance while using the dashboard.,Payment gateway timeout issue fixed and monitoring implemented.,High,Pending Customer,Chat,Australia,39,Other,Basic,37,0,2,65.28,19.21,2022-02-18,2022-02-21,No,No,iOS,Edge,Crypto,German,Evening,10,Corporate,sarah.hernandez942@icloud.com,,0
169773,Elizabeth Davis,elizabeth.davis488@hotmail.com,Cloud Storage,Account Suspension,I am unable to access my account after entering the correct credentials.,The issue was escalated to engineering and resolved in the latest patch.,High,In Progress,Email,South America,50,Male,Free,5,12,2,30.45,104.44,2023-04-28,2023-05-02,Yes,Yes,Windows,Unknown,Bank Transfer,French,Evening,3,Individual,elizabeth.davis488@hotmail.com,,0
131407,John Jackson,john.jackson802@icloud.com,Analytics Dashboard,Login Issue,My subscription was cancelled without my request and I need clarification.,The duplicate charge was reversed and refund processed within 3-5 business days.,Low,Closed,Social Media,Australia,53,Other,Basic,16,7,2,20.85,69.6,2022-09-02,2022-09-13,No,No,iOS,Unknown,Crypto,Chinese,Night,9,Small Business,john.jackson802@icloud.com,,0
9187,Charles Jackson,charles.jackson760@company.com,Web Portal,Subscription Cancellation,The system is not syncing data across devices properly.,Subscription status corrected and confirmation email sent to customer.,Low,Pending Customer,Email,North America,72,Other,Basic,9,12,1,64.65,145.24,2024-10-31,2024-11-11,No,Yes,Linux,Unknown,Bank Transfer,Japanese,Night,2,Individual,charles.jackson760@company.com,,0
139130,Richard Wilson,richard.wilson376@icloud.com,Cloud Storage,Refund Request,I would like to request a refund for the recent charge.,The duplicate charge was reversed and refund processed within 3-5 business days.,Low,In Progress,Phone,Europe,30,Female,Premium,48,3,1,34.36,172.09,2023-11-21,2023-11-29,Yes,No,Linux,Firefox,Bank Transfer,German,Night,1,Small Business,richard.wilson376@icloud.com,,0
33100,Jessica Smith,jessica.smith116@gmail.com,Mobile App,Login Issue,My subscription was cancelled without my request and I need clarification.,We have reset the account credentials and advised the customer to retry login.,Urgent,Pending Customer,Chat,South America,29,Male,Enterprise,21,19,2,66.33,30.65,2022-11-12,2022-11-24,No,Yes,Windows,Safari,Crypto,Spanish,Afternoon,5,Individual,jessica.smith116@gmail.com,,0
163079,Sarah Jackson,sarah.jackson356@gmail.com,Cloud Storage,Bug Report,My subscription was cancelled without my request and I need clarification.,We have reset the account credentials and advised the customer to retry login.,High,Pending Customer,Chat,Africa,63,Male,Enterprise,1,5,3,53.18,22.67,2022-10-09,2022-10-15,Yes,No,Windows,Safari,PayPal,Chinese,Evening,10,Small Business,sarah.jackson356@gmail.com,,0
159267,Charles Taylor,charles.taylor383@outlook.com,Subscription Service,Subscription Cancellation,I am unable to access my account after entering the correct credentials.,The duplicate charge was reversed and refund processed within 3-5 business days.,High,Closed,Phone,Australia,35,Female,Basic,53,11,4,42.26,219.26,2023-04-08,2023-04-11,Yes,Yes,MacOS,Edge,Bank Transfer,French,Night,3,Small Business,charles.taylor383@outlook.com,,0
155239,Linda Wilson,linda.wilson897@icloud.com,Mobile App,Bug Report,My subscription was cancelled without my request and I need clarification.,Subscription status corrected and confirmation email sent to customer.,High,In Progress,Social Media,South America,40,Female,Basic,28,5,1,39.67,204.45,2023-11-07,2023-11-08,Yes,Yes,Android,Firefox,Debit Card,Spanish,Evening,3,Corporate,linda.wilson897@icloud.com,,0
29372,Michael Williams,michael.williams754@icloud.com,Analytics Dashboard,Bug Report,There seems to be a discrepancy in my billing statement for this month.,Subscription status corrected and confirmation email sent to customer.,Low,Resolved,Phone,South America,45,Other,Enterprise,52,1,4,33.01,208.29,2023-06-24,2023-07-02,No,Yes,Windows,Safari,Bank Transfer,French,Evening,7,Corporate,michael.williams754@icloud.com,,0
18988,John Brown,john.brown229@yahoo.com,Cloud Storage,Subscription Cancellation,There seems to be a discrepancy in my billing statement for this month.,The issue was escalated to engineering and resolved in the latest patch.,Medium,Open,Email,Europe,39,Male,Free,56,11,3,70.73,154.82,2023-10-19,2023-10-20,No,Yes,Windows,Safari,Credit Card,French,Afternoon,4,Corporate,john.brown229@yahoo.com,,0
14826,Robert Wilson,robert.wilson94@hotmail.com,API Service,Account Suspension,Two-factor authentication codes are not being delivered to my phone.,We have reset the account credentials and advised the customer to retry login.,Medium,Resolved,Phone,North America,31,Other,Premium,30,18,1,9.7,126.51,2022-03-15,2022-03-24,Yes,No,iOS,Safari,Bank Transfer,Japanese,Afternoon,2,Individual,robert.wilson94@hotmail.com,,0
138648,James Rodriguez,james.rodriguez264@outlook.com,Web Portal,Performance Issue,The payment was deducted from my bank account but the transaction shows failed.,Security settings updated and customer notified of precautionary measures.,Medium,Pending Customer,Chat,Africa,27,Female,Premium,15,16,2,36.45,5.74,2022-05-22,2022-05-29,No,Yes,Linux,Firefox,Bank Transfer,French,Afternoon,6,Corporate,james.rodriguez264@outlook.com,,0
72523,Richard Taylor,richard.taylor591@icloud.com,Analytics Dashboard,Security Concern,I am unable to access my account after entering the correct credentials.,We have reset the account credentials and advised the customer to retry login.,Medium,Resolved,Social Media,Australia,47,Male,Premium,24,9,4,11.48,146.37,2024-06-01,2024-06-12,Yes,Yes,iOS,Safari,Bank Transfer,English,Night,8,Corporate,richard.taylor591@icloud.com,,0
182464,William Lopez,william.lopez294@company.com,CRM Platform,Refund Request,The payment was deducted from my bank account but the transaction shows failed.,Security settings updated and customer notified of precautionary measures.,Urgent,Closed,Social Media,Europe,42,Male,Premium,60,16,4,24.78,47.67,2024-12-31,2024-12-31,Yes,No,MacOS,Firefox,Crypto,Chinese,Afternoon,10,Corporate,william.lopez294@company.com,,0
105820,Linda Rodriguez,linda.rodriguez648@gmail.com,Subscription Service,Data Sync Issue,Two-factor authentication codes are not being delivered to my phone.,Provided step-by-step troubleshooting instructions and issue resolved.,Urgent,Open,Email,Australia,28,Male,Free,11,19,5,33.51,145.54,2023-08-25,2023-08-25,Yes,Yes,MacOS,Unknown,PayPal,Spanish,Evening,1,Individual,linda.rodriguez648@gmail.com,,0
19707,David Gonzalez,david.gonzalez355@icloud.com,CRM Platform,Bug Report,The application crashes whenever I try to upload a file.,Payment gateway timeout issue fixed and monitoring implemented.,Low,In Progress,Web Form,Europe,70,Male,Enterprise,19,11,4,70.53,151.26,2022-12-02,2022-12-12,Yes,Yes,Windows,Unknown,Bank Transfer,English,Evening,4,Individual,david.gonzalez355@icloud.com,,0
5264,Michael Martinez,michael.martinez583@gmail.com,CRM Platform,Login Issue,I am experiencing very slow performance while using the dashboard.,Security settings updated and customer notified of precautionary measures.,Medium,Open,Email,Australia,45,Other,Basic,15,9,2,35.54,73.21,2022-08-18,2022-08-18,Yes,Yes,iOS,Edge,Debit Card,French,Night,6,Corporate,michael.martinez583@gmail.com,,0
54490,Barbara Gonzalez,barbara.gonzalez196@outlook.com,Payment Gateway,Account Suspension,I found a bug in the latest update affecting report generation.,The duplicate charge was reversed and refund processed within 3-5 business days.,Medium,Resolved,Web Form,Europe,63,Other,Enterprise,16,8,1,66.14,127.32,2022-10-30,2022-11-02,Yes,Yes,Android,Safari,Credit Card,German,Afternoon,7,Small Business,barbara.gonzalez196@outlook.com,,0
166946,Jennifer Miller,jennifer.miller324@icloud.com,API Service,Refund Request,I am unable to access my account after entering the correct credentials.,Subscription status corrected and confirmation email sent to customer.,Urgent,Open,Email,Australia,42,Other,Premium,16,2,5,4.02,89.75,2023-04-11,2023-04-14,No,No,iOS,Safari,PayPal,Spanish,Evening,4,Small Business,jennifer.miller324@icloud.com,,0
180011,William Anderson,william.anderson304@yahoo.com,Cloud Storage,Subscription Cancellation,I found a bug in the latest update affecting report generation.,We have reset the account credentials and advised the customer to retry login.,Urgent,Pending Customer,Social Media,Africa,56,Female,Premium,48,12,1,14.84,138.04,2022-12-06,2022-12-20,No,No,MacOS,Unknown,PayPal,Japanese,Evening,4,Corporate,william.anderson304@yahoo.com,,0
121575,Elizabeth Brown,elizabeth.brown503@hotmail.com,Payment Gateway,Subscription Cancellation,I found a bug in the latest update affecting report generation.,The duplicate charge was reversed and refund processed within 3-5 business days.,Urgent,Resolved,Web Form,Asia,46,Female,Free,14,6,4,58.67,138.79,2023-05-06,2023-05-17,Yes,Yes,iOS,Edge,PayPal,Chinese,Night,6,Corporate,elizabeth.brown503@hotmail.com,,0
96357,Richard Hernandez,richard.hernandez731@yahoo.com,Subscription Service,Account Suspension,There seems to be a discrepancy in my billing statement for this month.,Bug logged internally and workaround shared with the customer.,Medium,Pending Customer,Chat,Australia,22,Female,Premium,56,10,2,58.59,95.46,2024-11-15,2024-11-19,Yes,No,Android,Firefox,Bank Transfer,French,Evening,2,Small Business,richard.hernandez731@yahoo.com,,0
174874,Charles Taylor,charles.taylor570@company.com,E-commerce Store,Account Suspension,I would like to request a refund for the recent charge.,Security settings updated and customer notified of precautionary measures.,Medium,Resolved,Email,North America,20,Female,Basic,50,15,4,16.54,65.48,2024-09-15,2024-09-26,No,Yes,iOS,Firefox,PayPal,Chinese,Night,7,Corporate,charles.taylor570@company.com,,0
31581,Michael Taylor,michael.taylor964@gmail.com,CRM Platform,Data Sync Issue,I am unable to access my account after entering the correct credentials.,The duplicate charge was reversed and refund processed within 3-5 business days.,High,Pending Customer,Email,North America,73,Female,Free,44,8,3,35.19,165.47,2024-11-23,2024-12-03,Yes,No,MacOS,Unknown,Crypto,Spanish,Afternoon,6,Individual,michael.taylor964@gmail.com,,0
196072,David Taylor,david.taylor419@hotmail.com,Billing System,Security Concern,The system is not syncing data across devices properly.,Explained billing breakdown and clarified applicable charges.,Urgent,Closed,Web Form,Australia,30,Female,Enterprise,3,18,1,22.73,209.9,2024-03-05,2024-03-11,No,Yes,MacOS,Safari,PayPal,Chinese,Afternoon,6,Corporate,david.taylor419@hotmail.com,,0
176780,Jessica Moore,jessica.moore46@icloud.com,Cloud Storage,Bug Report,I am unable to access my account after entering the correct credentials.,Provided step-by-step troubleshooting instructions and issue resolved.,Medium,In Progress,Chat,Australia,74,Male,Premium,35,19,3,26.15,7.37,2023-10-14,2023-10-22,Yes,No,iOS,Safari,Crypto,German,Evening,2,Individual,jessica.moore46@icloud.com,2023-05-09,0
83414,David Jackson,david.jackson808@icloud.com,API Service,Performance Issue,I found a bug in the latest update affecting report generation.,Security settings updated and customer notified of precautionary measures.,Urgent,Closed,Web Form,South America,23,Male,Enterprise,9,7,3,23.08,89.83,2022-02-27,2022-03-13,Yes,Yes,MacOS,Safari,Bank Transfer,English,Afternoon,4,Individual,david.jackson808@icloud.com,,0
178660,Charles Johnson,charles.johnson512@icloud.com,Subscription Service,Data Sync Issue,The payment was deducted from my bank account but the transaction shows failed.,Subscription status corrected and confirmation email sent to customer.,Urgent,Open,Chat,Africa,55,Female,Basic,41,5,4,62.41,108.23,2023-06-03,2023-06-03,Yes,Yes,Linux,Firefox,Bank Transfer,English,Night,7,Individual,charles.johnson512@icloud.com,,0
81083,Joseph Martin,joseph.martin886@icloud.com,Mobile App,Bug Report,I am experiencing very slow performance while using the dashboard.,The duplicate charge was reversed and refund processed within 3-5 business days.,High,Open,Email,Africa,57,Male,Free,43,15,2,35.26,181.54,2023-05-04,2023-05-08,Yes,No,Android,Edge,PayPal,German,Night,6,Individual,joseph.martin886@icloud.com,,0
77315,Thomas Moore,thomas.moore218@company.com,CRM Platform,Bug Report,My subscription was cancelled without my request and I need clarification.,Security settings updated and customer notified of precautionary measures.,Medium,Resolved,Social Media,Asia,26,Male,Basic,56,8,5,65.61,226.33,2024-05-19,2024-05-24,No,Yes,Linux,Chrome,PayPal,Japanese,Morning,3,Corporate,thomas.moore218@company.com,,0
175,Jennifer Smith,jennifer.smith129@company.com,Payment Gateway,Feature Request,The payment was deducted from my bank account but the transaction shows failed.,Subscription status corrected and confirmation email sent to customer.,Urgent,Open,Email,North America,74,Female,Free,2,12,5,55.2,20.9,2023-04-26,2023-05-06,No,Yes,Windows,Edge,PayPal,Spanish,Afternoon,5,Small Business,jennifer.smith129@company.com,,0
85842,Joseph Anderson,joseph.anderson164@hotmail.com,API Service,Refund Request,The system is not syncing data across devices properly.,Payment gateway timeout issue fixed and monitoring implemented.,Urgent,Open,Web Form,Europe,34,Male,Free,26,0,5,56.65,118.84,2022-03-06,2022-03-13,No,Yes,Linux,Firefox,Credit Card,Japanese,Evening,4,Corporate,joseph.anderson164@hotmail.com,,0
9126,Robert Johnson,robert.johnson602@yahoo.com,E-commerce Store,Payment Problem,There seems to be a discrepancy in my billing statement for this month.,Bug logged internally and workaround shared with the customer.,High,Resolved,Social Media,South America,32,Female,Basic,47,5,1,45.83,150.11,2023-05-04,2023-05-09,Yes,No,Windows,Safari,Crypto,English,Night,1,Corporate,robert.johnson602@yahoo.com,,0
118741,James Rodriguez,james.rodriguez351@icloud.com,Billing System,Security Concern,I am unable to access my account after entering the correct credentials.,Explained billing breakdown and clarified applicable charges.,Low,Pending Customer,Social Media,Australia,62,Male,Enterprise,50,2,5,54.44,49.73,2024-02-01,2024-02-09,No,No,Windows,Safari,Debit Card,Japanese,Morning,1,Corporate,james.rodriguez351@icloud.com,,0
194906,Joseph Thomas,joseph.thomas984@icloud.com,Billing System,Refund Request,I would like to request a refund for the recent charge.,The issue was escalated to engineering and resolved in the latest patch.,High,In Progress,Web Form,Asia,38,Male,Free,2,17,3,65.99,234.74,2022-05-25,2022-05-31,Yes,No,Linux,Safari,Debit Card,Spanish,Night,1,Corporate,joseph.thomas984@icloud.com,,0
183165,James Lopez,james.lopez929@icloud.com,Web Portal,Data Sync Issue,I would like to request a refund for the recent charge.,Subscription status corrected and confirmation email sent to customer.,Medium,Resolved,Web Form,Asia,56,Female,Basic,54,10,1,38.38,53.74,2023-10-11,2023-10-12,No,No,iOS,Safari,PayPal,Japanese,Morning,2,Corporate,james.lopez929@icloud.com,,0
14330,Patricia Anderson,patricia.anderson892@gmail.com,Cloud Storage,Feature Request,I found a bug in the latest update affecting report generation.,Payment gateway timeout issue fixed and monitoring implemented.,Urgent,Open,Email,Australia,55,Female,Enterprise,23,12,3,19.04,212.36,2022-04-21,2022-05-03,No,Yes,Linux,Firefox,Crypto,Spanish,Night,3,Individual,patricia.anderson892@gmail.com,,0
64908,John Jones,john.jones177@company.com,E-commerce Store,Subscription Cancellation,There seems to be a discrepancy in my billing statement for this month.,We have reset the account credentials and advised the customer to retry login.,Low,Open,Email,Asia,63,Male,Premium,5,8,4,25.27,195.25,2022-09-09,2022-09-16,Yes,Yes,MacOS,Safari,Crypto,German,Night,8,Corporate,john.jones177@company.com,,0
124121,Jessica Thomas,jessica.thomas990@outlook.com,CRM Platform,Login Issue,The system is not syncing data across devices properly.,The issue was escalated to engineering and resolved in the latest patch.,High,Resolved,Phone,Europe,45,Female,Basic,25,9,3,18.34,209.83,2024-03-16,2024-03-23,No,Yes,iOS,Chrome,Bank Transfer,English,Evening,2,Small Business,jessica.thomas990@outlook.com,,0
15362,Susan Miller,susan.miller964@icloud.com,Web Portal,Refund Request,I would like to request a refund for the recent charge.,Explained billing breakdown and clarified applicable charges.,Urgent,Closed,Social Media,Africa,60,Female,Premium,7,17,4,5.03,229.36,2023-12-22,2023-12-31,Yes,No,Linux,Chrome,Bank Transfer,Japanese,Evening,3,Small Business,susan.miller964@icloud.com,,0
189882,Barbara Smith,barbara.smith404@gmail.com,Payment Gateway,Bug Report,I am experiencing very slow performance while using the dashboard.,Security settings updated and customer notified of precautionary measures.,Medium,Pending Customer,Email,Australia,72,Other,Enterprise,58,3,5,20.1,227.04,2022-12-24,2022-12-24,Yes,Yes,MacOS,Safari,Debit Card,English,Afternoon,4,Small Business,barbara.smith404@gmail.com,,0
53857,Elizabeth Davis,elizabeth.davis567@icloud.com,CRM Platform,Refund Request,The payment was deducted from my bank account but the transaction shows failed.,The issue was escalated to engineering and resolved in the latest patch.,Medium,Resolved,Web Form,Australia,58,Male,Free,12,7,2,15.58,70.49,2022-09-12,2022-09-20,Yes,Yes,Windows,Chrome,Debit Card,French,Evening,7,Small Business,elizabeth.davis567@icloud.com,,0
41553,Sarah Martinez,sarah.martinez180@gmail.com,Cloud Storage,Refund Request,My subscription was cancelled without my request and I need clarification.,The duplicate charge was reversed and refund processed within 3-5 business days.,High,Open,Phone,North America,55,Other,Premium,38,8,1,14.14,22.94,2023-03-27,2023-04-08,Yes,Yes,Android,Unknown,Debit Card,English,Afternoon,3,Individual,sarah.martinez180@gmail.com,,0
174283,James Anderson,james.anderson744@icloud.com,Analytics Dashboard,Refund Request,I found a bug in the latest update affecting report generation.,Subscription status corrected and confirmation email sent to customer.,Medium,Pending Customer,Social Media,South America,70,Female,Enterprise,20,11,1,23.49,138.36,2024-06-14,2024-06-27,No,Yes,Android,Chrome,Crypto,Chinese,Morning,7,Individual,james.anderson744@icloud.com,,0
44270,Linda Lopez,linda.lopez523@yahoo.com,Payment Gateway,Data Sync Issue,I am experiencing very slow performance while using the dashboard.,Security settings updated and customer notified of precautionary measures.,High,Open,Email,North America,51,Male,Premium,26,5,5,52.63,18.19,2022-10-11,2022-10-23,Yes,Yes,MacOS,Safari,Debit Card,French,Morning,6,Small Business,linda.lopez523@yahoo.com,,0
139491,Jessica Jones,jessica.jones662@icloud.com,Web Portal,Feature Request,Two-factor authentication codes are not being delivered to my phone.,The issue was escalated to engineering and resolved in the latest patch.,High,Pending Customer,Chat,Europe,23,Female,Free,12,11,3,21.91,199.84,2024-10-06,2024-10-16,Yes,No,Windows,Safari,PayPal,French,Evening,5,Corporate,jessica.jones662@icloud.com,,0
68063,Jennifer Jones,jennifer.jones250@yahoo.com,CRM Platform,Subscription Cancellation,I found a bug in the latest update affecting report generation.,Payment gateway timeout issue fixed and monitoring implemented.,Medium,Closed,Social Media,North America,45,Male,Enterprise,37,6,2,51.32,137.01,2024-05-23,2024-05-28,No,No,Android,Safari,Debit Card,Spanish,Morning,1,Corporate,jennifer.jones250@yahoo.com,,0
28569,Mary Martin,mary.martin940@icloud.com,E-commerce Store,Security Concern,The application crashes whenever I try to upload a file.,Data synchronization restored after backend service restart.,Low,Resolved,Phone,Europe,33,Other,Enterprise,58,12,2,42.5,90.1,2023-09-02,2023-09-06,No,No,Windows,Firefox,PayPal,German,Morning,9,Small Business,mary.martin940@icloud.com,,0
795,Susan Davis,susan.davis873@company.com,Web Portal,Login Issue,The payment was deducted from my bank account but the transaction shows failed.,Explained billing breakdown and clarified applicable charges.,High,In Progress,Email,Asia,49,Other,Basic,47,9,4,60.94,63.01,2023-09-07,2023-09-13,No,No,Windows,Edge,Bank Transfer,Chinese,Afternoon,3,Small Business,susan.davis873@company.com,,0
112712,David Wilson,david.wilson822@gmail.com,Payment Gateway,Feature Request,I would like to request a refund for the recent charge.,Security settings updated and customer notified of precautionary measures.,Medium,Pending Customer,Social Media,North America,69,Female,Free,56,15,1,56.05,110.3,2023-10-07,2023-10-17,No,No,Windows,Chrome,Crypto,Chinese,Morning,9,Individual,david.wilson822@gmail.com,,0
108431,Jennifer Rodriguez,jennifer.rodriguez574@gmail.com,Billing System,Refund Request,The payment was deducted from my bank account but the transaction shows failed.,Payment gateway timeout issue fixed and monitoring implemented.,High,Resolved,Email,Asia,25,Other,Basic,39,9,1,57.26,157.19,2023-10-06,2023-10-09,Yes,Yes,Windows,Firefox,Credit Card,English,Afternoon,4,Individual,jennifer.rodriguez574@gmail.com,,0
46407,Robert Jackson,robert.jackson597@outlook.com,Web Portal,Bug Report,I found a bug in the latest update affecting report generation.,Data synchronization restored after backend service restart.,High,Open,Phone,North America,39,Other,Premium,49,11,3,47.3,155.08,2024-12-04,2024-12-16,Yes,No,Windows,Edge,Bank Transfer,English,Morning,8,Small Business,robert.jackson597@outlook.com,,0
105341,Barbara Jackson,barbara.jackson199@gmail.com,CRM Platform,Payment Problem,The application crashes whenever I try to upload a file.,Security settings updated and customer notified of precautionary measures.,High,In Progress,Web Form,North America,62,Male,Premium,9,15,2,58.43,167.28,2023-01-18,2023-01-30,No,No,Android,Chrome,Debit Card,French,Afternoon,6,Corporate,barbara.jackson199@gmail.com,,0
197415,John Moore,john.moore609@icloud.com,Mobile App,Account Suspension,The payment was deducted from my bank account but the transaction shows failed.,The issue was escalated to engineering and resolved in the latest patch.,Urgent,Closed,Chat,Europe,71,Other,Enterprise,10,15,4,45.97,155.84,2023-11-02,2023-11-14,Yes,Yes,Windows,Unknown,Debit Card,German,Night,6,Small Business,john.moore609@icloud.com,,0
126264,Michael Gonzalez,michael.gonzalez536@company.com,Payment Gateway,Subscription Cancellation,The payment was deducted from my bank account but the transaction shows failed.,Provided step-by-step troubleshooting instructions and issue resolved.,High,Pending Customer,Social Media,South America,65,Male,Enterprise,1,15,1,20.38,56.24,2024-05-23,2024-06-01,No,No,iOS,Edge,Debit Card,French,Morning,6,Small Business,michael.gonzalez536@company.com,,0
113470,Susan Garcia,susan.garcia88@company.com,Payment Gateway,Data Sync Issue,The payment was deducted from my bank account but the transaction shows failed.,The duplicate charge was reversed and refund processed within 3-5 business days.,Medium,In Progress,Web Form,Australia,68,Male,Enterprise,4,12,3,43.02,52.6,2024-09-17,2024-09-21,No,Yes,Windows,Firefox,Crypto,German,Night,3,Corporate,susan.garcia88@company.com,,0
52661,Patricia Jones,patricia.jones251@icloud.com,CRM Platform,Performance Issue,There seems to be a discrepancy in my billing statement for this month.,The duplicate charge was reversed and refund processed within 3-5 business days.,Low,In Progress,Email,North America,65,Male,Basic,49,15,5,39.46,17.02,2022-09-10,2022-09-13,No,Yes,Linux,Firefox,Crypto,German,Morning,2,Individual,patricia.jones251@icloud.com,,0
4371,Barbara Anderson,barbara.anderson768@icloud.com,Mobile App,Security Concern,My subscription was cancelled without my request and I need clarification.,The duplicate charge was reversed and refund processed within 3-5 business days.,High,Closed,Web Form,Australia,22,Female,Basic,53,16,2,27.07,233.27,2022-06-11,2022-06-12,No,Yes,Android,Edge,Credit Card,Japanese,Night,10,Small Business,barbara.anderson768@icloud.com,,0
41634,Sarah Gonzalez,sarah.gonzalez987@gmail.com,Web Portal,Login Issue,I am unable to access my account after entering the correct credentials.,Security settings updated and customer notified of precautionary measures.,Low,Pending Customer,Email,Asia,67,Other,Enterprise,16,15,3,59.36,73.19,2024-07-15,2024-07-20,No,Yes,Android,Unknown,Bank Transfer,French,Evening,8,Small Business,sarah.gonzalez987@gmail.com,2023-11-17,0
166609,William Garcia,william.garcia870@outlook.com,API Service,Login Issue,Two-factor authentication codes are not being delivered to my phone.,The duplicate charge was reversed and refund processed within 3-5 business days.,Low,Open,Phone,North America,25,Other,Premium,21,12,3,43.27,228.63,2023-03-28,2023-04-09,No,Yes,Linux,Safari,PayPal,Japanese,Night,8,Corporate,william.garcia870@outlook.com,,0
34360,James Gonzalez,james.gonzalez264@outlook.com,Web Portal,Account Suspension,I would like to request a refund for the recent charge.,Explained billing breakdown and clarified applicable charges.,Urgent,Pending Customer,Phone,Australia,64,Other,Premium,5,16,4,6.04,103.4,2022-10-25,2022-10-31,Yes,Yes,Linux,Safari,Bank Transfer,English,Morning,4,Small Business,james.gonzalez264@outlook.com,,0
114016,James Smith,james.smith104@gmail.com,Subscription Service,Payment Problem,I am experiencing very slow performance while using the dashboard.,Provided step-by-step troubleshooting instructions and issue resolved.,High,In Progress,Email,South America,68,Female,Premium,5,20,5,58.02,87.79,2023-05-16,2023-05-30,No,Yes,Android,Firefox,Crypto,Japanese,Night,1,Individual,james.smith104@gmail.com,,0
107666,Charles Davis,charles.davis197@yahoo.com,E-commerce Store,Performance Issue,I am experiencing very slow performance while using the dashboard.,The issue was escalated to engineering and resolved in the latest patch.,High,In Progress,Web Form,Europe,73,Male,Premium,23,16,4,50.67,237.33,2024-04-12,2024-04-23,No,No,Linux,Unknown,PayPal,German,Afternoon,3,Individual,charles.davis197@yahoo.com,,0
98059,Karen Hernandez,karen.hernandez902@company.com,E-commerce Store,Bug Report,I am experiencing very slow performance while using the dashboard.,Bug logged internally and workaround shared with the customer.,Low,Resolved,Phone,Europe,29,Male,Free,20,14,3,71.52,62.91,2024-10-05,2024-10-06,No,No,Windows,Firefox,PayPal,French,Afternoon,8,Small Business,karen.hernandez902@company.com,,0
130032,Susan Hernandez,susan.hernandez422@yahoo.com,API Service,Feature Request,I would like to request a refund for the recent charge.,Data synchronization restored after backend service restart.,High,Closed,Web Form,Europe,62,Female,Premium,2,18,2,36.36,99.91,2024-09-22,2024-09-27,No,Yes,Windows,Unknown,Crypto,German,Evening,2,Individual,susan.hernandez422@yahoo.com,,0
94158,Robert Lopez,robert.lopez787@icloud.com,E-commerce Store,Feature Request,I found a bug in the latest update affecting report generation.,Bug logged internally and workaround shared with the customer.,High,Resolved,Phone,Europe,29,Other,Basic,36,16,2,29.64,177.28,2023-03-09,2023-03-16,No,Yes,Linux,Chrome,Bank Transfer,French,Morning,8,Corporate,robert.lopez787@icloud.com,,0
46308,Linda Williams,linda.williams668@outlook.com,E-commerce Store,Bug Report,The system is not syncing data across devices properly.,The issue was escalated to engineering and resolved in the latest patch.,High,Resolved,Email,North America,27,Female,Premium,52,10,5,49.02,84.16,2022-03-13,2022-03-13,No,Yes,MacOS,Safari,Crypto,English,Night,10,Corporate,linda.williams668@outlook.com,,0
7982,William Smith,william.smith758@outlook.com,Cloud Storage,Performance Issue,There seems to be a discrepancy in my billing statement for this month.,Explained billing breakdown and clarified applicable charges.,High,Closed,Chat,North America,40,Other,Free,15,9,3,58.79,81.01,2024-06-07,2024-06-15,No,No,iOS,Firefox,Bank Transfer,Chinese,Night,1,Corporate,william.smith758@outlook.com,,0
92610,Karen Hernandez,karen.hernandez282@company.com,API Service,Data Sync Issue,I am unable to access my account after entering the correct credentials.,Payment gateway timeout issue fixed and monitoring implemented.,High,Closed,Chat,Africa,70,Male,Enterprise,35,13,1,46.94,59.14,2023-06-23,2023-06-26,Yes,No,MacOS,Chrome,PayPal,French,Evening,3,Corporate,karen.hernandez282@company.com,,0
89964,Karen Jackson,karen.jackson880@gmail.com,Analytics Dashboard,Refund Request,The payment was deducted from my bank account but the transaction shows failed.,Payment gateway timeout issue fixed and monitoring implemented.,Low,Resolved,Phone,Europe,33,Female,Enterprise,27,6,1,5.65,108.76,2024-11-05,2024-11-18,No,Yes,MacOS,Chrome,Debit Card,Japanese,Morning,2,Corporate,karen.jackson880@gmail.com,,0
51966,Susan Smith,susan.smith474@company.com,Cloud Storage,Login Issue,The application crashes whenever I try to upload a file.,Data synchronization restored after backend service restart.,Low,In Progress,Web Form,Asia,51,Male,Enterprise,57,0,5,65.82,217.11,2023-05-30,2023-05-31,No,No,Linux,Edge,Crypto,German,Morning,10,Small Business,susan.smith474@company.com,,0
161627,Mary Jones,mary.jones670@outlook.com,Subscription Service,Subscription Cancellation,I found a bug in the latest update affecting report generation.,Payment gateway timeout issue fixed and monitoring implemented.,Medium,Open,Email,North America,48,Other,Premium,47,17,3,23.74,170.24,2022-01-14,2022-01-22,No,Yes,Linux,Edge,Crypto,French,Evening,5,Small Business,mary.jones670@outlook.com,,0
100125,Mary Jackson,mary.jackson535@gmail.com,E-commerce Store,Login Issue,The application crashes whenever I try to upload a file.,Data synchronization restored after backend service restart.,High,In Progress,Social Media,Africa,58,Other,Premium,41,20,4,42.31,204.59,2022-03-12,2022-03-19,No,Yes,iOS,Safari,Debit Card,Chinese,Afternoon,9,Corporate,mary.jackson535@gmail.com,,0
99625,John Jackson,john.jackson559@hotmail.com,Billing System,Security Concern,I would like to request a refund for the recent charge.,Explained billing breakdown and clarified applicable charges.,Urgent,In Progress,Chat,Europe,64,Female,Free,60,9,4,9.05,101.54,2024-11-23,2024-11-30,No,Yes,Linux,Firefox,Credit Card,Spanish,Morning,5,Individual,john.jackson559@hotmail.com,,0
13680,Susan Moore,susan.moore316@yahoo.com,Analytics Dashboard,Subscription Cancellation,The payment was deducted from my bank account but the transaction shows failed.,We have reset the account credentials and advised the customer to retry login.,Urgent,Closed,Social Media,South America,52,Other,Premium,59,13,5,42.7,81.4,2023-04-01,2023-04-10,No,Yes,Linux,Safari,Credit Card,French,Night,6,Corporate,susan.moore316@yahoo.com,,0
192111,Joseph Gonzalez,joseph.gonzalez663@yahoo.com,Payment Gateway,Feature Request,Two-factor authentication codes are not being delivered to my phone.,The duplicate charge was reversed and refund processed within 3-5 business days.,High,Open,Phone,Asia,60,Female,Basic,51,7,5,28.12,201.4,2022-02-26,2022-03-08,No,No,Windows,Chrome,Bank Transfer,Japanese,Evening,8,Small Business,joseph.gonzalez663@yahoo.com,,0
140062,David Rodriguez,david.rodriguez435@gmail.com,Subscription Service,Bug Report,The application crashes whenever I try to upload a file.,The issue was escalated to engineering and resolved in the latest patch.,Low,In Progress,Email,South America,24,Other,Free,56,16,2,31.36,224.91,2024-06-10,2024-06-13,No,Yes,MacOS,Firefox,Crypto,German,Morning,8,Corporate,david.rodriguez435@gmail.com,,0
100297,Mary Jackson,mary.jackson199@gmail.com,Web Portal,Account Suspension,I am unable to access my account after entering the correct credentials.,Security settings updated and customer notified of precautionary measures.,Medium,Closed,Social Media,Africa,35,Female,Enterprise,35,19,4,63.18,106.6,2024-05-29,2024-06-01,No,No,Linux,Chrome,Crypto,Chinese,Evening,9,Individual,mary.jackson199@gmail.com,,0
198565,Thomas Moore,thomas.moore512@icloud.com,Web Portal,Refund Request,Two-factor authentication codes are not being delivered to my phone.,Bug logged internally and workaround shared with the customer.,Urgent,Open,Email,Australia,22,Other,Enterprise,14,19,1,26.83,85.73,2024-08-17,2024-08-18,Yes,Yes,Android,Firefox,PayPal,Japanese,Night,4,Corporate,thomas.moore512@icloud.com,,0
188536,William Wilson,william.wilson443@company.com,Billing System,Bug Report,The system is not syncing data across devices properly.,Subscription status corrected and confirmation email sent to customer.,Low,Closed,Web Form,North America,72,Female,Enterprise,48,13,5,48.82,146.04,2022-04-14,2022-04-20,Yes,Yes,Android,Edge,Credit Card,Chinese,Night,1,Individual,william.wilson443@company.com,,0
142825,Sarah Lopez,sarah.lopez337@outlook.com,E-commerce Store,Login Issue,Two-factor authentication codes are not being delivered to my phone.,The duplicate charge was reversed and refund processed within 3-5 business days.,Low,Pending Customer,Social Media,Europe,25,Male,Premium,47,3,4,22.02,162.94,2022-05-21,2022-05-23,Yes,No,MacOS,Firefox,Debit Card,French,Afternoon,3,Small Business,sarah.lopez337@outlook.com,,0
168658,Patricia Moore,patricia.moore648@icloud.com,Cloud Storage,Payment Problem,I would like to request a refund for the recent charge.,Provided step-by-step troubleshooting instructions and issue resolved.,Medium,Pending Customer,Phone,Australia,29,Other,Premium,39,18,1,59.32,229.14,2022-04-02,2022-04-14,No,Yes,iOS,Safari,Bank Transfer,Spanish,Night,9,Small Business,patricia.moore648@icloud.com,,0
195302,Michael Brown,michael.brown899@yahoo.com,Mobile App,Payment Problem,I found a bug in the latest update affecting report generation.,Bug logged internally and workaround shared with the customer.,Medium,Resolved,Phone,Australia,70,Other,Enterprise,20,0,5,37.5,71.94,2022-05-02,2022-05-08,Yes,Yes,iOS,Firefox,Crypto,English,Morning,2,Individual,michael.brown899@yahoo.com,,0
176794,Mary Jackson,mary.jackson853@hotmail.com,Billing System,Refund Request,The application crashes whenever I try to upload a file.,Subscription status corrected and confirmation email sent to customer.,High,Closed,Chat,Europe,31,Other,Free,53,4,4,41.51,37.48,2024-01-24,2024-02-05,Yes,Yes,Android,Firefox,Credit Card,English,Afternoon,4,Individual,mary.jackson853@hotmail.com,2023-09-22,0
107145,Elizabeth Johnson,elizabeth.johnson978@icloud.com,Subscription Service,Payment Problem,I would like to request a refund for the recent charge.,Explained billing breakdown and clarified applicable charges.,Low,Resolved,Social Media,Asia,72,Female,Basic,45,17,1,25.26,218.28,2023-04-25,2023-05-09,Yes,No,Android,Edge,PayPal,Japanese,Evening,1,Small Business,elizabeth.johnson978@icloud.com,,0
91154,David Miller,david.miller183@company.com,Subscription Service,Data Sync Issue,I am unable to access my account after entering the correct credentials.,We have reset the account credentials and advised the customer to retry login.,High,In Progress,Social Media,North America,46,Other,Free,32,13,4,7.91,85.68,2023-01-14,2023-01-27,No,No,Windows,Unknown,Credit Card,Chinese,Morning,1,Corporate,david.miller183@company.com,,0
57153,John Martinez,john.martinez337@company.com,Subscription Service,Bug Report,I am unable to access my account after entering the correct credentials.,Provided step-by-step troubleshooting instructions and issue resolved.,High,Closed,Email,North America,18,Female,Basic,15,0,5,23.99,148.36,2022-10-16,2022-10-30,Yes,No,Android,Edge,Crypto,English,Evening,3,Individual,john.martinez337@company.com,,0
44785,Thomas Taylor,thomas.taylor79@outlook.com,Subscription Service,Payment Problem,The application crashes whenever I try to upload a file.,Payment gateway timeout issue fixed and monitoring implemented.,Low,Closed,Web Form,North America,60,Female,Basic,1,1,3,44.38,232.99,2022-07-20,2022-07-30,Yes,No,MacOS,Edge,Debit Card,French,Evening,9,Small Business,thomas.taylor79@outlook.com,,0
88416,Jessica Williams,jessica.williams788@icloud.com,Cloud Storage,Subscription Cancellation,There seems to be a discrepancy in my billing statement for this month.,Payment gateway timeout issue fixed and monitoring implemented.,Medium,Pending Customer,Email,Africa,48,Female,Basic,11,7,2,43.54,172.54,2024-05-29,2024-05-29,Yes,Yes,MacOS,Edge,Bank Transfer,French,Afternoon,2,Corporate,jessica.williams788@icloud.com,,0
150577,Sarah Taylor,sarah.taylor85@company.com,CRM Platform,Payment Problem,Two-factor authentication codes are not being delivered to my phone.,Bug logged internally and workaround shared with the customer.,Medium,In Progress,Email,South America,46,Female,Basic,26,9,2,71.69,81.97,2023-04-12,2023-04-17,No,Yes,MacOS,Safari,PayPal,English,Morning,2,Corporate,sarah.taylor85@company.com,,0
178639,Jennifer Moore,jennifer.moore206@hotmail.com,Analytics Dashboard,Bug Report,The application crashes whenever I try to upload a file.,Bug logged internally and workaround shared with the customer.,Low,In Progress,Web Form,Africa,44,Other,Enterprise,2,3,4,56.38,219.61,2024-03-23,2024-03-23,No,Yes,Windows,Firefox,Bank Transfer,Chinese,Morning,1,Corporate,jennifer.moore206@hotmail.com,,0
14081,Barbara Martinez,barbara.martinez475@yahoo.com,Cloud Storage,Subscription Cancellation,The payment was deducted from my bank account but the transaction shows failed.,Security settings updated and customer notified of precautionary measures.,Low,Pending Customer,Web Form,Africa,40,Female,Basic,22,11,5,53.09,189.63,2024-01-17,2024-01-23,Yes,No,MacOS,Firefox,Crypto,Japanese,Morning,2,Small Business,barbara.martinez475@yahoo.com,,0
104229,Richard Martin,richard.martin980@company.com,Billing System,Security Concern,I found a bug in the latest update affecting report generation.,Data synchronization restored after backend service restart.,Low,Open,Social Media,Europe,51,Other,Free,54,0,1,67.79,228.21,2024-09-20,2024-09-23,No,No,Android,Firefox,Bank Transfer,French,Night,6,Small Business,richard.martin980@company.com,,0
28469,David Gonzalez,david.gonzalez389@company.com,Cloud Storage,Payment Problem,I would like to request a refund for the recent charge.,Data synchronization restored after backend service restart.,Low,Pending Customer,Phone,Europe,43,Other,Free,48,18,5,67.72,200.4,2023-04-03,2023-04-05,Yes,No,Linux,Unknown,Credit Card,Chinese,Morning,2,Individual,david.gonzalez389@company.com,,0
34193,Mary Davis,mary.davis643@company.com,Subscription Service,Account Suspension,Two-factor authentication codes are not being delivered to my phone.,Bug logged internally and workaround shared with the customer.,High,Resolved,Email,Africa,24,Male,Free,21,0,3,41.14,29.73,2024-06-01,2024-06-11,No,Yes,iOS,Safari,Crypto,German,Morning,2,Corporate,mary.davis643@company.com,,0
157761,Sarah Miller,sarah.miller115@outlook.com,Cloud Storage,Login Issue,The payment was deducted from my bank account but the transaction shows failed.,The issue was escalated to engineering and resolved in the latest patch.,Low,Closed,Chat,Australia,35,Other,Free,28,7,4,20.91,124.38,2024-03-26,2024-04-02,No,No,MacOS,Edge,Bank Transfer,Spanish,Night,3,Corporate,sarah.miller115@outlook.com,,0
127820,Elizabeth Garcia,elizabeth.garcia302@hotmail.com,API Service,Account Suspension,I found a bug in the latest update affecting report generation.,The duplicate charge was reversed and refund processed within 3-5 business days.,Medium,Open,Email,Asia,35,Other,Premium,55,13,5,40.05,66.48,2024-03-09,2024-03-09,Yes,Yes,Windows,Unknown,Bank Transfer,French,Night,8,Individual,elizabeth.garcia302@hotmail.com,,0
111578,Karen Gonzalez,karen.gonzalez386@gmail.com,Web Portal,Refund Request,I am unable to access my account after entering the correct credentials.,The duplicate charge was reversed and refund processed within 3-5 business days.,Low,In Progress,Web Form,Australia,48,Female,Basic,11,6,5,56.75,19.9,2024-12-17,2024-12-20,No,No,Windows,Safari,Bank Transfer,Spanish,Morning,7,Corporate,karen.gonzalez386@gmail.com,,0
169202,Jennifer Jones,jennifer.jones612@icloud.com,API Service,Payment Problem,My subscription was cancelled without my request and I need clarification.,Data synchronization restored after backend service restart.,Medium,In Progress,Web Form,Africa,23,Male,Premium,53,0,3,10.68,152.98,2022-12-09,2022-12-14,Yes,Yes,iOS,Edge,Bank Transfer,German,Evening,7,Small Business,jennifer.jones612@icloud.com,,0
57502,Patricia Williams,patricia.williams52@hotmail.com,Mobile App,Login Issue,I am experiencing very slow performance while using the dashboard.,Payment gateway timeout issue fixed and monitoring implemented.,Medium,Pending Customer,Chat,Africa,69,Other,Basic,26,10,2,16.16,235.22,2023-09-20,2023-10-03,Yes,No,Android,Firefox,Credit Card,Chinese,Morning,10,Small Business,patricia.williams52@hotmail.com,,0
189201,Karen Rodriguez,karen.rodriguez165@company.com,Analytics Dashboard,Bug Report,Two-factor authentication codes are not being delivered to my phone.,Bug logged internally and workaround shared with the customer.,Low,Resolved,Web Form,Australia,55,Female,Free,41,18,5,15.54,232.05,2022-08-07,2022-08-19,No,Yes,Windows,Chrome,Crypto,English,Night,5,Corporate,karen.rodriguez165@company.com,,0
133367,Sarah Anderson,sarah.anderson248@yahoo.com,E-commerce Store,Data Sync Issue,Two-factor authentication codes are not being delivered to my phone.,We have reset the account credentials and advised the customer to retry login.,Medium,Resolved,Chat,Australia,39,Male,Free,8,12,1,52.36,184.41,2023-10-16,2023-10-16,No,Yes,MacOS,Safari,Credit Card,English,Afternoon,2,Small Business,sarah.anderson248@yahoo.com,,0
11134,Sarah Martinez,sarah.martinez528@outlook.com,Cloud Storage,Feature Request,The payment was deducted from my bank account but the transaction shows failed.,Provided step-by-step troubleshooting instructions and issue resolved.,Urgent,Pending Customer,Phone,Asia,33,Female,Premium,34,1,5,2.83,3.29,2024-11-19,2024-11-24,No,Yes,MacOS,Safari,Crypto,English,Night,3,Small Business,sarah.martinez528@outlook.com,,0
76829,Robert Martin,robert.martin798@outlook.com,Billing System,Account Suspension,There seems to be a discrepancy in my billing statement for this month.,Explained billing breakdown and clarified applicable charges.,Urgent,Open,Social Media,Australia,61,Male,Free,7,6,4,45.15,223.55,2024-06-11,2024-06-13,No,No,Linux,Safari,PayPal,French,Morning,3,Small Business,robert.martin798@outlook.com,,0
39808,Jessica Martinez,jessica.martinez148@company.com,E-commerce Store,Security Concern,There seems to be a discrepancy in my billing statement for this month.,Provided step-by-step troubleshooting instructions and issue resolved.,High,Pending Customer,Chat,Australia,23,Female,Enterprise,26,5,5,34.61,181.33,2022-03-28,2022-04-03,Yes,No,Android,Safari,Credit Card,English,Evening,7,Corporate,jessica.martinez148@company.com,,0
113529,Patricia Lopez,patricia.lopez576@gmail.com,Analytics Dashboard,Payment Problem,The system is not syncing data across devices properly.,Security settings updated and customer notified of precautionary measures.,Urgent,In Progress,Social Media,Asia,61,Other,Enterprise,31,10,3,0.77,93.22,2024-04-06,2024-04-16,No,Yes,Linux,Firefox,Credit Card,English,Morning,9,Individual,patricia.lopez576@gmail.com,,0
143057,James Taylor,james.taylor691@hotmail.com,Cloud Storage,Account Suspension,I am unable to access my account after entering the correct credentials.,Security settings updated and customer notified of precautionary measures.,High,In Progress,Chat,Europe,57,Male,Basic,8,0,2,11.38,116.54,2023-06-25,2023-07-03,Yes,No,iOS,Edge,PayPal,English,Night,3,Corporate,james.taylor691@hotmail.com,,0
171008,John Taylor,john.taylor198@yahoo.com,Web Portal,Security Concern,I found a bug in the latest update affecting report generation.,Data synchronization restored after backend service restart.,Medium,Open,Phone,South America,73,Other,Basic,51,11,1,3.23,227.66,2024-07-23,2024-08-01,No,Yes,Android,Firefox,Bank Transfer,Chinese,Afternoon,10,Corporate,john.taylor198@yahoo.com,,0
142278,Joseph Smith,joseph.smith643@yahoo.com,Web Portal,Refund Request,The payment was deducted from my bank account but the transaction shows failed.,Provided step-by-step troubleshooting instructions and issue resolved.,Low,In Progress,Social Media,North America,59,Male,Basic,35,11,4,20.58,222.78,2022-09-24,2022-09-27,Yes,Yes,Windows,Unknown,Debit Card,Chinese,Night,8,Small Business,joseph.smith643@yahoo.com,,0
55877,Jessica Martinez,jessica.martinez320@company.com,Mobile App,Subscription Cancellation,The application crashes whenever I try to upload a file.,Bug logged internally and workaround shared with the customer.,Medium,In Progress,Phone,Australia,72,Male,Free,15,8,4,70.48,220.46,2024-10-02,2024-10-04,Yes,No,iOS,Unknown,Bank Transfer,English,Evening,9,Individual,jessica.martinez320@company.com,2022-01-14,0
164277,Joseph Lopez,joseph.lopez147@yahoo.com,Subscription Service,Bug Report,I found a bug in the latest update affecting report generation.,Data synchronization restored after backend service restart.,Medium,Closed,Chat,South America,74,Male,Free,45,18,4,28.6,231.34,2023-06-29,2023-07-09,No,Yes,Android,Firefox,PayPal,French,Night,6,Corporate,joseph.lopez147@yahoo.com,,0
69300,Robert Martin,robert.martin564@yahoo.com,Mobile App,Feature Request,There seems to be a discrepancy in my billing statement for this month.,Bug logged internally and workaround shared with the customer.,Urgent,Closed,Email,South America,27,Female,Enterprise,7,4,1,27.73,156.59,2024-04-15,2024-04-17,No,Yes,Android,Edge,Bank Transfer,English,Evening,1,Individual,robert.martin564@yahoo.com,,0
162467,Mary Wilson,mary.wilson941@outlook.com,Web Portal,Feature Request,There seems to be a discrepancy in my billing statement for this month.,We have reset the account credentials and advised the customer to retry login.,High,Open,Phone,South America,73,Male,Enterprise,48,18,5,41.34,11.32,2023-09-13,2023-09-17,No,No,Windows,Safari,Bank Transfer,French,Afternoon,5,Corporate,mary.wilson941@outlook.com,,0
138927,Barbara Lopez,barbara.lopez205@yahoo.com,Subscription Service,Data Sync Issue,I found a bug in the latest update affecting report generation.,Subscription status corrected and confirmation email sent to customer.,Low,Closed,Phone,Europe,56,Other,Premium,53,5,3,39.95,195.6,2024-08-23,2024-08-26,No,No,MacOS,Unknown,Bank Transfer,German,Morning,7,Individual,barbara.lopez205@yahoo.com,,0
159454,Charles Garcia,charles.garcia113@hotmail.com,Payment Gateway,Feature Request,I found a bug in the latest update affecting report generation.,Provided step-by-step troubleshooting instructions and issue resolved.,Medium,Open,Chat,South America,24,Male,Premium,13,8,3,20.75,36.78,2024-10-21,2024-10-21,Yes,No,Android,Unknown,Credit Card,French,Night,10,Individual,charles.garcia113@hotmail.com,,0
119247,William Miller,william.miller15@company.com,Cloud Storage,Login Issue,There seems to be a discrepancy in my billing statement for this month.,Provided step-by-step troubleshooting instructions and issue resolved.,Urgent,Closed,Social Media,Asia,26,Male,Premium,46,15,4,25.71,97.82,2024-04-02,2024-04-08,Yes,Yes,Android,Edge,Credit Card,English,Afternoon,3,Corporate,william.miller15@company.com,,0
5909,Susan Anderson,susan.anderson942@company.com,Payment Gateway,Data Sync Issue,Two-factor authentication codes are not being delivered to my phone.,Security settings updated and customer notified of precautionary measures.,High,Pending Customer,Email,Asia,55,Male,Enterprise,49,15,5,48.09,209.77,2022-07-03,2022-07-05,No,Yes,Android,Chrome,Credit Card,Spanish,Night,6,Small Business,susan.anderson942@company.com,,0
42980,Jennifer Brown,jennifer.brown835@icloud.com,CRM Platform,Bug Report,The payment was deducted from my bank account but the transaction shows failed.,Security settings updated and customer notified of precautionary measures.,Medium,Open,Web Form,Australia,66,Other,Enterprise,12,13,5,18.45,44.5,2022-02-01,2022-02-14,No,Yes,Linux,Safari,Bank Transfer,English,Afternoon,7,Individual,jennifer.brown835@icloud.com,,0
138475,William Rodriguez,william.rodriguez345@yahoo.com,E-commerce Store,Performance Issue,Two-factor authentication codes are not being delivered to my phone.,Bug logged internally and workaround shared with the customer.,Urgent,Resolved,Web Form,South America,42,Female,Premium,45,15,4,16.99,166.78,2022-09-12,2022-09-19,No,Yes,Windows,Chrome,PayPal,Spanish,Morning,8,Individual,william.rodriguez345@yahoo.com,,0
22833,Jessica Davis,jessica.davis414@company.com,Billing System,Performance Issue,Two-factor authentication codes are not being delivered to my phone.,Security settings updated and customer notified of precautionary measures.,Urgent,In Progress,Chat,Australia,47,Other,Basic,21,5,3,24.56,154.35,2023-09-13,2023-09-22,Yes,No,MacOS,Firefox,Bank Transfer,Chinese,Morning,8,Small Business,jessica.davis414@company.com,,0
83141,Sarah Johnson,sarah.johnson135@outlook.com,E-commerce Store,Performance Issue,I would like to request a refund for the recent charge.,Explained billing breakdown and clarified applicable charges.,Medium,Pending Customer,Social Media,Asia,39,Other,Premium,23,13,5,51.83,12.52,2023-02-23,2023-03-01,No,No,Android,Firefox,Bank Transfer,English,Afternoon,6,Small Business,sarah.johnson135@outlook.com,,0
175769,Mary Garcia,mary.garcia189@company.com,Mobile App,Security Concern,The system is not syncing data across devices properly.,Provided step-by-step troubleshooting instructions and issue resolved.,High,Resolved,Social Media,North America,32,Other,Basic,38,11,5,39.07,194.0,2024-03-06,2024-03-12,No,Yes,iOS,Firefox,Bank Transfer,Spanish,Morning,9,Corporate,mary.garcia189@company.com,,0
60184,Sarah Brown,sarah.brown226@hotmail.com,Subscription Service,Bug Report,The payment was deducted from my bank account but the transaction shows failed.,Bug logged internally and workaround shared with the customer.,High,Open,Web Form,North America,63,Female,Premium,24,4,2,41.73,211.04,2023-01-27,2023-02-06,Yes,Yes,MacOS,Firefox,Credit Card,English,Night,6,Small Business,sarah.brown226@hotmail.com,,0
194858,Patricia Jones,patricia.jones370@outlook.com,Cloud Storage,Account Suspension,The system is not syncing data across devices properly.,Provided step-by-step troubleshooting instructions and issue resolved.,Medium,Resolved,Chat,North America,54,Female,Free,13,0,5,64.64,181.74,2022-07-12,2022-07-20,Yes,No,Linux,Edge,Credit Card,Spanish,Night,8,Small Business,patricia.jones370@outlook.com,,0
175043,David Gonzalez,david.gonzalez884@gmail.com,Cloud Storage,Feature Request,There seems to be a discrepancy in my billing statement for this month.,Explained billing breakdown and clarified applicable charges.,High,Resolved,Chat,Europe,21,Male,Enterprise,48,10,4,47.5,111.32,2022-11-07,2022-11-16,Yes,Yes,Linux,Chrome,Credit Card,Chinese,Afternoon,9,Small Business,david.gonzalez884@gmail.com,,0
163848,Joseph Davis,joseph.davis249@company.com,Billing System,Subscription Cancellation,There seems to be a discrepancy in my billing statement for this month.,Subscription status corrected and confirmation email sent to customer.,Low,In Progress,Chat,Asia,36,Male,Premium,49,16,1,2.0,80.88,2024-12-17,2024-12-27,No,Yes,iOS,Firefox,PayPal,Japanese,Morning,10,Individual,joseph.davis249@company.com,,0
133011,James Martin,james.martin763@gmail.com,Billing System,Performance Issue,I am unable to access my account after entering the correct credentials.,Explained billing breakdown and clarified applicable charges.,High,Resolved,Social Media,Australia,48,Male,Premium,42,18,4,61.32,146.72,2023-06-02,2023-06-10,Yes,Yes,iOS,Safari,PayPal,French,Afternoon,5,Individual,james.martin763@gmail.com,,0
163340,Richard Martinez,richard.martinez275@gmail.com,Billing System,Login Issue,I am experiencing very slow performance while using the dashboard.,Data synchronization restored after backend service restart.,High,Open,Email,Australia,49,Male,Basic,34,11,2,20.92,42.83,2024-03-05,2024-03-05,Yes,No,iOS,Safari,PayPal,French,Night,7,Individual,richard.martinez275@gmail.com,,0
64203,Barbara Gonzalez,barbara.gonzalez382@hotmail.com,Mobile App,Account Suspension,I found a bug in the latest update affecting report generation.,The duplicate charge was reversed and refund processed within 3-5 business days.,Urgent,Pending Customer,Social Media,South America,56,Female,Free,2,13,5,46.44,103.9,2024-04-10,2024-04-19,Yes,No,iOS,Firefox,PayPal,English,Night,7,Small Business,barbara.gonzalez382@hotmail.com,,0
40125,Patricia Moore,patricia.moore903@hotmail.com,E-commerce Store,Data Sync Issue,The system is not syncing data across devices properly.,Payment gateway timeout issue fixed and monitoring implemented.,Low,Pending Customer,Chat,Europe,53,Male,Premium,59,20,1,31.55,47.03,2024-03-01,2024-03-06,No,Yes,iOS,Chrome,Crypto,Spanish,Evening,5,Small Business,patricia.moore903@hotmail.com,,0
104012,Sarah Garcia,sarah.garcia294@company.com,Web Portal,Refund Request,Two-factor authentication codes are not being delivered to my phone.,Subscription status corrected and confirmation email sent to customer.,Urgent,In Progress,Email,Australia,46,Female,Premium,27,12,3,10.73,109.23,2023-12-31,2024-01-14,No,No,MacOS,Chrome,Debit Card,English,Morning,10,Small Business,sarah.garcia294@company.com,,0
35100,Jennifer Smith,jennifer.smith857@yahoo.com,Billing System,Security Concern,I found a bug in the latest update affecting report generation.,Subscription status corrected and confirmation email sent to customer.,Urgent,Open,Chat,South America,51,Other,Basic,24,7,4,13.04,22.14,2023-07-23,2023-07-26,Yes,No,MacOS,Unknown,PayPal,Spanish,Night,9,Individual,jennifer.smith857@yahoo.com,,0
169435,Linda Martinez,linda.martinez541@yahoo.com,Mobile App,Security Concern,The application crashes whenever I try to upload a file.,We have reset the account credentials and advised the customer to retry login.,Low,Resolved,Web Form,Asia,61,Other,Premium,7,6,2,23.3,58.31,2023-06-22,2023-06-25,Yes,No,Windows,Edge,Credit Card,Chinese,Morning,7,Small Business,linda.martinez541@yahoo.com,,0
24668,Linda Hernandez,linda.hernandez520@outlook.com,Subscription Service,Payment Problem,My subscription was cancelled without my request and I need clarification.,Payment gateway timeout issue fixed and monitoring implemented.,Low,Pending Customer,Email,Asia,52,Female,Enterprise,43,13,4,23.37,209.23,2024-09-22,2024-09-26,No,No,iOS,Edge,Crypto,Chinese,Afternoon,2,Individual,linda.hernandez520@outlook.com,,0
51928,William Anderson,william.anderson588@hotmail.com,API Service,Performance Issue,The payment was deducted from my bank account but the transaction shows failed.,Bug logged internally and workaround shared with the customer.,High,Closed,Phone,Australia,75,Other,Basic,43,15,4,32.36,89.49,2022-11-04,2022-11-18,Yes,No,iOS,Firefox,Debit Card,Japanese,Night,4,Small Business,william.anderson588@hotmail.com,,0
89389,Mary Brown,mary.brown331@outlook.com,Analytics Dashboard,Bug Report,The payment was deducted from my bank account but the transaction shows failed.,Security settings updated and customer notified of precautionary measures.,High,Closed,Web Form,Asia,62,Other,Basic,13,3,1,36.17,32.62,2023-02-11,2023-02-22,Yes,No,MacOS,Unknown,Crypto,German,Evening,5,Corporate,mary.brown331@outlook.com,,0
1505,David Martinez,david.martinez103@gmail.com,CRM Platform,Subscription Cancellation,I would like to request a refund for the recent charge.,The issue was escalated to engineering and resolved in the latest patch.,Low,Pending Customer,Email,Europe,39,Other,Free,2,20,5,65.7,193.62,2023-10-15,2023-10-26,No,Yes,MacOS,Safari,Bank Transfer,Chinese,Evening,6,Small Business,david.martinez103@gmail.com,,0
24153,Joseph Rodriguez,joseph.rodriguez994@icloud.com,Billing System,Bug Report,The payment was deducted from my bank account but the transaction shows failed.,Subscription status corrected and confirmation email sent to customer.,Low,Closed,Chat,South America,20,Female,Enterprise,12,4,4,5.27,74.3,2023-08-21,2023-09-04,No,Yes,Windows,Safari,Credit Card,German,Morning,2,Corporate,joseph.rodriguez994@icloud.com,,0
3184,James Williams,james.williams975@company.com,Subscription Service,Subscription Cancellation,The system is not syncing data across devices properly.,Security settings updated and customer notified of precautionary measures.,Urgent,Pending Customer,Phone,Africa,69,Female,Basic,54,13,3,9.13,144.64,2024-08-03,2024-08-05,No,No,Windows,Chrome,Crypto,English,Morning,2,Corporate,james.williams975@company.com,,0
118021,James Jones,james.jones751@company.com,E-commerce Store,Data Sync Issue,The payment was deducted from my bank account but the transaction shows failed.,Bug logged internally and workaround shared with the customer.,Urgent,Closed,Web Form,Europe,65,Female,Free,6,7,2,26.06,175.17,2024-05-18,2024-05-22,Yes,No,Android,Safari,Debit Card,English,Evening,1,Individual,james.jones751@company.com,,0
121598,Karen Davis,karen.davis911@gmail.com,Analytics Dashboard,Feature Request,I am unable to access my account after entering the correct credentials.,The duplicate charge was reversed and refund processed within 3-5 business days.,Medium,Open,Phone,South America,18,Female,Free,60,4,3,49.87,81.78,2024-04-15,2024-04-28,Yes,No,MacOS,Chrome,Credit Card,Chinese,Evening,2,Individual,karen.davis911@gmail.com,,0
38059,Barbara Moore,barbara.moore66@company.com,Cloud Storage,Data Sync Issue,Two-factor authentication codes are not being delivered to my phone.,Bug logged internally and workaround shared with the customer.,Low,Open,Web Form,Africa,18,Female,Basic,26,12,1,65.63,28.96,2022-01-26,2022-01-27,No,No,Windows,Safari,Crypto,Spanish,Afternoon,5,Small Business,barbara.moore66@company.com,,0
158529,Charles Smith,charles.smith191@icloud.com,Cloud Storage,Subscription Cancellation,The system is not syncing data across devices properly.,The issue was escalated to engineering and resolved in the latest patch.,Medium,Resolved,Web Form,Africa,22,Male,Free,44,7,4,65.44,102.64,2022-12-10,2022-12-11,Yes,Yes,iOS,Safari,Debit Card,French,Night,7,Small Business,charles.smith191@icloud.com,,0
153957,Michael Wilson,michael.wilson632@hotmail.com,Analytics Dashboard,Payment Problem,I am experiencing very slow performance while using the dashboard.,Provided step-by-step troubleshooting instructions and issue resolved.,High,In Progress,Chat,Europe,35,Other,Free,59,11,4,67.24,221.59,2022-09-29,2022-10-11,No,Yes,Linux,Edge,Credit Card,Chinese,Morning,6,Individual,michael.wilson632@hotmail.com,,0
160098,Sarah Hernandez,sarah.hernandez519@hotmail.com,Mobile App,Bug Report,There seems to be a discrepancy in my billing statement for this month.,Bug logged internally and workaround shared with the customer.,High,Open,Phone,Australia,63,Other,Premium,53,16,2,31.49,25.94,2024-07-21,2024-08-04,No,Yes,Windows,Edge,Bank Transfer,Spanish,Afternoon,5,Corporate,sarah.hernandez519@hotmail.com,,0
87465,Susan Williams,susan.williams416@hotmail.com,Billing System,Security Concern,Two-factor authentication codes are not being delivered to my phone.,Security settings updated and customer notified of precautionary measures.,Low,Pending Customer,Phone,Africa,49,Female,Enterprise,57,9,2,53.33,209.61,2023-03-01,2023-03-06,No,Yes,MacOS,Chrome,Bank Transfer,Japanese,Night,6,Corporate,susan.williams416@hotmail.com,,0
172803,William Davis,william.davis12@outlook.com,Subscription Service,Subscription Cancellation,The payment was deducted from my bank account but the transaction shows failed.,Bug logged internally and workaround shared with the customer.,Low,Pending Customer,Phone,Europe,30,Other,Basic,37,6,3,6.69,103.99,2024-09-29,2024-10-12,No,Yes,Android,Unknown,PayPal,German,Morning,5,Individual,william.davis12@outlook.com,,0
27127,Elizabeth Williams,elizabeth.williams132@hotmail.com,Web Portal,Bug Report,I found a bug in the latest update affecting report generation.,The duplicate charge was reversed and refund processed within 3-5 business days.,Low,Open,Email,Asia,56,Female,Basic,48,11,3,52.78,138.48,2024-07-05,2024-07-19,Yes,No,Linux,Firefox,Debit Card,Chinese,Morning,6,Small Business,elizabeth.williams132@hotmail.com,,0
5785,Jessica Davis,jessica.davis397@gmail.com,Mobile App,Payment Problem,I found a bug in the latest update affecting report generation.,The duplicate charge was reversed and refund processed within 3-5 business days.,High,Resolved,Web Form,Africa,33,Other,Premium,34,16,3,12.64,101.55,2022-05-15,2022-05-23,No,No,Android,Firefox,PayPal,German,Night,5,Corporate,jessica.davis397@gmail.com,,0
46263,John Miller,john.miller394@hotmail.com,Web Portal,Security Concern,I would like to request a refund for the recent charge.,We have reset the account credentials and advised the customer to retry login.,Medium,Closed,Chat,Asia,65,Other,Premium,44,12,2,15.97,166.36,2023-03-28,2023-04-05,No,Yes,Linux,Safari,Credit Card,Chinese,Afternoon,8,Small Business,john.miller394@hotmail.com,,0
108914,Michael Davis,michael.davis874@company.com,Subscription Service,Feature Request,My subscription was cancelled without my request and I need clarification.,The duplicate charge was reversed and refund processed within 3-5 business days.,Urgent,Open,Phone,Africa,45,Male,Premium,50,4,1,54.72,233.72,2023-08-26,2023-09-05,Yes,Yes,Linux,Unknown,Credit Card,Spanish,Evening,6,Corporate,michael.davis874@company.com,,0
25112,David Hernandez,david.hernandez406@yahoo.com,Web Portal,Security Concern,The system is not syncing data across devices properly.,Subscription status corrected and confirmation email sent to customer.,Medium,Open,Web Form,Africa,32,Female,Basic,3,17,4,11.99,214.52,2022-06-26,2022-07-09,No,Yes,MacOS,Firefox,Debit Card,Chinese,Afternoon,2,Individual,david.hernandez406@yahoo.com,,0
19334,Jessica Miller,jessica.miller305@hotmail.com,E-commerce Store,Bug Report,Two-factor authentication codes are not being delivered to my phone.,The duplicate charge was reversed and refund processed within 3-5 business days.,Low,Closed,Social Media,South America,72,Female,Premium,16,13,5,46.39,230.96,2024-04-07,2024-04-10,Yes,Yes,Android,Firefox,Credit Card,Chinese,Night,10,Corporate,jessica.miller305@hotmail.com,,0
91937,Susan Rodriguez,susan.rodriguez741@gmail.com,E-commerce Store,Account Suspension,The payment was deducted from my bank account but the transaction shows failed.,Payment gateway timeout issue fixed and monitoring implemented.,Urgent,In Progress,Email,North America,35,Female,Basic,27,9,1,18.42,114.59,2022-08-01,2022-08-07,Yes,No,MacOS,Unknown,Debit Card,English,Night,8,Individual,susan.rodriguez741@gmail.com,,0
60177,Barbara Taylor,barbara.taylor877@hotmail.com,Mobile App,Feature Request,There seems to be a discrepancy in my billing statement for this month.,The duplicate charge was reversed and refund processed within 3-5 business days.,Urgent,In Progress,Social Media,North America,53,Male,Free,20,6,3,58.04,127.44,2023-11-11,2023-11-23,Yes,No,iOS,Unknown,Debit Card,French,Afternoon,2,Individual,barbara.taylor877@hotmail.com,,0
71358,Jennifer Jones,jennifer.jones733@icloud.com,Billing System,Performance Issue,I am unable to access my account after entering the correct credentials.,The issue was escalated to engineering and resolved in the latest patch.,Low,Open,Web Form,Europe,57,Other,Enterprise,13,20,5,34.39,171.22,2022-02-01,2022-02-09,Yes,Yes,Windows,Unknown,PayPal,German,Morning,6,Corporate,jennifer.jones733@icloud.com,,0
83234,Richard Anderson,richard.anderson376@outlook.com,Mobile App,Subscription Cancellation,I found a bug in the latest update affecting report generation.,We have reset the account credentials and advised the customer to retry login.,High,Closed,Web Form,Asia,43,Other,Basic,32,11,5,27.67,107.68,2023-07-14,2023-07-19,No,No,iOS,Firefox,Bank Transfer,German,Evening,4,Individual,richard.anderson376@outlook.com,,0
76232,Susan Johnson,susan.johnson840@outlook.com,Subscription Service,Bug Report,The application crashes whenever I try to upload a file.,Data synchronization restored after backend service restart.,High,Pending Customer,Phone,Africa,32,Other,Enterprise,3,10,5,33.78,25.88,2023-10-14,2023-10-27,No,Yes,Android,Safari,Debit Card,French,Afternoon,2,Corporate,susan.johnson840@outlook.com,,0
119986,Robert Smith,robert.smith533@hotmail.com,E-commerce Store,Refund Request,There seems to be a discrepancy in my billing statement for this month.,Bug logged internally and workaround shared with the customer.,Urgent,Resolved,Email,Australia,38,Male,Enterprise,14,0,1,21.71,170.35,2024-06-04,2024-06-17,No,No,Linux,Unknown,Credit Card,English,Evening,5,Individual,robert.smith533@hotmail.com,,0
138005,Susan Smith,susan.smith525@company.com,Payment Gateway,Account Suspension,I would like to request a refund for the recent charge.,The duplicate charge was reversed and refund processed within 3-5 business days.,Urgent,Resolved,Social Media,Australia,72,Female,Basic,37,18,5,69.04,128.33,2023-01-03,2023-01-14,Yes,Yes,Android,Edge,Debit Card,French,Evening,3,Individual,susan.smith525@company.com,,0
163190,Jessica Williams,jessica.williams532@company.com,Subscription Service,Payment Problem,There seems to be a discrepancy in my billing statement for this month.,We have reset the account credentials and advised the customer to retry login.,High,Pending Customer,Social Media,Australia,45,Other,Basic,4,12,3,69.13,68.23,2024-11-20,2024-11-25,Yes,No,Windows,Firefox,Bank Transfer,German,Morning,10,Corporate,jessica.williams532@company.com,,0
66826,Thomas Thomas,thomas.thomas905@yahoo.com,Subscription Service,Data Sync Issue,There seems to be a discrepancy in my billing statement for this month.,The issue was escalated to engineering and resolved in the latest patch.,Urgent,Open,Phone,Africa,69,Male,Enterprise,38,17,2,45.14,15.54,2024-04-21,2024-04-23,No,Yes,Android,Unknown,PayPal,Chinese,Night,5,Individual,thomas.thomas905@yahoo.com,,0
140942,John Brown,john.brown730@outlook.com,Analytics Dashboard,Security Concern,The payment was deducted from my bank account but the transaction shows failed.,Explained billing breakdown and clarified applicable charges.,High,In Progress,Phone,Europe,43,Female,Basic,7,1,3,27.49,196.7,2022-02-21,2022-03-04,No,Yes,Windows,Edge,PayPal,Japanese,Night,7,Small Business,john.brown730@outlook.com,,0
13716,Jessica Jones,jessica.jones369@outlook.com,E-commerce Store,Subscription Cancellation,I would like to request a refund for the recent charge.,Subscription status corrected and confirmation email sent to customer.,Urgent,Open,Email,Africa,53,Other,Basic,16,11,4,63.93,172.9,2022-08-18,2022-08-22,Yes,No,MacOS,Safari,Crypto,French,Night,1,Small Business,jessica.jones369@outlook.com,,0
58658,Joseph Moore,joseph.moore660@company.com,Mobile App,Subscription Cancellation,The application crashes whenever I try to upload a file.,Data synchronization restored after backend service restart.,Urgent,Pending Customer,Email,Europe,18,Female,Free,4,13,3,41.18,202.92,2022-12-27,2022-12-31,Yes,No,Windows,Unknown,PayPal,English,Morning,4,Individual,joseph.moore660@company.com,,0
117172,Jessica Brown,jessica.brown681@company.com,API Service,Payment Problem,I would like to request a refund for the recent charge.,Subscription status corrected and confirmation email sent to customer.,Low,Closed,Web Form,North America,37,Other,Free,1,8,4,69.63,166.37,2022-04-12,2022-04-14,No,Yes,Windows,Edge,Bank Transfer,German,Afternoon,5,Corporate,jessica.brown681@company.com,,0
80172,Karen Garcia,karen.garcia4@outlook.com,API Service,Feature Request,The system is not syncing data across devices properly.,We have reset the account credentials and advised the customer to retry login.,Medium,Resolved,Chat,Australia,66,Male,Basic,34,8,2,8.92,22.19,2023-06-02,2023-06-02,Yes,Yes,iOS,Safari,Bank Transfer,English,Evening,2,Individual,karen.garcia4@outlook.com,,0
68899,Michael Gonzalez,michael.gonzalez357@gmail.com,API Service,Data Sync Issue,The application crashes whenever I try to upload a file.,We have reset the account credentials and advised the customer to retry login.,Low,Resolved,Social Media,Asia,53,Other,Free,14,0,3,43.58,2.54,2024-08-25,2024-08-29,Yes,Yes,iOS,Firefox,Debit Card,Japanese,Afternoon,4,Corporate,michael.gonzalez357@gmail.com,,0
159799,Sarah Taylor,sarah.taylor227@icloud.com,Web Portal,Login Issue,I found a bug in the latest update affecting report generation.,Bug logged internally and workaround shared with the customer.,Medium,Pending Customer,Social Media,Africa,46,Other,Premium,27,6,5,5.03,86.03,2023-01-08,2023-01-19,Yes,Yes,Android,Chrome,Crypto,English,Night,4,Individual,sarah.taylor227@icloud.com,,0
46093,Barbara Davis,barbara.davis214@yahoo.com,E-commerce Store,Performance Issue,The application crashes whenever I try to upload a file.,Provided step-by-step troubleshooting instructions and issue resolved.,Low,Open,Social Media,Africa,48,Other,Enterprise,28,11,5,10.46,103.66,2024-04-05,2024-04-19,No,No,iOS,Edge,Credit Card,Chinese,Night,8,Small Business,barbara.davis214@yahoo.com,,0
81058,James Martinez,james.martinez169@yahoo.com,Payment Gateway,Bug Report,Two-factor authentication codes are not being delivered to my phone.,Security settings updated and customer notified of precautionary measures.,High,Closed,Chat,Australia,63,Male,Premium,42,6,4,4.54,233.86,2024-02-07,2024-02-10,Yes,Yes,iOS,Unknown,Crypto,German,Evening,3,Individual,james.martinez169@yahoo.com,,0
52324,Robert Hernandez,robert.hernandez824@hotmail.com,API Service,Payment Problem,My subscription was cancelled without my request and I need clarification.,We have reset the account credentials and advised the customer to retry login.,Urgent,Resolved,Email,South America,51,Female,Enterprise,1,10,5,61.22,87.72,2022-02-20,2022-03-05,Yes,Yes,Linux,Edge,Credit Card,English,Afternoon,10,Individual,robert.hernandez824@hotmail.com,,0
116816,Patricia Wilson,patricia.wilson700@gmail.com,API Service,Payment Problem,I am experiencing very slow performance while using the dashboard.,Security settings updated and customer notified of precautionary measures.,Low,In Progress,Phone,North America,51,Other,Premium,51,14,3,57.02,233.89,2024-08-31,2024-09-07,Yes,No,Linux,Firefox,Debit Card,Spanish,Morning,8,Individual,patricia.wilson700@gmail.com,,0
93663,Linda Williams,linda.williams564@company.com,API Service,Payment Problem,I am experiencing very slow performance while using the dashboard.,Subscription status corrected and confirmation email sent to customer.,Urgent,Open,Chat,Africa,42,Male,Enterprise,42,20,3,45.25,103.87,2024-07-16,2024-07-29,No,No,Android,Unknown,Bank Transfer,French,Night,6,Corporate,linda.williams564@company.com,,0
4528,Mary Martinez,mary.martinez916@gmail.com,Billing System,Security Concern,I would like to request a refund for the recent charge.,Payment gateway timeout issue fixed and monitoring implemented.,High,Open,Chat,Africa,18,Female,Free,2,10,1,42.71,190.57,2023-05-12,2023-05-25,No,No,MacOS,Safari,PayPal,Japanese,Morning,3,Corporate,mary.martinez916@gmail.com,,0
120777,Joseph Brown,joseph.brown979@icloud.com,CRM Platform,Login Issue,The payment was deducted from my bank account but the transaction shows failed.,Bug logged internally and workaround shared with the customer.,High,Resolved,Social Media,North America,72,Female,Enterprise,22,8,2,61.04,127.84,2023-05-26,2023-06-04,No,No,Android,Safari,Debit Card,Spanish,Night,2,Corporate,joseph.brown979@icloud.com,,0
70295,Michael Miller,michael.miller711@gmail.com,Payment Gateway,Account Suspension,The application crashes whenever I try to upload a file.,We have reset the account credentials and advised the customer to retry login.,High,Pending Customer,Phone,Africa,21,Other,Free,24,16,2,35.58,111.12,2024-12-07,2024-12-10,No,Yes,iOS,Edge,PayPal,German,Night,10,Individual,michael.miller711@gmail.com,,0
57614,Patricia Davis,patricia.davis228@company.com,Cloud Storage,Subscription Cancellation,The application crashes whenever I try to upload a file.,The duplicate charge was reversed and refund processed within 3-5 business days.,Urgent,In Progress,Social Media,Asia,39,Other,Enterprise,8,14,3,43.12,215.55,2022-03-30,2022-04-08,Yes,Yes,Linux,Firefox,PayPal,Japanese,Afternoon,9,Individual,patricia.davis228@company.com,,0
114547,William Williams,william.williams792@company.com,Cloud Storage,Payment Problem,My subscription was cancelled without my request and I need clarification.,Security settings updated and customer notified of precautionary measures.,Medium,Resolved,Web Form,Europe,42,Other,Basic,17,9,3,55.57,33.08,2022-11-17,2022-11-30,No,Yes,Android,Edge,Bank Transfer,French,Evening,3,Corporate,william.williams792@company.com,,0
83997,Karen Johnson,karen.johnson749@hotmail.com,Payment Gateway,Payment Problem,I am unable to access my account after entering the correct credentials.,The issue was escalated to engineering and resolved in the latest patch.,High,Open,Email,Australia,51,Female,Premium,10,7,3,55.99,8.34,2024-10-05,2024-10-08,Yes,No,iOS,Firefox,Crypto,German,Morning,8,Individual,karen.johnson749@hotmail.com,,0
36460,Jessica Martinez,jessica.martinez908@hotmail.com,E-commerce Store,Data Sync Issue,I am unable to access my account after entering the correct credentials.,The issue was escalated to engineering and resolved in the latest patch.,High,In Progress,Web Form,South America,72,Female,Basic,43,17,3,69.51,121.55,2022-01-16,2022-01-17,Yes,No,MacOS,Firefox,Crypto,Spanish,Morning,7,Individual,jessica.martinez908@hotmail.com,,0
136718,Sarah Williams,sarah.williams784@gmail.com,Web Portal,Login Issue,My subscription was cancelled without my request and I need clarification.,Subscription status corrected and confirmation email sent to customer.,Urgent,Open,Chat,Europe,38,Other,Enterprise,18,11,4,33.74,49.33,2024-07-12,2024-07-12,Yes,Yes,Windows,Safari,Bank Transfer,English,Morning,5,Small Business,sarah.williams784@gmail.com,,0
34523,Karen Garcia,karen.garcia749@icloud.com,Subscription Service,Performance Issue,My subscription was cancelled without my request and I need clarification.,Bug logged internally and workaround shared with the customer.,Low,Open,Email,Europe,36,Female,Enterprise,4,11,3,21.39,109.83,2024-11-30,2024-12-04,No,Yes,Android,Firefox,PayPal,Chinese,Afternoon,10,Corporate,karen.garcia749@icloud.com,,0
182452,Karen Martin,karen.martin918@hotmail.com,Subscription Service,Account Suspension,My subscription was cancelled without my request and I need clarification.,Bug logged internally and workaround shared with the customer.,Medium,Closed,Phone,South America,21,Female,Enterprise,23,15,1,56.05,71.07,2024-02-29,2024-03-09,No,Yes,Linux,Edge,Crypto,Spanish,Night,8,Individual,karen.martin918@hotmail.com,,0
28424,Jennifer Brown,jennifer.brown407@company.com,Billing System,Login Issue,My subscription was cancelled without my request and I need clarification.,Bug logged internally and workaround shared with the customer.,High,Open,Email,Africa,39,Other,Premium,16,6,5,49.71,213.88,2023-11-16,2023-11-23,No,No,Android,Safari,Debit Card,German,Afternoon,5,Small Business,jennifer.brown407@company.com,,0
35527,Jennifer Lopez,jennifer.lopez354@outlook.com,Cloud Storage,Subscription Cancellation,The system is not syncing data across devices properly.,We have reset the account credentials and advised the customer to retry login.,Low,Resolved,Chat,Africa,29,Female,Free,50,1,2,26.52,40.59,2024-01-20,2024-01-31,Yes,No,MacOS,Chrome,Credit Card,French,Evening,1,Individual,jennifer.lopez354@outlook.com,,0
33422,Mary Martin,mary.martin367@gmail.com,Analytics Dashboard,Refund Request,I am experiencing very slow performance while using the dashboard.,The issue was escalated to engineering and resolved in the latest patch.,High,Resolved,Social Media,North America,28,Male,Basic,38,9,2,46.73,138.99,2022-12-18,2022-12-21,Yes,No,iOS,Edge,Debit Card,Chinese,Night,3,Small Business,mary.martin367@gmail.com,,0
180996,John Jackson,john.jackson978@icloud.com,Subscription Service,Subscription Cancellation,I am unable to access my account after entering the correct credentials.,Payment gateway timeout issue fixed and monitoring implemented.,Urgent,Closed,Web Form,Australia,63,Female,Enterprise,45,5,1,19.51,218.08,2022-07-04,2022-07-16,No,No,Windows,Edge,Bank Transfer,Spanish,Night,6,Individual,john.jackson978@icloud.com,,0
182219,David Jones,david.jones60@yahoo.com,Billing System,Login Issue,I am unable to access my account after entering the correct credentials.,Explained billing breakdown and clarified applicable charges.,Medium,Open,Social Media,Africa,21,Other,Free,34,11,5,14.78,230.06,2023-10-30,2023-10-30,Yes,Yes,Windows,Chrome,Crypto,French,Afternoon,6,Individual,david.jones60@yahoo.com,,0
153701,Karen Garcia,karen.garcia647@icloud.com,Subscription Service,Refund Request,The system is not syncing data across devices properly.,Provided step-by-step troubleshooting instructions and issue resolved.,Low,Open,Phone,Africa,33,Male,Enterprise,22,17,2,23.36,209.58,2022-01-08,2022-01-13,Yes,Yes,MacOS,Firefox,Bank Transfer,English,Night,2,Corporate,karen.garcia647@icloud.com,,0
169040,Charles Jones,charles.jones251@icloud.com,Web Portal,Data Sync Issue,I would like to request a refund for the recent charge.,Explained billing breakdown and clarified applicable charges.,Low,Closed,Phone,North America,68,Male,Free,17,15,1,17.81,8.88,2022-10-19,2022-10-22,No,Yes,Android,Edge,Bank Transfer,Chinese,Afternoon,1,Individual,charles.jones251@icloud.com,,0
134126,Karen Garcia,karen.garcia857@outlook.com,Analytics Dashboard,Bug Report,I am unable to access my account after entering the correct credentials.,Explained billing breakdown and clarified applicable charges.,Medium,In Progress,Chat,Europe,18,Other,Enterprise,13,9,1,39.79,121.64,2023-08-21,2023-08-26,No,No,Windows,Unknown,Bank Transfer,English,Morning,7,Corporate,karen.garcia857@outlook.com,,0
190757,Jessica Garcia,jessica.garcia85@outlook.com,Billing System,Login Issue,I am unable to access my account after entering the correct credentials.,Data synchronization restored after backend service restart.,Medium,Resolved,Web Form,Australia,27,Female,Enterprise,50,12,3,28.39,107.03,2024-04-28,2024-05-11,No,No,Linux,Edge,Bank Transfer,Japanese,Evening,10,Corporate,jessica.garcia85@outlook.com,,0
179762,John Moore,john.moore420@company.com,Mobile App,Refund Request,I am experiencing very slow performance while using the dashboard.,Data synchronization restored after backend service restart.,High,Closed,Phone,North America,38,Male,Premium,59,20,2,50.51,1.21,2022-07-25,2022-08-03,No,Yes,Android,Firefox,Credit Card,Japanese,Afternoon,6,Corporate,john.moore420@company.com,,0
17285,Jessica Martin,jessica.martin199@gmail.com,Payment Gateway,Data Sync Issue,The application crashes whenever I try to upload a file.,Payment gateway timeout issue fixed and monitoring implemented.,Urgent,Open,Email,Africa,73,Other,Enterprise,4,12,5,56.32,60.09,2024-06-08,2024-06-19,Yes,No,MacOS,Unknown,Crypto,German,Afternoon,1,Small Business,jessica.martin199@gmail.com,,0
92334,Joseph Taylor,joseph.taylor876@outlook.com,Payment Gateway,Feature Request,I would like to request a refund for the recent charge.,Payment gateway timeout issue fixed and monitoring implemented.,Medium,Resolved,Email,Australia,54,Male,Enterprise,20,17,3,37.47,43.73,2022-10-30,2022-11-13,No,Yes,iOS,Safari,Debit Card,Chinese,Afternoon,8,Corporate,joseph.taylor876@outlook.com,,0
54025,Mary Martin,mary.martin331@hotmail.com,Subscription Service,Subscription Cancellation,I am unable to access my account after entering the correct credentials.,The issue was escalated to engineering and resolved in the latest patch.,High,Pending Customer,Web Form,Europe,45,Male,Basic,4,4,3,67.62,108.8,2022-08-10,2022-08-17,Yes,Yes,MacOS,Chrome,Debit Card,Chinese,Afternoon,7,Small Business,mary.martin331@hotmail.com,,0
16987,Michael Williams,michael.williams919@yahoo.com,Web Portal,Security Concern,I am unable to access my account after entering the correct credentials.,Explained billing breakdown and clarified applicable charges.,Low,Open,Chat,South America,28,Female,Premium,44,8,4,39.94,74.09,2023-10-18,2023-10-25,No,Yes,Windows,Chrome,Debit Card,French,Morning,2,Individual,michael.williams919@yahoo.com,,0
48435,Sarah Taylor,sarah.taylor859@gmail.com,Analytics Dashboard,Security Concern,The system is not syncing data across devices properly.,Bug logged internally and workaround shared with the customer.,High,In Progress,Email,Africa,51,Other,Basic,8,12,3,6.94,215.3,2022-06-15,2022-06-22,No,Yes,iOS,Safari,PayPal,Spanish,Afternoon,7,Small Business,sarah.taylor859@gmail.com,,0
142605,James Moore,james.moore528@gmail.com,Subscription Service,Bug Report,There seems to be a discrepancy in my billing statement for this month.,The issue was escalated to engineering and resolved in the latest patch.,Medium,Closed,Email,Australia,53,Male,Free,10,8,1,17.91,103.46,2023-07-27,2023-07-28,No,No,Windows,Unknown,PayPal,Spanish,Night,1,Individual,james.moore528@gmail.com,,0
13990,Joseph Hernandez,joseph.hernandez990@company.com,Billing System,Login Issue,The payment was deducted from my bank account but the transaction shows failed.,We have reset the account credentials and advised the customer to retry login.,Medium,In Progress,Social Media,South America,19,Other,Premium,15,5,3,55.15,8.98,2022-07-24,2022-07-26,No,No,Windows,Firefox,Credit Card,Chinese,Night,5,Small Business,joseph.hernandez990@company.com,,0
46724,William Taylor,william.taylor282@icloud.com,Analytics Dashboard,Payment Problem,I found a bug in the latest update affecting report generation.,We have reset the account credentials and advised the customer to retry login.,High,Resolved,Email,Africa,54,Male,Premium,9,10,5,60.5,71.48,2024-02-09,2024-02-16,Yes,Yes,Windows,Firefox,PayPal,Japanese,Morning,7,Small Business,william.taylor282@icloud.com,,0
63573,Linda Davis,linda.davis4@company.com,Analytics Dashboard,Account Suspension,I am experiencing very slow performance while using the dashboard.,We have reset the account credentials and advised the customer to retry login.,Urgent,Pending Customer,Web Form,Australia,73,Male,Basic,8,18,2,46.27,27.93,2023-07-31,2023-08-07,No,No,iOS,Firefox,Crypto,Chinese,Evening,6,Corporate,linda.davis4@company.com,,0
162493,Thomas Martinez,thomas.martinez234@yahoo.com,CRM Platform,Subscription Cancellation,Two-factor authentication codes are not being delivered to my phone.,Security settings updated and customer notified of precautionary measures.,Low,Open,Social Media,Africa,18,Male,Basic,10,1,4,31.18,143.93,2023-06-09,2023-06-12,Yes,No,Android,Chrome,Bank Transfer,German,Afternoon,2,Small Business,thomas.martinez234@yahoo.com,,0
165214,Barbara Smith,barbara.smith752@yahoo.com,CRM Platform,Account Suspension,The system is not syncing data across devices properly.,Provided step-by-step troubleshooting instructions and issue resolved.,High,Open,Web Form,Asia,47,Female,Basic,55,4,2,36.4,21.49,2024-10-02,2024-10-03,No,No,MacOS,Edge,PayPal,Japanese,Afternoon,4,Individual,barbara.smith752@yahoo.com,,0
198139,Karen Brown,karen.brown983@gmail.com,Analytics Dashboard,Login Issue,Two-factor authentication codes are not being delivered to my phone.,Bug logged internally and workaround shared with the customer.,High,Closed,Email,Asia,73,Other,Free,29,19,2,35.91,4.51,2024-09-01,2024-09-10,Yes,Yes,Android,Safari,PayPal,Chinese,Morning,8,Individual,karen.brown983@gmail.com,,0
9606,Barbara Martinez,barbara.martinez368@company.com,Billing System,Data Sync Issue,My subscription was cancelled without my request and I need clarification.,Data synchronization restored after backend service restart.,Medium,In Progress,Social Media,North America,33,Other,Basic,32,13,2,54.17,125.29,2024-08-03,2024-08-11,No,Yes,iOS,Firefox,Credit Card,Spanish,Night,8,Small Business,barbara.martinez368@company.com,,0
118492,David Martinez,david.martinez196@gmail.com,API Service,Security Concern,The application crashes whenever I try to upload a file.,We have reset the account credentials and advised the customer to retry login.,Medium,Pending Customer,Phone,North America,18,Male,Premium,49,0,2,2.56,218.98,2023-08-05,2023-08-06,No,No,Windows,Chrome,PayPal,French,Evening,3,Corporate,david.martinez196@gmail.com,,0
89611,Charles Jackson,charles.jackson102@icloud.com,Web Portal,Bug Report,I would like to request a refund for the recent charge.,Subscription status corrected and confirmation email sent to customer.,Medium,Open,Chat,South America,31,Other,Free,30,18,5,2.51,94.96,2022-11-23,2022-12-04,Yes,No,Windows,Edge,PayPal,Chinese,Morning,8,Corporate,charles.jackson102@icloud.com,,0
4020,Karen Smith,karen.smith129@company.com,Subscription Service,Account Suspension,The application crashes whenever I try to upload a file.,The issue was escalated to engineering and resolved in the latest patch.,Urgent,Resolved,Web Form,Australia,32,Other,Free,26,16,2,5.24,36.27,2023-08-16,2023-08-23,No,No,Windows,Edge,Credit Card,Chinese,Morning,6,Corporate,karen.smith129@company.com,,0
88501,Patricia Johnson,patricia.johnson571@yahoo.com,E-commerce Store,Subscription Cancellation,The payment was deducted from my bank account but the transaction shows failed.,Explained billing breakdown and clarified applicable charges.,Urgent,Resolved,Phone,Asia,18,Other,Basic,36,18,2,43.99,70.77,2022-11-21,2022-12-01,Yes,No,Linux,Chrome,PayPal,Japanese,Evening,8,Small Business,patricia.johnson571@yahoo.com,,0
184997,Sarah Martin,sarah.martin575@gmail.com,Payment Gateway,Refund Request,My subscription was cancelled without my request and I need clarification.,Bug logged internally and workaround shared with the customer.,Low,Open,Social Media,Australia,41,Other,Premium,28,7,4,20.43,68.26,2023-11-26,2023-11-30,Yes,Yes,Windows,Safari,Bank Transfer,French,Night,8,Individual,sarah.martin575@gmail.com,,0
32323,Mary Martinez,mary.martinez670@company.com,E-commerce Store,Login Issue,I am experiencing very slow performance while using the dashboard.,The duplicate charge was reversed and refund processed within 3-5 business days.,Urgent,In Progress,Chat,North America,39,Female,Free,43,20,4,68.6,71.69,2023-05-08,2023-05-20,Yes,No,iOS,Chrome,Debit Card,English,Morning,4,Corporate,mary.martinez670@company.com,,0
159153,David Jackson,david.jackson936@yahoo.com,Analytics Dashboard,Performance Issue,Two-factor authentication codes are not being delivered to my phone.,Security settings updated and customer notified of precautionary measures.,High,Closed,Chat,Africa,35,Male,Basic,29,3,2,13.68,157.11,2022-08-13,2022-08-23,Yes,Yes,iOS,Firefox,Debit Card,Japanese,Night,4,Corporate,david.jackson936@yahoo.com,,0
86589,Joseph Davis,joseph.davis236@outlook.com,Payment Gateway,Account Suspension,The payment was deducted from my bank account but the transaction shows failed.,We have reset the account credentials and advised the customer to retry login.,High,Pending Customer,Social Media,Asia,41,Other,Enterprise,34,3,3,67.36,196.85,2023-10-16,2023-10-29,No,Yes,Windows,Firefox,Debit Card,German,Afternoon,3,Small Business,joseph.davis236@outlook.com,,0
88846,Thomas Smith,thomas.smith840@icloud.com,Analytics Dashboard,Performance Issue,The payment was deducted from my bank account but the transaction shows failed.,Data synchronization restored after backend service restart.,Medium,Closed,Email,Africa,24,Other,Premium,34,18,5,26.55,23.11,2024-01-26,2024-02-09,Yes,Yes,Windows,Safari,Crypto,Spanish,Evening,3,Individual,thomas.smith840@icloud.com,,0
56913,Barbara Anderson,barbara.anderson767@icloud.com,Cloud Storage,Performance Issue,I am unable to access my account after entering the correct credentials.,Bug logged internally and workaround shared with the customer.,Low,In Progress,Email,Europe,22,Male,Free,29,5,5,26.31,227.55,2023-10-23,2023-10-29,Yes,No,Linux,Chrome,Debit Card,English,Evening,1,Corporate,barbara.anderson767@icloud.com,,0
44834,Barbara Lopez,barbara.lopez352@hotmail.com,Cloud Storage,Feature Request,I am unable to access my account after entering the correct credentials.,Payment gateway timeout issue fixed and monitoring implemented.,Urgent,In Progress,Web Form,Asia,61,Female,Basic,53,9,4,30.74,121.46,2022-02-26,2022-02-27,No,Yes,MacOS,Edge,Crypto,Japanese,Evening,10,Individual,barbara.lopez352@hotmail.com,,0
51921,Charles Smith,charles.smith599@hotmail.com,E-commerce Store,Account Suspension,Two-factor authentication codes are not being delivered to my phone.,The issue was escalated to engineering and resolved in the latest patch.,High,Open,Chat,North America,44,Other,Basic,51,1,5,42.69,18.6,2024-04-12,2024-04-26,No,No,Android,Firefox,Crypto,Chinese,Morning,7,Small Business,charles.smith599@hotmail.com,,0
132977,Jessica Moore,jessica.moore998@icloud.com,Mobile App,Refund Request,My subscription was cancelled without my request and I need clarification.,We have reset the account credentials and advised the customer to retry login.,Urgent,In Progress,Email,Australia,33,Male,Basic,8,9,3,17.15,69.12,2024-06-20,2024-07-02,Yes,Yes,Android,Edge,PayPal,French,Night,10,Small Business,jessica.moore998@icloud.com,,0
3741,William Miller,william.miller16@company.com,E-commerce Store,Refund Request,The system is not syncing data across devices properly.,Security settings updated and customer notified of precautionary measures.,High,Pending Customer,Email,Africa,30,Male,Basic,47,1,4,5.59,130.58,2023-06-23,2023-07-02,No,Yes,Android,Edge,PayPal,Chinese,Afternoon,9,Small Business,william.miller16@company.com,,0
168833,Thomas Jones,thomas.jones705@hotmail.com,E-commerce Store,Data Sync Issue,I would like to request a refund for the recent charge.,Security settings updated and customer notified of precautionary measures.,Urgent,Pending Customer,Social Media,Europe,54,Other,Enterprise,6,13,3,38.33,130.52,2023-08-20,2023-09-03,Yes,Yes,MacOS,Chrome,Debit Card,German,Evening,8,Individual,thomas.jones705@hotmail.com,,0
134176,Linda Smith,linda.smith664@outlook.com,Web Portal,Login Issue,I am experiencing very slow performance while using the dashboard.,Security settings updated and customer notified of precautionary measures.,Low,Resolved,Phone,Africa,23,Female,Enterprise,34,2,2,70.44,210.44,2024-06-11,2024-06-14,No,Yes,iOS,Safari,Credit Card,German,Evening,9,Individual,linda.smith664@outlook.com,,0
130935,Susan Miller,susan.miller759@yahoo.com,CRM Platform,Performance Issue,I am experiencing very slow performance while using the dashboard.,Security settings updated and customer notified of precautionary measures.,Medium,Closed,Phone,Africa,67,Female,Free,18,14,2,34.99,235.85,2022-05-16,2022-05-20,Yes,Yes,iOS,Safari,Debit Card,German,Night,1,Small Business,susan.miller759@yahoo.com,,0
11020,Michael Wilson,michael.wilson291@gmail.com,E-commerce Store,Subscription Cancellation,The payment was deducted from my bank account but the transaction shows failed.,Provided step-by-step troubleshooting instructions and issue resolved.,Low,Resolved,Chat,North America,44,Male,Enterprise,60,17,1,54.51,194.15,2024-06-03,2024-06-12,No,No,Android,Chrome,Crypto,English,Morning,8,Small Business,michael.wilson291@gmail.com,,0
41741,Charles Gonzalez,charles.gonzalez374@hotmail.com,Payment Gateway,Subscription Cancellation,The payment was deducted from my bank account but the transaction shows failed.,Subscription status corrected and confirmation email sent to customer.,Low,Pending Customer,Email,Europe,22,Male,Basic,10,3,3,50.62,48.95,2024-10-13,2024-10-15,Yes,No,MacOS,Edge,PayPal,English,Afternoon,2,Small Business,charles.gonzalez374@hotmail.com,,0
197388,Charles Gonzalez,charles.gonzalez914@yahoo.com,Cloud Storage,Security Concern,Two-factor authentication codes are not being delivered to my phone.,Subscription status corrected and confirmation email sent to customer.,Medium,Closed,Web Form,Asia,50,Female,Enterprise,34,0,5,48.49,102.79,2023-10-27,2023-11-10,No,Yes,iOS,Safari,Crypto,Japanese,Night,1,Small Business,charles.gonzalez914@yahoo.com,,0
115464,Jennifer Smith,jennifer.smith624@outlook.com,Analytics Dashboard,Data Sync Issue,The application crashes whenever I try to upload a file.,Data synchronization restored after backend service restart.,High,Closed,Social Media,North America,37,Male,Basic,59,4,1,51.03,67.62,2023-02-28,2023-03-11,No,Yes,Linux,Unknown,Crypto,English,Afternoon,10,Corporate,jennifer.smith624@outlook.com,,0
86880,Jessica Thomas,jessica.thomas509@company.com,API Service,Bug Report,There seems to be a discrepancy in my billing statement for this month.,We have reset the account credentials and advised the customer to retry login.,Low,In Progress,Web Form,Europe,43,Male,Basic,46,5,4,65.01,4.27,2022-07-16,2022-07-30,Yes,No,MacOS,Chrome,Bank Transfer,French,Evening,9,Corporate,jessica.thomas509@company.com,,0
4620,Jessica Garcia,jessica.garcia391@yahoo.com,Subscription Service,Feature Request,The payment was deducted from my bank account but the transaction shows failed.,The issue was escalated to engineering and resolved in the latest patch.,Low,Pending Customer,Chat,Asia,56,Female,Enterprise,37,2,3,54.22,29.62,2022-03-17,2022-03-24,Yes,No,Windows,Edge,Crypto,Spanish,Morning,1,Individual,jessica.garcia391@yahoo.com,,0
7566,William Taylor,william.taylor808@company.com,Mobile App,Login Issue,The payment was deducted from my bank account but the transaction shows failed.,We have reset the account credentials and advised the customer to retry login.,High,Resolved,Email,Australia,51,Female,Premium,18,20,5,28.6,65.01,2022-03-22,2022-03-25,Yes,Yes,Linux,Unknown,Crypto,Chinese,Afternoon,1,Small Business,william.taylor808@company.com,,0
114722,John Rodriguez,john.rodriguez574@hotmail.com,E-commerce Store,Account Suspension,I am unable to access my account after entering the correct credentials.,The duplicate charge was reversed and refund processed within 3-5 business days.,Urgent,Open,Email,Europe,23,Other,Premium,1,4,4,29.78,97.93,2023-10-14,2023-10-24,Yes,No,iOS,Chrome,Bank Transfer,Spanish,Morning,5,Corporate,john.rodriguez574@hotmail.com,,0
120483,Charles Davis,charles.davis220@outlook.com,Billing System,Account Suspension,Two-factor authentication codes are not being delivered to my phone.,Provided step-by-step troubleshooting instructions and issue resolved.,Medium,In Progress,Email,Africa,25,Male,Basic,22,16,4,15.68,8.88,2023-08-13,2023-08-26,No,No,Android,Chrome,Credit Card,Spanish,Afternoon,3,Small Business,charles.davis220@outlook.com,,0
50832,William Davis,william.davis306@icloud.com,Mobile App,Payment Problem,The application crashes whenever I try to upload a file.,Bug logged internally and workaround shared with the customer.,Medium,Resolved,Social Media,North America,68,Other,Basic,20,18,1,15.36,113.6,2024-06-15,2024-06-29,Yes,Yes,iOS,Chrome,Debit Card,German,Night,1,Individual,william.davis306@icloud.com,,0
43046,John Brown,john.brown542@icloud.com,Billing System,Account Suspension,I would like to request a refund for the recent charge.,Explained billing breakdown and clarified applicable charges.,Low,In Progress,Social Media,Australia,75,Male,Free,42,4,2,23.44,114.55,2022-01-30,2022-02-05,No,No,MacOS,Safari,Crypto,English,Night,1,Small Business,john.brown542@icloud.com,,0
4213,Linda Brown,linda.brown795@company.com,Subscription Service,Payment Problem,I am experiencing very slow performance while using the dashboard.,Security settings updated and customer notified of precautionary measures.,Urgent,Pending Customer,Web Form,North America,38,Female,Basic,54,11,3,63.52,45.54,2024-03-21,2024-04-02,No,Yes,iOS,Chrome,Crypto,German,Evening,2,Small Business,linda.brown795@company.com,,0
184229,Elizabeth Brown,elizabeth.brown238@icloud.com,Payment Gateway,Payment Problem,I found a bug in the latest update affecting report generation.,The issue was escalated to engineering and resolved in the latest patch.,Low,Pending Customer,Email,Asia,34,Male,Enterprise,7,7,5,35.25,5.89,2024-06-05,2024-06-13,No,Yes,iOS,Edge,Bank Transfer,Chinese,Afternoon,9,Corporate,elizabeth.brown238@icloud.com,,0
20363,Sarah Rodriguez,sarah.rodriguez385@hotmail.com,Web Portal,Payment Problem,The system is not syncing data across devices properly.,Security settings updated and customer notified of precautionary measures.,High,Closed,Web Form,Australia,32,Other,Free,57,4,4,55.38,196.82,2022-07-02,2022-07-06,Yes,No,MacOS,Safari,Debit Card,Japanese,Evening,8,Small Business,sarah.rodriguez385@hotmail.com,,0
100310,James Gonzalez,james.gonzalez795@icloud.com,Cloud Storage,Feature Request,The system is not syncing data across devices properly.,Data synchronization restored after backend service restart.,High,Pending Customer,Phone,Africa,74,Male,Enterprise,4,12,1,27.22,19.36,2024-07-30,2024-08-02,No,Yes,Windows,Unknown,PayPal,French,Morning,1,Small Business,james.gonzalez795@icloud.com,,0
90645,Charles Smith,charles.smith125@icloud.com,Billing System,Login Issue,I found a bug in the latest update affecting report generation.,Provided step-by-step troubleshooting instructions and issue resolved.,Urgent,Resolved,Chat,North America,29,Female,Free,22,9,3,29.72,31.63,2024-05-28,2024-06-09,Yes,Yes,Android,Chrome,Debit Card,Japanese,Night,4,Small Business,charles.smith125@icloud.com,,0
122631,Charles Jackson,charles.jackson252@company.com,Cloud Storage,Bug Report,There seems to be a discrepancy in my billing statement for this month.,Bug logged internally and workaround shared with the customer.,Medium,Pending Customer,Email,Africa,19,Male,Free,60,20,4,10.0,55.47,2023-03-04,2023-03-10,Yes,Yes,Linux,Safari,PayPal,Spanish,Afternoon,1,Individual,charles.jackson252@company.com,,0
137018,Karen Jackson,karen.jackson363@yahoo.com,Billing System,Security Concern,I found a bug in the latest update affecting report generation.,The issue was escalated to engineering and resolved in the latest patch.,High,Closed,Web Form,North America,50,Male,Free,42,6,1,31.98,85.72,2022-08-04,2022-08-12,No,No,MacOS,Firefox,PayPal,German,Afternoon,3,Individual,karen.jackson363@yahoo.com,,0
93875,Joseph Martinez,joseph.martinez992@outlook.com,CRM Platform,Security Concern,The application crashes whenever I try to upload a file.,The duplicate charge was reversed and refund processed within 3-5 business days.,High,Resolved,Phone,Africa,71,Male,Basic,52,13,5,23.92,78.92,2024-01-16,2024-01-23,No,No,Linux,Safari,Bank Transfer,Japanese,Morning,3,Individual,joseph.martinez992@outlook.com,,0
72578,Patricia Hernandez,patricia.hernandez338@outlook.com,E-commerce Store,Login Issue,There seems to be a discrepancy in my billing statement for this month.,Security settings updated and customer notified of precautionary measures.,High,Resolved,Web Form,Australia,57,Male,Basic,53,9,4,61.26,192.11,2023-10-03,2023-10-17,Yes,Yes,Android,Safari,Bank Transfer,Japanese,Night,10,Individual,patricia.hernandez338@outlook.com,,0
111667,Jessica Moore,jessica.moore866@icloud.com,API Service,Subscription Cancellation,I found a bug in the latest update affecting report generation.,The duplicate charge was reversed and refund processed within 3-5 business days.,Low,Pending Customer,Web Form,Australia,26,Female,Basic,54,18,1,4.44,37.57,2024-06-24,2024-07-01,No,No,Linux,Unknown,Credit Card,French,Evening,1,Small Business,jessica.moore866@icloud.com,,0
120109,James Thomas,james.thomas441@icloud.com,Billing System,Login Issue,The application crashes whenever I try to upload a file.,Explained billing breakdown and clarified applicable charges.,High,Closed,Chat,Australia,40,Other,Enterprise,3,20,1,24.79,213.56,2022-12-07,2022-12-15,Yes,Yes,MacOS,Safari,Credit Card,German,Morning,9,Individual,james.thomas441@icloud.com,,0
5745,Michael Lopez,michael.lopez8@outlook.com,Analytics Dashboard,Payment Problem,There seems to be a discrepancy in my billing statement for this month.,We have reset the account credentials and advised the customer to retry login.,High,Closed,Email,Europe,21,Other,Enterprise,10,19,2,15.51,230.05,2022-07-17,2022-07-26,No,No,Linux,Chrome,Debit Card,French,Night,3,Corporate,michael.lopez8@outlook.com,,0
181845,Elizabeth Wilson,elizabeth.wilson121@outlook.com,Analytics Dashboard,Data Sync Issue,The system is not syncing data across devices properly.,Security settings updated and customer notified of precautionary measures.,Urgent,Resolved,Chat,Australia,41,Other,Enterprise,52,18,3,57.92,15.18,2022-03-03,2022-03-03,No,Yes,iOS,Safari,Bank Transfer,Chinese,Morning,10,Individual,elizabeth.wilson121@outlook.com,,0
48057,Thomas Jones,thomas.jones135@yahoo.com,Cloud Storage,Login Issue,The payment was deducted from my bank account but the transaction shows failed.,Subscription status corrected and confirmation email sent to customer.,High,Resolved,Phone,Australia,22,Female,Basic,4,19,5,44.5,113.32,2024-04-03,2024-04-08,No,No,iOS,Edge,Credit Card,Spanish,Afternoon,9,Corporate,thomas.jones135@yahoo.com,,0
49505,Joseph Johnson,joseph.johnson296@hotmail.com,Payment Gateway,Performance Issue,My subscription was cancelled without my request and I need clarification.,Bug logged internally and workaround shared with the customer.,Low,In Progress,Chat,Africa,40,Other,Basic,30,15,1,7.51,217.88,2022-10-31,2022-11-11,No,No,Windows,Firefox,Bank Transfer,Spanish,Afternoon,7,Small Business,joseph.johnson296@hotmail.com,,0
88775,Charles Garcia,charles.garcia567@yahoo.com,CRM Platform,Account Suspension,There seems to be a discrepancy in my billing statement for this month.,Security settings updated and customer notified of precautionary measures.,High,Pending Customer,Phone,Africa,29,Other,Free,29,19,3,30.68,12.61,2022-06-01,2022-06-12,No,Yes,Android,Edge,Credit Card,Japanese,Morning,2,Corporate,charles.garcia567@yahoo.com,,0
21351,Robert Lopez,robert.lopez857@hotmail.com,CRM Platform,Login Issue,The application crashes whenever I try to upload a file.,The issue was escalated to engineering and resolved in the latest patch.,Medium,Open,Social Media,North America,34,Other,Premium,47,20,4,16.56,210.95,2022-07-15,2022-07-19,Yes,No,Linux,Safari,PayPal,Chinese,Morning,8,Corporate,robert.lopez857@hotmail.com,,0
39358,Richard Thomas,richard.thomas950@company.com,API Service,Data Sync Issue,The payment was deducted from my bank account but the transaction shows failed.,Explained billing breakdown and clarified applicable charges.,Low,Pending Customer,Web Form,Africa,49,Female,Enterprise,40,9,1,4.29,188.18,2024-03-20,2024-04-03,No,No,Linux,Safari,PayPal,German,Night,1,Corporate,richard.thomas950@company.com,,0
96487,Richard Garcia,richard.garcia606@yahoo.com,Mobile App,Login Issue,I am unable to access my account after entering the correct credentials.,Explained billing breakdown and clarified applicable charges.,Low,Resolved,Web Form,Asia,26,Other,Free,38,20,1,4.61,66.63,2022-01-03,2022-01-11,Yes,No,iOS,Edge,Bank Transfer,German,Morning,8,Individual,richard.garcia606@yahoo.com,,0
40103,Thomas Thomas,thomas.thomas875@company.com,Payment Gateway,Bug Report,There seems to be a discrepancy in my billing statement for this month.,The issue was escalated to engineering and resolved in the latest patch.,Low,Resolved,Chat,North America,40,Female,Free,34,16,3,9.49,151.28,2024-11-11,2024-11-15,Yes,No,Linux,Unknown,Credit Card,German,Afternoon,9,Small Business,thomas.thomas875@company.com,,0
107606,James Moore,james.moore583@outlook.com,Payment Gateway,Security Concern,The payment was deducted from my bank account but the transaction shows failed.,We have reset the account credentials and advised the customer to retry login.,Medium,In Progress,Chat,Asia,67,Other,Enterprise,24,18,2,1.7,114.61,2022-06-22,2022-06-23,Yes,No,iOS,Unknown,Crypto,German,Evening,10,Individual,james.moore583@outlook.com,,0
17424,James Smith,james.smith624@company.com,Cloud Storage,Data Sync Issue,I am unable to access my account after entering the correct credentials.,Bug logged internally and workaround shared with the customer.,High,Pending Customer,Phone,Europe,73,Female,Free,8,7,3,67.71,59.93,2023-09-30,2023-10-02,Yes,Yes,MacOS,Unknown,PayPal,Japanese,Morning,4,Small Business,james.smith624@company.com,,0
148009,Linda Rodriguez,linda.rodriguez111@icloud.com,Payment Gateway,Feature Request,The payment was deducted from my bank account but the transaction shows failed.,The issue was escalated to engineering and resolved in the latest patch.,Low,Closed,Social Media,North America,46,Male,Basic,25,10,3,61.39,164.34,2024-04-01,2024-04-14,No,Yes,iOS,Unknown,Debit Card,German,Morning,3,Small Business,linda.rodriguez111@icloud.com,,0
181224,Karen Jackson,karen.jackson86@hotmail.com,Web Portal,Subscription Cancellation,I am unable to access my account after entering the correct credentials.,The duplicate charge was reversed and refund processed within 3-5 business days.,Medium,In Progress,Web Form,North America,44,Male,Free,55,9,4,3.65,54.56,2023-06-13,2023-06-22,Yes,Yes,iOS,Unknown,Debit Card,German,Evening,2,Individual,karen.jackson86@hotmail.com,,0
32760,Mary Brown,mary.brown307@hotmail.com,Cloud Storage,Subscription Cancellation,The payment was deducted from my bank account but the transaction shows failed.,The duplicate charge was reversed and refund processed within 3-5 business days.,Medium,Pending Customer,Email,Asia,49,Other,Enterprise,4,13,1,21.35,216.64,2024-06-09,2024-06-14,Yes,No,MacOS,Safari,Debit Card,Japanese,Evening,2,Corporate,mary.brown307@hotmail.com,,0
99092,Robert Johnson,robert.johnson574@yahoo.com,Subscription Service,Performance Issue,The payment was deducted from my bank account but the transaction shows failed.,Subscription status corrected and confirmation email sent to customer.,High,Pending Customer,Web Form,Australia,50,Other,Enterprise,55,15,3,50.82,62.29,2022-06-13,2022-06-17,No,Yes,Linux,Unknown,Credit Card,French,Afternoon,2,Individual,robert.johnson574@yahoo.com,,0
61259,Charles Garcia,charles.garcia289@yahoo.com,Subscription Service,Performance Issue,I would like to request a refund for the recent charge.,Explained billing breakdown and clarified applicable charges.,High,Open,Social Media,Australia,23,Male,Free,52,7,4,25.77,166.68,2023-06-28,2023-07-12,No,No,Windows,Safari,Credit Card,English,Evening,9,Corporate,charles.garcia289@yahoo.com,,0
79749,Jennifer Jones,jennifer.jones678@outlook.com,Subscription Service,Refund Request,I found a bug in the latest update affecting report generation.,Subscription status corrected and confirmation email sent to customer.,Urgent,Pending Customer,Web Form,Australia,18,Other,Premium,12,2,4,1.02,75.66,2022-10-04,2022-10-07,Yes,Yes,Windows,Firefox,Credit Card,Spanish,Evening,7,Small Business,jennifer.jones678@outlook.com,,0
187009,John Jackson,john.jackson250@company.com,Mobile App,Payment Problem,My subscription was cancelled without my request and I need clarification.,We have reset the account credentials and advised the customer to retry login.,Urgent,Resolved,Email,Australia,57,Female,Premium,12,13,1,9.2,207.6,2022-11-05,2022-11-12,No,Yes,MacOS,Chrome,Debit Card,English,Morning,10,Individual,john.jackson250@company.com,,0
15990,Linda Hernandez,linda.hernandez743@hotmail.com,E-commerce Store,Feature Request,There seems to be a discrepancy in my billing statement for this month.,We have reset the account credentials and advised the customer to retry login.,Low,In Progress,Phone,South America,53,Other,Premium,3,7,4,20.89,232.26,2022-04-13,2022-04-24,No,Yes,Linux,Safari,Bank Transfer,Chinese,Night,5,Small Business,linda.hernandez743@hotmail.com,,0
164312,David Rodriguez,david.rodriguez953@gmail.com,Billing System,Performance Issue,I found a bug in the latest update affecting report generation.,Bug logged internally and workaround shared with the customer.,Urgent,Pending Customer,Phone,Australia,39,Female,Basic,53,19,3,42.16,126.38,2024-04-17,2024-04-21,No,Yes,Linux,Edge,Bank Transfer,Spanish,Morning,2,Individual,david.rodriguez953@gmail.com,,0
63028,James Lopez,james.lopez298@company.com,CRM Platform,Payment Problem,The application crashes whenever I try to upload a file.,Provided step-by-step troubleshooting instructions and issue resolved.,Urgent,Resolved,Phone,North America,75,Other,Enterprise,4,13,3,5.67,237.51,2023-05-26,2023-05-29,No,Yes,Windows,Firefox,Crypto,English,Night,5,Corporate,james.lopez298@company.com,,0
106215,Richard Lopez,richard.lopez442@outlook.com,Analytics Dashboard,Payment Problem,Two-factor authentication codes are not being delivered to my phone.,The issue was escalated to engineering and resolved in the latest patch.,Medium,Pending Customer,Social Media,Europe,40,Male,Basic,6,17,3,60.26,39.44,2024-06-11,2024-06-15,No,Yes,Android,Firefox,Credit Card,Chinese,Morning,5,Small Business,richard.lopez442@outlook.com,2022-10-31,0
106246,John Wilson,john.wilson718@icloud.com,CRM Platform,Feature Request,The application crashes whenever I try to upload a file.,Subscription status corrected and confirmation email sent to customer.,Urgent,Open,Web Form,Asia,64,Other,Free,44,4,5,20.27,146.89,2024-07-24,2024-08-01,Yes,No,Linux,Chrome,Debit Card,German,Evening,1,Corporate,john.wilson718@icloud.com,,0
100248,John Johnson,john.johnson855@yahoo.com,CRM Platform,Login Issue,I am unable to access my account after entering the correct credentials.,Bug logged internally and workaround shared with the customer.,Medium,In Progress,Email,Europe,44,Male,Basic,26,15,5,35.73,198.36,2024-03-12,2024-03-19,No,Yes,Android,Unknown,PayPal,English,Afternoon,3,Corporate,john.johnson855@yahoo.com,,0
180945,Barbara Hernandez,barbara.hernandez300@company.com,Cloud Storage,Refund Request,The system is not syncing data across devices properly.,The duplicate charge was reversed and refund processed within 3-5 business days.,Low,In Progress,Phone,Australia,37,Male,Premium,15,1,2,63.21,194.52,2023-03-05,2023-03-18,Yes,No,Windows,Safari,Debit Card,German,Evening,6,Corporate,barbara.hernandez300@company.com,,0
544,Susan Thomas,susan.thomas35@outlook.com,Web Portal,Refund Request,The payment was deducted from my bank account but the transaction shows failed.,The duplicate charge was reversed and refund processed within 3-5 business days.,High,Pending Customer,Web Form,South America,50,Male,Basic,8,0,2,6.68,45.64,2024-06-12,2024-06-20,Yes,No,Linux,Safari,Crypto,French,Night,2,Corporate,susan.thomas35@outlook.com,,0
39691,Thomas Anderson,thomas.anderson934@outlook.com,Mobile App,Feature Request,I found a bug in the latest update affecting report generation.,We have reset the account credentials and advised the customer to retry login.,Urgent,Closed,Social Media,Australia,55,Male,Free,57,3,2,9.4,46.77,2022-07-26,2022-07-26,Yes,No,iOS,Firefox,Debit Card,French,Evening,3,Small Business,thomas.anderson934@outlook.com,,0
161176,Linda Martinez,linda.martinez595@outlook.com,Cloud Storage,Security Concern,Two-factor authentication codes are not being delivered to my phone.,The issue was escalated to engineering and resolved in the latest patch.,Low,Closed,Chat,South America,33,Other,Free,28,13,4,2.68,8.29,2022-09-18,2022-09-26,Yes,Yes,Android,Edge,Debit Card,French,Evening,3,Individual,linda.martinez595@outlook.com,,0
41768,John Lopez,john.lopez309@company.com,API Service,Account Suspension,I am unable to access my account after entering the correct credentials.,Subscription status corrected and confirmation email sent to customer.,Urgent,Open,Social Media,South America,33,Other,Premium,40,15,1,16.55,4.78,2023-01-15,2023-01-20,Yes,Yes,Linux,Chrome,PayPal,Japanese,Morning,1,Small Business,john.lopez309@company.com,,0
196951,Susan Thomas,susan.thomas501@icloud.com,Subscription Service,Refund Request,The application crashes whenever I try to upload a file.,We have reset the account credentials and advised the customer to retry login.,Medium,Resolved,Chat,Africa,64,Male,Enterprise,21,10,3,36.68,159.07,2023-04-26,2023-05-07,Yes,No,MacOS,Edge,PayPal,German,Night,3,Individual,susan.thomas501@icloud.com,,0
44288,Richard Williams,richard.williams438@icloud.com,Mobile App,Data Sync Issue,My subscription was cancelled without my request and I need clarification.,The duplicate charge was reversed and refund processed within 3-5 business days.,Low,In Progress,Web Form,Europe,54,Male,Free,17,7,2,51.07,96.46,2022-08-22,2022-08-23,No,Yes,MacOS,Chrome,PayPal,Spanish,Morning,8,Small Business,richard.williams438@icloud.com,,0
196872,Susan Jones,susan.jones477@icloud.com,Subscription Service,Login Issue,The system is not syncing data across devices properly.,We have reset the account credentials and advised the customer to retry login.,High,Open,Social Media,South America,72,Other,Enterprise,15,13,3,69.14,238.15,2022-09-28,2022-10-04,Yes,No,Android,Safari,Debit Card,Chinese,Evening,6,Small Business,susan.jones477@icloud.com,2022-01-20,0
9823,Michael Thomas,michael.thomas803@hotmail.com,CRM Platform,Security Concern,Two-factor authentication codes are not being delivered to my phone.,Explained billing breakdown and clarified applicable charges.,Urgent,Closed,Email,Africa,50,Female,Enterprise,52,14,2,63.92,29.69,2023-03-31,2023-04-05,Yes,No,MacOS,Chrome,Debit Card,French,Night,4,Small Business,michael.thomas803@hotmail.com,,0
151144,William Martinez,william.martinez78@outlook.com,Web Portal,Account Suspension,Two-factor authentication codes are not being delivered to my phone.,Data synchronization restored after backend service restart.,Urgent,Closed,Chat,Europe,51,Other,Basic,39,0,4,37.73,51.44,2024-06-28,2024-06-28,Yes,No,Android,Edge,Debit Card,Chinese,Evening,10,Corporate,william.martinez78@outlook.com,,0
123213,Sarah Rodriguez,sarah.rodriguez541@icloud.com,API Service,Bug Report,I am experiencing very slow performance while using the dashboard.,Security settings updated and customer notified of precautionary measures.,Low,Open,Web Form,Asia,67,Other,Basic,24,8,2,53.66,105.17,2023-05-27,2023-05-31,Yes,Yes,Linux,Safari,PayPal,Spanish,Morning,9,Individual,sarah.rodriguez541@icloud.com,,0
119905,Jennifer Williams,jennifer.williams964@icloud.com,Payment Gateway,Feature Request,The application crashes whenever I try to upload a file.,We have reset the account credentials and advised the customer to retry login.,Medium,Open,Chat,Africa,42,Other,Premium,54,19,2,27.08,162.41,2022-12-25,2023-01-03,Yes,No,iOS,Safari,Credit Card,English,Afternoon,9,Individual,jennifer.williams964@icloud.com,,0
183798,Linda Moore,linda.moore810@hotmail.com,Web Portal,Login Issue,The application crashes whenever I try to upload a file.,Subscription status corrected and confirmation email sent to customer.,High,Closed,Chat,Australia,64,Female,Enterprise,53,15,1,34.49,72.65,2024-01-25,2024-01-25,Yes,No,Linux,Unknown,Credit Card,French,Afternoon,6,Small Business,linda.moore810@hotmail.com,,0
57822,John Martin,john.martin796@yahoo.com,Analytics Dashboard,Login Issue,I am experiencing very slow performance while using the dashboard.,Payment gateway timeout issue fixed and monitoring implemented.,Low,Resolved,Social Media,Europe,40,Male,Basic,39,5,3,53.43,148.24,2023-04-07,2023-04-12,No,No,Linux,Firefox,Debit Card,Spanish,Night,10,Corporate,john.martin796@yahoo.com,,0
187791,Linda Miller,linda.miller515@yahoo.com,API Service,Bug Report,There seems to be a discrepancy in my billing statement for this month.,Subscription status corrected and confirmation email sent to customer.,Low,Resolved,Phone,South America,38,Female,Enterprise,54,6,5,17.22,145.18,2024-02-17,2024-02-21,No,Yes,Windows,Chrome,Credit Card,Chinese,Afternoon,8,Corporate,linda.miller515@yahoo.com,,0
99863,David Moore,david.moore593@outlook.com,Mobile App,Payment Problem,I found a bug in the latest update affecting report generation.,Payment gateway timeout issue fixed and monitoring implemented.,Medium,Resolved,Email,Africa,39,Other,Free,45,15,4,56.51,192.01,2022-06-23,2022-06-25,Yes,Yes,Linux,Chrome,Debit Card,English,Evening,2,Corporate,david.moore593@outlook.com,,0
38251,David Martin,david.martin880@outlook.com,Analytics Dashboard,Subscription Cancellation,Two-factor authentication codes are not being delivered to my phone.,The duplicate charge was reversed and refund processed within 3-5 business days.,Low,In Progress,Chat,Europe,69,Other,Free,37,2,2,46.12,171.91,2022-04-01,2022-04-10,No,No,Windows,Chrome,Debit Card,Japanese,Morning,9,Corporate,david.martin880@outlook.com,,0
113004,Thomas Jackson,thomas.jackson168@yahoo.com,Payment Gateway,Refund Request,I am experiencing very slow performance while using the dashboard.,The duplicate charge was reversed and refund processed within 3-5 business days.,Low,Closed,Chat,Europe,41,Female,Enterprise,15,16,5,14.85,67.05,2022-02-19,2022-03-03,No,Yes,MacOS,Edge,Crypto,Japanese,Afternoon,3,Corporate,thomas.jackson168@yahoo.com,,0
155687,Susan Davis,susan.davis505@company.com,Analytics Dashboard,Security Concern,I would like to request a refund for the recent charge.,Data synchronization restored after backend service restart.,Medium,In Progress,Social Media,Asia,46,Female,Premium,10,8,3,32.25,53.06,2022-04-21,2022-05-02,No,No,Android,Edge,PayPal,Spanish,Night,8,Small Business,susan.davis505@company.com,,0
46586,Charles Lopez,charles.lopez413@yahoo.com,Web Portal,Payment Problem,There seems to be a discrepancy in my billing statement for this month.,The duplicate charge was reversed and refund processed within 3-5 business days.,Urgent,Pending Customer,Social Media,North America,68,Female,Free,60,12,2,1.92,176.14,2024-07-24,2024-07-31,Yes,No,Linux,Safari,PayPal,German,Afternoon,10,Small Business,charles.lopez413@yahoo.com,,0
116375,Elizabeth Davis,elizabeth.davis671@outlook.com,Subscription Service,Performance Issue,I am unable to access my account after entering the correct credentials.,The issue was escalated to engineering and resolved in the latest patch.,High,Open,Chat,North America,36,Female,Basic,52,6,4,36.43,40.42,2023-11-05,2023-11-14,No,No,Linux,Safari,Credit Card,German,Morning,6,Individual,elizabeth.davis671@outlook.com,,0
4111,David Johnson,david.johnson376@icloud.com,Analytics Dashboard,Payment Problem,Two-factor authentication codes are not being delivered to my phone.,Data synchronization restored after backend service restart.,High,Resolved,Chat,North America,34,Female,Basic,50,11,4,56.26,13.87,2022-12-06,2022-12-11,No,No,MacOS,Firefox,Credit Card,English,Afternoon,8,Small Business,david.johnson376@icloud.com,,0
80380,Patricia Moore,patricia.moore423@yahoo.com,CRM Platform,Subscription Cancellation,The payment was deducted from my bank account but the transaction shows failed.,Subscription status corrected and confirmation email sent to customer.,High,Pending Customer,Social Media,Australia,42,Female,Basic,58,5,3,42.82,230.36,2023-06-24,2023-07-08,No,No,Windows,Firefox,Credit Card,Japanese,Afternoon,6,Individual,patricia.moore423@yahoo.com,,0
195392,Barbara Martinez,barbara.martinez35@outlook.com,Analytics Dashboard,Feature Request,I found a bug in the latest update affecting report generation.,We have reset the account credentials and advised the customer to retry login.,High,Resolved,Chat,Europe,22,Female,Basic,3,5,1,32.61,235.0,2023-05-31,2023-06-14,No,Yes,iOS,Chrome,Bank Transfer,Japanese,Night,3,Corporate,barbara.martinez35@outlook.com,,0
192899,John Garcia,john.garcia481@icloud.com,Billing System,Security Concern,The payment was deducted from my bank account but the transaction shows failed.,Subscription status corrected and confirmation email sent to customer.,High,In Progress,Social Media,Asia,70,Female,Free,13,2,5,44.13,203.94,2023-10-24,2023-10-24,Yes,No,Linux,Edge,Debit Card,English,Morning,5,Individual,john.garcia481@icloud.com,,0
21161,Mary Gonzalez,mary.gonzalez69@icloud.com,Mobile App,Feature Request,I would like to request a refund for the recent charge.,Provided step-by-step troubleshooting instructions and issue resolved.,Medium,Closed,Social Media,Europe,66,Other,Enterprise,60,3,2,34.84,50.18,2022-12-31,2023-01-10,Yes,No,MacOS,Safari,Crypto,English,Night,10,Corporate,mary.gonzalez69@icloud.com,,0
91967,Thomas Wilson,thomas.wilson595@yahoo.com,Analytics Dashboard,Refund Request,Two-factor authentication codes are not being delivered to my phone.,The issue was escalated to engineering and resolved in the latest patch.,Low,Resolved,Social Media,South America,64,Other,Enterprise,47,12,3,11.01,170.69,2022-02-22,2022-02-23,Yes,No,Windows,Safari,PayPal,Japanese,Evening,3,Individual,thomas.wilson595@yahoo.com,,0
113987,Charles Thomas,charles.thomas698@yahoo.com,CRM Platform,Subscription Cancellation,I am unable to access my account after entering the correct credentials.,Payment gateway timeout issue fixed and monitoring implemented.,Urgent,Pending Customer,Chat,North America,50,Other,Basic,58,7,3,36.14,67.98,2022-10-22,2022-10-23,No,Yes,MacOS,Safari,Debit Card,English,Afternoon,7,Small Business,charles.thomas698@yahoo.com,,0
51789,Mary Gonzalez,mary.gonzalez754@hotmail.com,Billing System,Data Sync Issue,My subscription was cancelled without my request and I need clarification.,The duplicate charge was reversed and refund processed within 3-5 business days.,Urgent,Resolved,Email,North America,26,Male,Free,6,17,3,71.03,26.79,2022-07-02,2022-07-13,No,No,Android,Chrome,PayPal,English,Morning,3,Individual,mary.gonzalez754@hotmail.com,,0
164133,Linda Hernandez,linda.hernandez312@company.com,Billing System,Data Sync Issue,The system is not syncing data across devices properly.,Bug logged internally and workaround shared with the customer.,Urgent,Pending Customer,Email,North America,62,Other,Free,19,6,1,13.68,212.74,2022-03-23,2022-04-03,Yes,Yes,Android,Chrome,Crypto,Spanish,Night,4,Small Business,linda.hernandez312@company.com,,0
175581,Susan Jackson,susan.jackson222@gmail.com,Cloud Storage,Account Suspension,I would like to request a refund for the recent charge.,Security settings updated and customer notified of precautionary measures.,Urgent,Open,Social Media,North America,30,Other,Enterprise,47,18,1,13.8,144.3,2022-01-13,2022-01-13,Yes,No,Android,Firefox,Debit Card,Spanish,Afternoon,9,Corporate,susan.jackson222@gmail.com,,0
83179,Charles Williams,charles.williams46@gmail.com,E-commerce Store,Subscription Cancellation,The system is not syncing data across devices properly.,Data synchronization restored after backend service restart.,Low,In Progress,Social Media,Australia,25,Other,Premium,3,20,5,11.22,190.7,2022-05-01,2022-05-13,No,No,Android,Unknown,PayPal,Japanese,Evening,4,Individual,charles.williams46@gmail.com,,0
13921,James Gonzalez,james.gonzalez459@icloud.com,Analytics Dashboard,Payment Problem,The application crashes whenever I try to upload a file.,The issue was escalated to engineering and resolved in the latest patch.,Low,Closed,Social Media,Africa,57,Male,Enterprise,17,2,3,65.63,28.47,2024-04-26,2024-05-06,No,No,Windows,Firefox,Debit Card,French,Afternoon,8,Individual,james.gonzalez459@icloud.com,,0
600,Elizabeth Wilson,elizabeth.wilson305@yahoo.com,API Service,Refund Request,My subscription was cancelled without my request and I need clarification.,Security settings updated and customer notified of precautionary measures.,Urgent,In Progress,Email,Asia,67,Female,Free,30,1,4,21.35,235.75,2022-02-12,2022-02-15,No,Yes,Android,Safari,PayPal,English,Afternoon,7,Individual,elizabeth.wilson305@yahoo.com,,0
26436,Sarah Martin,sarah.martin624@icloud.com,CRM Platform,Account Suspension,The payment was deducted from my bank account but the transaction shows failed.,We have reset the account credentials and advised the customer to retry login.,Medium,Closed,Social Media,Africa,24,Male,Premium,49,10,5,30.5,103.25,2022-10-05,2022-10-14,No,No,iOS,Safari,Credit Card,Chinese,Evening,8,Individual,sarah.martin624@icloud.com,,0
65395,Jessica Lopez,jessica.lopez855@hotmail.com,E-commerce Store,Performance Issue,The application crashes whenever I try to upload a file.,The duplicate charge was reversed and refund processed within 3-5 business days.,Low,Resolved,Email,Australia,23,Other,Free,6,4,1,17.97,236.35,2024-06-19,2024-06-23,Yes,No,iOS,Firefox,Bank Transfer,German,Night,6,Small Business,jessica.lopez855@hotmail.com,,0
96195,Thomas Gonzalez,thomas.gonzalez4@hotmail.com,Analytics Dashboard,Performance Issue,The system is not syncing data across devices properly.,Payment gateway timeout issue fixed and monitoring implemented.,High,Pending Customer,Chat,Asia,73,Male,Basic,57,13,4,28.14,115.7,2023-03-19,2023-03-27,Yes,No,Android,Chrome,Credit Card,French,Morning,3,Small Business,thomas.gonzalez4@hotmail.com,,0
54328,Robert Hernandez,robert.hernandez4@hotmail.com,Subscription Service,Refund Request,I am unable to access my account after entering the correct credentials.,Bug logged internally and workaround shared with the customer.,High,Pending Customer,Chat,Africa,36,Male,Enterprise,54,1,5,13.83,35.33,2024-05-18,2024-05-21,No,Yes,Windows,Safari,PayPal,Japanese,Night,10,Small Business,robert.hernandez4@hotmail.com,,0
182684,Mary Hernandez,mary.hernandez709@yahoo.com,Cloud Storage,Login Issue,The payment was deducted from my bank account but the transaction shows failed.,Provided step-by-step troubleshooting instructions and issue resolved.,Urgent,Closed,Chat,Asia,74,Male,Free,44,7,1,17.97,239.55,2023-04-28,2023-05-01,Yes,Yes,Linux,Unknown,Debit Card,German,Morning,1,Individual,mary.hernandez709@yahoo.com,,0
81320,Karen Hernandez,karen.hernandez803@gmail.com,Web Portal,Security Concern,Two-factor authentication codes are not being delivered to my phone.,The issue was escalated to engineering and resolved in the latest patch.,Low,In Progress,Web Form,Europe,75,Male,Enterprise,18,1,3,53.37,97.51,2023-12-03,2023-12-12,Yes,No,Windows,Chrome,Crypto,German,Morning,1,Small Business,karen.hernandez803@gmail.com,,0
159368,Sarah Thomas,sarah.thomas48@yahoo.com,Mobile App,Refund Request,I found a bug in the latest update affecting report generation.,The issue was escalated to engineering and resolved in the latest patch.,High,Resolved,Web Form,Europe,50,Female,Free,59,14,5,68.49,191.94,2023-07-23,2023-08-04,No,Yes,Android,Edge,Bank Transfer,French,Night,1,Individual,sarah.thomas48@yahoo.com,,0
103414,Karen Anderson,karen.anderson796@company.com,Web Portal,Security Concern,I am unable to access my account after entering the correct credentials.,Data synchronization restored after backend service restart.,Low,Resolved,Chat,Asia,55,Other,Premium,31,4,1,45.91,199.23,2022-07-19,2022-07-23,Yes,Yes,MacOS,Safari,PayPal,French,Evening,2,Individual,karen.anderson796@company.com,,0
25856,Mary Miller,mary.miller442@company.com,Cloud Storage,Refund Request,The application crashes whenever I try to upload a file.,We have reset the account credentials and advised the customer to retry login.,Medium,Closed,Chat,Asia,34,Female,Free,22,19,4,18.81,4.89,2022-09-24,2022-09-25,No,Yes,Linux,Unknown,Credit Card,German,Night,10,Individual,mary.miller442@company.com,,0
145706,Patricia Thomas,patricia.thomas640@icloud.com,Analytics Dashboard,Security Concern,Two-factor authentication codes are not being delivered to my phone.,Data synchronization restored after backend service restart.,High,Pending Customer,Chat,Europe,21,Other,Enterprise,31,7,1,62.19,126.41,2023-09-02,2023-09-08,No,No,MacOS,Chrome,Crypto,English,Afternoon,2,Corporate,patricia.thomas640@icloud.com,,0
184298,Thomas Martin,thomas.martin14@yahoo.com,Analytics Dashboard,Data Sync Issue,I am experiencing very slow performance while using the dashboard.,Provided step-by-step troubleshooting instructions and issue resolved.,Medium,In Progress,Web Form,Europe,75,Female,Basic,49,15,4,5.55,213.23,2023-09-30,2023-10-01,No,Yes,Android,Firefox,Bank Transfer,Japanese,Afternoon,1,Corporate,thomas.martin14@yahoo.com,,0
86063,Mary Moore,mary.moore930@company.com,API Service,Refund Request,I would like to request a refund for the recent charge.,The issue was escalated to engineering and resolved in the latest patch.,High,Closed,Social Media,North America,71,Other,Free,42,1,3,22.73,223.1,2024-04-29,2024-05-02,No,No,Windows,Firefox,PayPal,English,Evening,10,Individual,mary.moore930@company.com,,0
156040,Jennifer Rodriguez,jennifer.rodriguez275@outlook.com,Subscription Service,Security Concern,There seems to be a discrepancy in my billing statement for this month.,The issue was escalated to engineering and resolved in the latest patch.,Low,Closed,Web Form,South America,65,Female,Enterprise,31,6,3,28.22,64.52,2023-01-03,2023-01-12,Yes,Yes,MacOS,Safari,Bank Transfer,Japanese,Morning,5,Individual,jennifer.rodriguez275@outlook.com,,0
118958,Robert Taylor,robert.taylor921@hotmail.com,Mobile App,Feature Request,There seems to be a discrepancy in my billing statement for this month.,Payment gateway timeout issue fixed and monitoring implemented.,Medium,In Progress,Social Media,Asia,56,Male,Enterprise,30,2,2,51.31,210.23,2023-12-21,2023-12-21,No,Yes,Linux,Chrome,Debit Card,German,Morning,9,Corporate,robert.taylor921@hotmail.com,,0
29809,Charles Taylor,charles.taylor867@gmail.com,Web Portal,Subscription Cancellation,My subscription was cancelled without my request and I need clarification.,Data synchronization restored after backend service restart.,Urgent,Pending Customer,Email,North America,34,Male,Basic,39,18,5,59.77,160.16,2024-12-31,2025-01-14,Yes,Yes,MacOS,Safari,Crypto,Chinese,Night,6,Individual,charles.taylor867@gmail.com,,0
3845,Sarah Jackson,sarah.jackson282@company.com,Cloud Storage,Feature Request,I would like to request a refund for the recent charge.,We have reset the account credentials and advised the customer to retry login.,Low,Resolved,Chat,North America,60,Male,Free,23,12,1,71.35,49.99,2024-12-12,2024-12-24,No,No,iOS,Safari,Crypto,Chinese,Evening,6,Small Business,sarah.jackson282@company.com,,0
186446,Michael Anderson,michael.anderson437@hotmail.com,API Service,Refund Request,I am unable to access my account after entering the correct credentials.,Subscription status corrected and confirmation email sent to customer.,High,Open,Phone,South America,27,Other,Basic,38,15,2,7.96,135.24,2024-08-01,2024-08-11,Yes,Yes,Android,Unknown,Bank Transfer,German,Evening,6,Individual,michael.anderson437@hotmail.com,,0
76113,Robert Davis,robert.davis555@gmail.com,Mobile App,Account Suspension,My subscription was cancelled without my request and I need clarification.,Explained billing breakdown and clarified applicable charges.,Urgent,Open,Social Media,Asia,38,Female,Premium,26,20,1,66.8,50.97,2024-02-18,2024-02-28,Yes,No,Linux,Firefox,Debit Card,Spanish,Afternoon,2,Small Business,robert.davis555@gmail.com,,0
6357,Elizabeth Gonzalez,elizabeth.gonzalez327@gmail.com,Web Portal,Payment Problem,The system is not syncing data across devices properly.,Data synchronization restored after backend service restart.,High,Resolved,Email,South America,28,Male,Basic,56,12,4,7.55,64.22,2024-07-09,2024-07-15,Yes,No,Linux,Safari,Bank Transfer,Japanese,Evening,1,Individual,elizabeth.gonzalez327@gmail.com,,0
39278,Jessica Martinez,jessica.martinez674@yahoo.com,Cloud Storage,Bug Report,The application crashes whenever I try to upload a file.,Security settings updated and customer notified of precautionary measures.,High,Pending Customer,Chat,Africa,47,Male,Basic,57,15,4,16.67,94.07,2024-02-20,2024-03-01,No,No,Android,Firefox,Crypto,German,Night,7,Small Business,jessica.martinez674@yahoo.com,,0
67914,Linda Hernandez,linda.hernandez514@hotmail.com,Web Portal,Bug Report,My subscription was cancelled without my request and I need clarification.,Payment gateway timeout issue fixed and monitoring implemented.,Urgent,Closed,Phone,Africa,75,Other,Free,53,18,3,29.9,237.56,2024-10-04,2024-10-10,Yes,Yes,iOS,Unknown,Debit Card,Spanish,Night,1,Corporate,linda.hernandez514@hotmail.com,,0
68429,Elizabeth Gonzalez,elizabeth.gonzalez869@outlook.com,E-commerce Store,Bug Report,The system is not syncing data across devices properly.,Explained billing breakdown and clarified applicable charges.,Urgent,Closed,Web Form,Europe,31,Female,Enterprise,22,14,3,20.38,140.23,2023-03-18,2023-03-25,Yes,No,Linux,Edge,Credit Card,English,Morning,6,Individual,elizabeth.gonzalez869@outlook.com,,0
105669,William Davis,william.davis123@company.com,Analytics Dashboard,Login Issue,There seems to be a discrepancy in my billing statement for this month.,The issue was escalated to engineering and resolved in the latest patch.,Urgent,In Progress,Web Form,Europe,37,Other,Free,59,11,2,44.18,46.11,2022-06-30,2022-07-14,Yes,Yes,Linux,Safari,Bank Transfer,English,Afternoon,3,Small Business,william.davis123@company.com,,0
194867,Elizabeth Jackson,elizabeth.jackson6@outlook.com,E-commerce Store,Payment Problem,There seems to be a discrepancy in my billing statement for this month.,Payment gateway timeout issue fixed and monitoring implemented.,Urgent,Pending Customer,Social Media,Africa,43,Female,Premium,33,7,1,36.96,203.39,2022-12-06,2022-12-17,No,No,Windows,Unknown,Crypto,French,Night,9,Individual,elizabeth.jackson6@outlook.com,2022-09-30,0
146870,Barbara Jones,barbara.jones217@gmail.com,Cloud Storage,Account Suspension,The payment was deducted from my bank account but the transaction shows failed.,Payment gateway timeout issue fixed and monitoring implemented.,Low,Closed,Social Media,Africa,56,Male,Premium,13,12,4,33.72,196.62,2022-03-06,2022-03-10,No,No,Linux,Safari,PayPal,Japanese,Night,10,Small Business,barbara.jones217@gmail.com,,0
71635,Linda Davis,linda.davis484@gmail.com,Web Portal,Security Concern,The system is not syncing data across devices properly.,Data synchronization restored after backend service restart.,High,Pending Customer,Phone,Asia,63,Female,Premium,26,2,2,29.85,35.77,2024-05-30,2024-06-09,Yes,No,Android,Edge,PayPal,English,Morning,7,Corporate,linda.davis484@gmail.com,,0
6517,Charles Johnson,charles.johnson575@gmail.com,API Service,Login Issue,I found a bug in the latest update affecting report generation.,The duplicate charge was reversed and refund processed within 3-5 business days.,Urgent,Resolved,Email,Australia,56,Other,Enterprise,19,7,5,4.52,187.75,2023-10-15,2023-10-28,Yes,Yes,Android,Safari,Credit Card,German,Night,4,Small Business,charles.johnson575@gmail.com,,0
76770,William Jones,william.jones452@icloud.com,Subscription Service,Account Suspension,I am experiencing very slow performance while using the dashboard.,Subscription status corrected and confirmation email sent to customer.,Low,Pending Customer,Social Media,North America,58,Male,Enterprise,29,3,5,18.39,43.66,2022-12-05,2022-12-17,No,No,Linux,Chrome,Credit Card,English,Afternoon,4,Corporate,william.jones452@icloud.com,,0
73679,Jennifer Brown,jennifer.brown937@gmail.com,CRM Platform,Login Issue,I am experiencing very slow performance while using the dashboard.,The issue was escalated to engineering and resolved in the latest patch.,Medium,Open,Chat,North America,58,Female,Enterprise,49,8,3,42.98,167.24,2023-01-10,2023-01-14,No,Yes,MacOS,Unknown,Bank Transfer,Chinese,Evening,10,Small Business,jennifer.brown937@gmail.com,,0
102365,Linda Gonzalez,linda.gonzalez187@yahoo.com,Subscription Service,Account Suspension,I am unable to access my account after entering the correct credentials.,Data synchronization restored after backend service restart.,Low,Closed,Social Media,Australia,19,Male,Premium,49,5,5,56.19,189.77,2024-12-16,2024-12-18,No,No,Android,Chrome,Crypto,English,Afternoon,2,Small Business,linda.gonzalez187@yahoo.com,2022-12-05,0
86352,Patricia Wilson,patricia.wilson3@company.com,CRM Platform,Subscription Cancellation,There seems to be a discrepancy in my billing statement for this month.,Bug logged internally and workaround shared with the customer.,High,Closed,Phone,Europe,49,Other,Premium,8,12,5,61.75,129.1,2022-01-20,2022-01-31,No,No,iOS,Edge,Credit Card,German,Afternoon,5,Corporate,patricia.wilson3@company.com,,0
72000,Sarah Taylor,sarah.taylor859@yahoo.com,Payment Gateway,Data Sync Issue,My subscription was cancelled without my request and I need clarification.,The duplicate charge was reversed and refund processed within 3-5 business days.,Urgent,Resolved,Social Media,Asia,59,Female,Premium,2,8,3,31.67,217.98,2022-07-19,2022-07-27,No,No,Linux,Firefox,PayPal,German,Night,8,Corporate,sarah.taylor859@yahoo.com,,0
47083,Richard Lopez,richard.lopez496@outlook.com,E-commerce Store,Bug Report,I would like to request a refund for the recent charge.,Payment gateway timeout issue fixed and monitoring implemented.,High,Closed,Phone,Australia,67,Male,Enterprise,59,18,3,70.84,133.65,2022-07-08,2022-07-08,No,Yes,Windows,Edge,Debit Card,German,Morning,5,Small Business,richard.lopez496@outlook.com,,0
156212,Richard Rodriguez,richard.rodriguez563@hotmail.com,E-commerce Store,Payment Problem,The system is not syncing data across devices properly.,Subscription status corrected and confirmation email sent to customer.,High,Open,Email,Europe,68,Female,Premium,2,11,3,65.54,233.93,2023-09-21,2023-10-03,Yes,Yes,Linux,Unknown,PayPal,Spanish,Evening,7,Individual,richard.rodriguez563@hotmail.com,,0
174123,Jessica Brown,jessica.brown850@icloud.com,Analytics Dashboard,Data Sync Issue,There seems to be a discrepancy in my billing statement for this month.,Payment gateway timeout issue fixed and monitoring implemented.,Medium,Open,Social Media,North America,42,Other,Basic,40,13,1,60.4,211.69,2022-02-08,2022-02-22,Yes,Yes,iOS,Edge,PayPal,German,Night,1,Individual,jessica.brown850@icloud.com,,0
152213,Richard Johnson,richard.johnson685@icloud.com,CRM Platform,Payment Problem,I am unable to access my account after entering the correct credentials.,Bug logged internally and workaround shared with the customer.,High,Resolved,Phone,Europe,51,Other,Free,53,8,3,17.14,156.17,2022-06-01,2022-06-03,Yes,Yes,iOS,Unknown,Debit Card,Japanese,Night,5,Individual,richard.johnson685@icloud.com,,0
197171,Linda Moore,linda.moore246@company.com,Web Portal,Refund Request,The application crashes whenever I try to upload a file.,We have reset the account credentials and advised the customer to retry login.,Low,In Progress,Social Media,North America,68,Male,Enterprise,33,3,2,54.34,132.78,2024-09-27,2024-10-05,Yes,Yes,Windows,Unknown,Credit Card,English,Evening,9,Small Business,linda.moore246@company.com,,0
12431,John Rodriguez,john.rodriguez738@company.com,Subscription Service,Login Issue,I am unable to access my account after entering the correct credentials.,We have reset the account credentials and advised the customer to retry login.,Urgent,Open,Phone,Africa,41,Male,Premium,15,14,4,62.69,77.34,2024-10-10,2024-10-16,Yes,No,Android,Chrome,Debit Card,Chinese,Night,10,Individual,john.rodriguez738@company.com,,0
133702,Michael Jackson,michael.jackson617@icloud.com,Analytics Dashboard,Feature Request,There seems to be a discrepancy in my billing statement for this month.,Data synchronization restored after backend service restart.,Low,In Progress,Chat,Africa,66,Other,Free,10,12,2,57.73,111.96,2024-11-14,2024-11-27,Yes,No,MacOS,Unknown,Bank Transfer,German,Morning,8,Corporate,michael.jackson617@icloud.com,,0
169857,Robert Martin,robert.martin661@hotmail.com,Cloud Storage,Login Issue,I would like to request a refund for the recent charge.,Security settings updated and customer notified of precautionary measures.,Medium,Closed,Chat,South America,31,Female,Enterprise,40,9,2,32.32,9.03,2023-04-20,2023-04-22,Yes,No,Linux,Safari,Credit Card,German,Morning,3,Corporate,robert.martin661@hotmail.com,,0
55986,Mary Taylor,mary.taylor914@gmail.com,API Service,Feature Request,My subscription was cancelled without my request and I need clarification.,Bug logged internally and workaround shared with the customer.,Low,Open,Email,Europe,46,Other,Premium,13,9,2,55.2,228.75,2022-12-05,2022-12-16,No,No,Windows,Edge,Bank Transfer,German,Afternoon,3,Individual,mary.taylor914@gmail.com,,0
15803,Jennifer Johnson,jennifer.johnson119@yahoo.com,Web Portal,Security Concern,I am experiencing very slow performance while using the dashboard.,Explained billing breakdown and clarified applicable charges.,Medium,In Progress,Chat,South America,30,Female,Free,16,20,3,42.95,190.26,2023-08-09,2023-08-19,No,Yes,Windows,Edge,Bank Transfer,Chinese,Evening,4,Individual,jennifer.johnson119@yahoo.com,,0
190359,Patricia Thomas,patricia.thomas697@hotmail.com,Web Portal,Performance Issue,I would like to request a refund for the recent charge.,Provided step-by-step troubleshooting instructions and issue resolved.,Low,Open,Email,Africa,68,Male,Enterprise,48,14,1,33.68,47.98,2024-10-01,2024-10-01,No,No,iOS,Safari,PayPal,English,Morning,10,Corporate,patricia.thomas697@hotmail.com,,0
109184,Charles Thomas,charles.thomas980@icloud.com,Subscription Service,Account Suspension,The system is not syncing data across devices properly.,We have reset the account credentials and advised the customer to retry login.,Urgent,Pending Customer,Email,Europe,75,Female,Enterprise,48,13,1,2.52,147.85,2023-05-08,2023-05-12,No,No,iOS,Unknown,Bank Transfer,Spanish,Night,3,Small Business,charles.thomas980@icloud.com,,0
72400,Jessica Jackson,jessica.jackson616@icloud.com,Subscription Service,Bug Report,I am unable to access my account after entering the correct credentials.,The duplicate charge was reversed and refund processed within 3-5 business days.,Urgent,Closed,Social Media,Africa,21,Male,Basic,36,11,1,44.61,182.93,2024-08-09,2024-08-14,No,Yes,Linux,Firefox,Debit Card,French,Night,4,Corporate,jessica.jackson616@icloud.com,,0
35061,Mary Taylor,mary.taylor700@company.com,Payment Gateway,Payment Problem,There seems to be a discrepancy in my billing statement for this month.,Security settings updated and customer notified of precautionary measures.,Low,Resolved,Web Form,Africa,60,Other,Basic,46,14,1,48.34,234.76,2022-02-19,2022-02-24,No,Yes,iOS,Unknown,PayPal,Chinese,Morning,7,Small Business,mary.taylor700@company.com,,0
166956,Karen Rodriguez,karen.rodriguez969@yahoo.com,Subscription Service,Security Concern,There seems to be a discrepancy in my billing statement for this month.,The duplicate charge was reversed and refund processed within 3-5 business days.,Medium,Open,Web Form,Africa,44,Other,Free,46,17,2,45.57,226.29,2022-06-10,2022-06-19,No,Yes,Android,Chrome,Credit Card,Chinese,Evening,4,Individual,karen.rodriguez969@yahoo.com,,0
196220,James Brown,james.brown444@gmail.com,E-commerce Store,Performance Issue,The application crashes whenever I try to upload a file.,Bug logged internally and workaround shared with the customer.,Urgent,Closed,Email,Asia,66,Other,Premium,56,8,4,28.87,67.66,2022-09-06,2022-09-14,No,Yes,MacOS,Firefox,Crypto,Spanish,Morning,2,Individual,james.brown444@gmail.com,,0
2993,William Williams,william.williams102@gmail.com,Mobile App,Payment Problem,There seems to be a discrepancy in my billing statement for this month.,Provided step-by-step troubleshooting instructions and issue resolved.,Medium,In Progress,Social Media,Africa,61,Male,Premium,27,12,2,43.17,39.14,2024-11-29,2024-12-06,No,Yes,Android,Safari,PayPal,Japanese,Evening,8,Individual,william.williams102@gmail.com,,0
141963,Patricia Davis,patricia.davis845@gmail.com,Cloud Storage,Login Issue,The system is not syncing data across devices properly.,Payment gateway timeout issue fixed and monitoring implemented.,High,In Progress,Chat,South America,49,Other,Enterprise,12,4,2,6.91,63.95,2024-11-25,2024-11-28,Yes,No,Linux,Safari,PayPal,English,Afternoon,3,Small Business,patricia.davis845@gmail.com,,0
160409,Robert Lopez,robert.lopez772@yahoo.com,Subscription Service,Performance Issue,I am unable to access my account after entering the correct credentials.,Bug logged internally and workaround shared with the customer.,High,In Progress,Social Media,Europe,50,Other,Premium,42,4,3,5.0,179.4,2022-01-11,2022-01-18,No,Yes,Android,Edge,Debit Card,German,Evening,4,Individual,robert.lopez772@yahoo.com,,0
36319,Jessica Davis,jessica.davis798@outlook.com,Analytics Dashboard,Subscription Cancellation,I would like to request a refund for the recent charge.,Security settings updated and customer notified of precautionary measures.,High,Pending Customer,Social Media,South America,41,Male,Premium,7,16,4,2.11,45.38,2022-05-16,2022-05-26,No,No,Linux,Firefox,Bank Transfer,Chinese,Evening,4,Small Business,jessica.davis798@outlook.com,,0
73434,Joseph Martin,joseph.martin482@outlook.com,CRM Platform,Refund Request,The system is not syncing data across devices properly.,Provided step-by-step troubleshooting instructions and issue resolved.,Low,Pending Customer,Social Media,South America,39,Male,Basic,22,19,5,30.65,158.06,2024-07-14,2024-07-27,Yes,Yes,Android,Unknown,Credit Card,German,Morning,8,Corporate,joseph.martin482@outlook.com,,0
73805,Thomas Rodriguez,thomas.rodriguez115@hotmail.com,Cloud Storage,Bug Report,I found a bug in the latest update affecting report generation.,Bug logged internally and workaround shared with the customer.,Urgent,In Progress,Phone,North America,43,Male,Basic,41,17,4,59.52,206.88,2022-05-18,2022-05-28,Yes,Yes,Windows,Chrome,PayPal,French,Morning,9,Small Business,thomas.rodriguez115@hotmail.com,,0
168770,Susan Garcia,susan.garcia915@icloud.com,CRM Platform,Account Suspension,The system is not syncing data across devices properly.,The issue was escalated to engineering and resolved in the latest patch.,Urgent,In Progress,Chat,Europe,37,Other,Basic,3,19,1,63.58,49.79,2022-09-01,2022-09-06,Yes,Yes,Linux,Safari,Bank Transfer,Japanese,Afternoon,2,Small Business,susan.garcia915@icloud.com,,0
113751,Robert Lopez,robert.lopez601@outlook.com,Web Portal,Refund Request,I found a bug in the latest update affecting report generation.,Bug logged internally and workaround shared with the customer.,Urgent,Pending Customer,Web Form,Asia,27,Male,Basic,3,20,3,18.48,209.74,2024-06-03,2024-06-06,No,Yes,Android,Firefox,Credit Card,English,Morning,9,Individual,robert.lopez601@outlook.com,,0
127691,Barbara Thomas,barbara.thomas316@gmail.com,API Service,Security Concern,The application crashes whenever I try to upload a file.,Security settings updated and customer notified of precautionary measures.,Medium,Closed,Phone,Australia,62,Male,Free,33,4,4,15.36,227.12,2023-07-09,2023-07-22,Yes,No,Android,Edge,Bank Transfer,Chinese,Night,9,Corporate,barbara.thomas316@gmail.com,,0
144858,Patricia Thomas,patricia.thomas877@hotmail.com,Payment Gateway,Performance Issue,My subscription was cancelled without my request and I need clarification.,Security settings updated and customer notified of precautionary measures.,High,Open,Web Form,Asia,71,Other,Free,56,10,3,3.68,202.75,2022-12-02,2022-12-05,Yes,No,Linux,Unknown,Credit Card,English,Evening,9,Individual,patricia.thomas877@hotmail.com,,0
45628,William Jackson,william.jackson471@company.com,Web Portal,Bug Report,I am unable to access my account after entering the correct credentials.,Security settings updated and customer notified of precautionary measures.,Urgent,In Progress,Social Media,Africa,32,Other,Free,45,14,2,26.7,98.83,2024-12-18,2024-12-21,No,No,MacOS,Edge,Credit Card,French,Evening,3,Individual,william.jackson471@company.com,,0
53906,Richard Rodriguez,richard.rodriguez485@company.com,API Service,Payment Problem,I am unable to access my account after entering the correct credentials.,Subscription status corrected and confirmation email sent to customer.,Medium,Open,Email,Europe,20,Other,Basic,14,14,1,31.71,98.35,2022-01-02,2022-01-14,No,No,Android,Unknown,PayPal,Chinese,Evening,2,Corporate,richard.rodriguez485@company.com,,0
176450,Karen Thomas,karen.thomas25@company.com,Payment Gateway,Feature Request,I found a bug in the latest update affecting report generation.,The duplicate charge was reversed and refund processed within 3-5 business days.,Medium,Closed,Chat,Africa,50,Male,Enterprise,43,9,2,13.21,151.8,2023-12-03,2023-12-06,Yes,Yes,iOS,Firefox,PayPal,French,Night,2,Small Business,karen.thomas25@company.com,,0
190019,David Moore,david.moore813@company.com,Cloud Storage,Payment Problem,I would like to request a refund for the recent charge.,The duplicate charge was reversed and refund processed within 3-5 business days.,Urgent,Pending Customer,Social Media,Europe,47,Male,Enterprise,52,11,4,2.62,190.23,2024-06-18,2024-06-19,No,No,iOS,Firefox,Debit Card,French,Morning,5,Small Business,david.moore813@company.com,,0
24690,Susan Hernandez,susan.hernandez63@company.com,Payment Gateway,Subscription Cancellation,The payment was deducted from my bank account but the transaction shows failed.,Bug logged internally and workaround shared with the customer.,Urgent,Resolved,Chat,North America,40,Female,Free,37,2,4,33.55,180.04,2023-12-23,2024-01-03,No,Yes,iOS,Edge,Debit Card,Japanese,Night,3,Individual,susan.hernandez63@company.com,,0
138693,Robert Thomas,robert.thomas432@yahoo.com,Billing System,Performance Issue,I would like to request a refund for the recent charge.,Security settings updated and customer notified of precautionary measures.,Low,Resolved,Email,Asia,56,Female,Free,47,16,3,24.86,105.98,2022-12-29,2023-01-07,Yes,Yes,iOS,Edge,Crypto,Chinese,Afternoon,6,Individual,robert.thomas432@yahoo.com,,0
140142,Barbara Jackson,barbara.jackson715@outlook.com,API Service,Subscription Cancellation,I am experiencing very slow performance while using the dashboard.,Security settings updated and customer notified of precautionary measures.,Medium,Pending Customer,Chat,Africa,27,Male,Enterprise,54,3,3,47.41,81.47,2024-07-23,2024-07-28,No,No,MacOS,Edge,Crypto,German,Night,10,Corporate,barbara.jackson715@outlook.com,,0
161909,Susan Smith,susan.smith683@outlook.com,Billing System,Feature Request,I would like to request a refund for the recent charge.,Payment gateway timeout issue fixed and monitoring implemented.,Low,Resolved,Phone,Australia,19,Other,Enterprise,8,11,1,57.59,201.02,2023-11-01,2023-11-13,No,No,Android,Edge,Debit Card,Spanish,Morning,4,Small Business,susan.smith683@outlook.com,,0
197631,Sarah Moore,sarah.moore25@yahoo.com,CRM Platform,Refund Request,The system is not syncing data across devices properly.,Explained billing breakdown and clarified applicable charges.,High,In Progress,Social Media,South America,28,Female,Basic,2,6,1,12.01,47.93,2022-05-27,2022-05-28,Yes,No,Windows,Firefox,Debit Card,Spanish,Morning,1,Corporate,sarah.moore25@yahoo.com,,0
156577,Thomas Thomas,thomas.thomas117@company.com,Analytics Dashboard,Refund Request,I would like to request a refund for the recent charge.,The issue was escalated to engineering and resolved in the latest patch.,Urgent,In Progress,Phone,Australia,59,Other,Basic,38,4,3,69.79,25.04,2024-07-17,2024-07-30,Yes,Yes,Windows,Firefox,Debit Card,English,Afternoon,6,Corporate,thomas.thomas117@company.com,,0
31566,William Anderson,william.anderson847@gmail.com,Mobile App,Feature Request,The payment was deducted from my bank account but the transaction shows failed.,Provided step-by-step troubleshooting instructions and issue resolved.,Low,Pending Customer,Social Media,North America,29,Male,Premium,14,6,2,55.57,226.15,2024-02-18,2024-02-27,No,Yes,MacOS,Unknown,Bank Transfer,English,Morning,4,Individual,william.anderson847@gmail.com,,0
27103,William Jones,william.jones178@company.com,E-commerce Store,Payment Problem,I am unable to access my account after entering the correct credentials.,The duplicate charge was reversed and refund processed within 3-5 business days.,High,Pending Customer,Chat,North America,20,Female,Basic,50,11,1,68.3,171.95,2023-06-19,2023-07-03,Yes,No,MacOS,Firefox,Bank Transfer,French,Afternoon,2,Small Business,william.jones178@company.com,,0
41857,Robert Davis,robert.davis119@hotmail.com,E-commerce Store,Bug Report,I would like to request a refund for the recent charge.,Payment gateway timeout issue fixed and monitoring implemented.,Urgent,Pending Customer,Social Media,Australia,29,Other,Basic,3,14,1,31.05,10.24,2024-07-17,2024-07-30,No,No,Android,Edge,Crypto,French,Afternoon,8,Corporate,robert.davis119@hotmail.com,,0
191769,Joseph Jackson,joseph.jackson45@gmail.com,Web Portal,Data Sync Issue,The payment was deducted from my bank account but the transaction shows failed.,Subscription status corrected and confirmation email sent to customer.,Low,In Progress,Social Media,Europe,33,Male,Free,8,4,4,59.61,1.55,2023-11-09,2023-11-15,Yes,No,MacOS,Safari,PayPal,French,Afternoon,3,Individual,joseph.jackson45@gmail.com,,0
78041,Sarah Williams,sarah.williams849@icloud.com,Cloud Storage,Refund Request,I am unable to access my account after entering the correct credentials.,We have reset the account credentials and advised the customer to retry login.,High,In Progress,Chat,South America,59,Other,Enterprise,52,11,1,32.4,163.52,2023-04-27,2023-05-05,Yes,Yes,Android,Chrome,Bank Transfer,Chinese,Morning,10,Individual,sarah.williams849@icloud.com,,0
45270,Karen Jones,karen.jones498@yahoo.com,Analytics Dashboard,Account Suspension,I am unable to access my account after entering the correct credentials.,Bug logged internally and workaround shared with the customer.,High,In Progress,Chat,Europe,37,Female,Basic,51,14,4,6.32,166.98,2022-02-28,2022-03-04,Yes,No,Android,Edge,Crypto,Spanish,Evening,4,Corporate,karen.jones498@yahoo.com,,0
118577,Patricia Anderson,patricia.anderson5@hotmail.com,Mobile App,Performance Issue,The system is not syncing data across devices properly.,We have reset the account credentials and advised the customer to retry login.,Medium,In Progress,Email,Europe,73,Female,Basic,54,18,4,13.51,191.74,2022-09-07,2022-09-13,No,No,Android,Edge,PayPal,English,Afternoon,4,Individual,patricia.anderson5@hotmail.com,,0
170848,Elizabeth Gonzalez,elizabeth.gonzalez934@yahoo.com,Web Portal,Performance Issue,The payment was deducted from my bank account but the transaction shows failed.,Provided step-by-step troubleshooting instructions and issue resolved.,High,Open,Chat,North America,42,Other,Free,2,7,5,64.7,171.1,2022-10-24,2022-11-04,No,No,iOS,Firefox,Bank Transfer,French,Morning,8,Small Business,elizabeth.gonzalez934@yahoo.com,,0
109836,David Jackson,david.jackson527@outlook.com,Web Portal,Subscription Cancellation,I would like to request a refund for the recent charge.,Provided step-by-step troubleshooting instructions and issue resolved.,High,Pending Customer,Web Form,Asia,58,Male,Basic,18,11,5,48.19,93.53,2022-07-12,2022-07-14,No,No,Linux,Edge,Crypto,Japanese,Night,6,Individual,david.jackson527@outlook.com,,0
114580,James Taylor,james.taylor5@icloud.com,Analytics Dashboard,Security Concern,There seems to be a discrepancy in my billing statement for this month.,Payment gateway timeout issue fixed and monitoring implemented.,Low,Pending Customer,Phone,North America,59,Male,Basic,28,15,2,67.1,72.09,2022-02-03,2022-02-06,No,No,iOS,Firefox,Credit Card,French,Morning,2,Corporate,james.taylor5@icloud.com,,0
127821,Michael Martin,michael.martin626@hotmail.com,Web Portal,Login Issue,The payment was deducted from my bank account but the transaction shows failed.,Provided step-by-step troubleshooting instructions and issue resolved.,Low,Open,Phone,South America,65,Other,Free,28,2,5,41.7,112.18,2022-05-06,2022-05-06,Yes,Yes,MacOS,Safari,Bank Transfer,Spanish,Evening,1,Corporate,michael.martin626@hotmail.com,,0
15600,Mary Rodriguez,mary.rodriguez130@yahoo.com,Subscription Service,Refund Request,The application crashes whenever I try to upload a file.,We have reset the account credentials and advised the customer to retry login.,High,Pending Customer,Phone,Africa,23,Female,Basic,38,8,1,15.58,71.82,2024-09-10,2024-09-16,Yes,Yes,Windows,Chrome,PayPal,Chinese,Night,2,Small Business,mary.rodriguez130@yahoo.com,2022-08-17,0
63083,Sarah Gonzalez,sarah.gonzalez275@icloud.com,Mobile App,Data Sync Issue,Two-factor authentication codes are not being delivered to my phone.,We have reset the account credentials and advised the customer to retry login.,Urgent,Resolved,Chat,Europe,67,Female,Premium,43,18,5,62.15,239.03,2023-01-23,2023-01-30,No,Yes,Windows,Unknown,Credit Card,English,Night,1,Individual,sarah.gonzalez275@icloud.com,,0
180253,Jennifer Gonzalez,jennifer.gonzalez379@yahoo.com,Billing System,Payment Problem,I would like to request a refund for the recent charge.,Explained billing breakdown and clarified applicable charges.,High,In Progress,Phone,Europe,22,Other,Free,3,6,2,27.44,99.73,2022-12-05,2022-12-05,Yes,No,MacOS,Edge,Credit Card,Chinese,Night,7,Individual,jennifer.gonzalez379@yahoo.com,,0
13991,Jessica Johnson,jessica.johnson622@company.com,API Service,Bug Report,My subscription was cancelled without my request and I need clarification.,Security settings updated and customer notified of precautionary measures.,Urgent,Pending Customer,Social Media,Australia,46,Female,Premium,7,9,2,68.06,110.02,2023-01-29,2023-02-04,No,Yes,Android,Chrome,Debit Card,English,Afternoon,1,Individual,jessica.johnson622@company.com,,0
19377,Patricia Anderson,patricia.anderson21@gmail.com,Billing System,Feature Request,Two-factor authentication codes are not being delivered to my phone.,Data synchronization restored after backend service restart.,High,In Progress,Chat,Australia,29,Female,Basic,16,8,2,6.39,225.27,2023-10-05,2023-10-12,Yes,Yes,Windows,Edge,Crypto,English,Night,2,Corporate,patricia.anderson21@gmail.com,,0
17195,Robert Jackson,robert.jackson275@gmail.com,Mobile App,Subscription Cancellation,My subscription was cancelled without my request and I need clarification.,Security settings updated and customer notified of precautionary measures.,Urgent,Resolved,Web Form,Europe,59,Male,Basic,15,17,3,65.7,56.82,2023-01-27,2023-02-07,Yes,Yes,MacOS,Unknown,Bank Transfer,Spanish,Night,6,Corporate,robert.jackson275@gmail.com,,0
58796,John Rodriguez,john.rodriguez950@hotmail.com,Cloud Storage,Login Issue,Two-factor authentication codes are not being delivered to my phone.,The duplicate charge was reversed and refund processed within 3-5 business days.,Low,Pending Customer,Phone,North America,23,Female,Basic,2,15,4,22.87,32.22,2024-09-19,2024-09-23,Yes,Yes,Android,Chrome,PayPal,English,Evening,7,Small Business,john.rodriguez950@hotmail.com,,0
36940,William Jackson,william.jackson451@yahoo.com,Web Portal,Data Sync Issue,The payment was deducted from my bank account but the transaction shows failed.,Explained billing breakdown and clarified applicable charges.,Low,Closed,Chat,North America,63,Other,Premium,57,3,5,36.02,174.59,2023-10-12,2023-10-25,Yes,No,iOS,Unknown,Credit Card,Spanish,Morning,9,Corporate,william.jackson451@yahoo.com,,0
156025,Barbara Smith,barbara.smith5@yahoo.com,Payment Gateway,Subscription Cancellation,The application crashes whenever I try to upload a file.,Data synchronization restored after backend service restart.,Medium,Resolved,Web Form,Europe,47,Female,Premium,26,6,3,70.43,152.63,2022-02-24,2022-03-03,No,Yes,Linux,Firefox,Credit Card,Japanese,Afternoon,2,Small Business,barbara.smith5@yahoo.com,,0
86429,Robert Hernandez,robert.hernandez852@company.com,Web Portal,Refund Request,I am unable to access my account after entering the correct credentials.,Provided step-by-step troubleshooting instructions and issue resolved.,Medium,In Progress,Social Media,Europe,71,Male,Free,11,10,5,54.14,135.76,2022-02-23,2022-03-04,Yes,Yes,Linux,Edge,Bank Transfer,German,Night,9,Individual,robert.hernandez852@company.com,,0
80409,Linda Miller,linda.miller806@gmail.com,Analytics Dashboard,Subscription Cancellation,I would like to request a refund for the recent charge.,Payment gateway timeout issue fixed and monitoring implemented.,Urgent,In Progress,Social Media,South America,50,Male,Premium,48,16,1,29.42,98.84,2022-01-27,2022-02-07,No,Yes,Linux,Chrome,Debit Card,English,Afternoon,6,Small Business,linda.miller806@gmail.com,,0
1486,Richard Miller,richard.miller400@yahoo.com,E-commerce Store,Login Issue,There seems to be a discrepancy in my billing statement for this month.,The duplicate charge was reversed and refund processed within 3-5 business days.,High,Open,Web Form,Australia,47,Other,Free,56,9,5,8.23,49.87,2022-08-30,2022-09-11,No,Yes,iOS,Firefox,Crypto,German,Evening,3,Small Business,richard.miller400@yahoo.com,,0
193217,Barbara Anderson,barbara.anderson491@hotmail.com,API Service,Bug Report,The application crashes whenever I try to upload a file.,Bug logged internally and workaround shared with the customer.,Low,Pending Customer,Phone,North America,40,Other,Enterprise,2,3,5,62.88,196.53,2024-03-19,2024-03-23,No,Yes,iOS,Safari,Crypto,Japanese,Evening,4,Small Business,barbara.anderson491@hotmail.com,,0
79509,Joseph Garcia,joseph.garcia761@icloud.com,Subscription Service,Refund Request,I would like to request a refund for the recent charge.,Subscription status corrected and confirmation email sent to customer.,Medium,Open,Phone,South America,42,Female,Enterprise,26,16,2,33.66,189.37,2024-07-29,2024-07-31,No,No,Android,Firefox,Credit Card,Chinese,Evening,8,Small Business,joseph.garcia761@icloud.com,,0
92615,Jessica Martinez,jessica.martinez733@hotmail.com,Web Portal,Data Sync Issue,Two-factor authentication codes are not being delivered to my phone.,We have reset the account credentials and advised the customer to retry login.,High,Closed,Chat,North America,71,Female,Enterprise,50,13,2,47.72,184.77,2022-10-30,2022-11-12,No,Yes,MacOS,Firefox,PayPal,Spanish,Evening,10,Small Business,jessica.martinez733@hotmail.com,2022-10-16,1
107081,Thomas Moore,thomas.moore852@hotmail.com,Payment Gateway,Subscription Cancellation,I would like to request a refund for the recent charge.,The duplicate charge was reversed and refund processed within 3-5 business days.,Urgent,Open,Chat,South America,73,Female,Basic,39,7,5,70.44,167.73,2022-04-14,2022-04-15,No,Yes,Android,Edge,PayPal,French,Evening,9,Individual,thomas.moore852@hotmail.com,,0
1875,Susan Smith,susan.smith872@hotmail.com,Mobile App,Refund Request,The payment was deducted from my bank account but the transaction shows failed.,We have reset the account credentials and advised the customer to retry login.,Medium,In Progress,Phone,North America,60,Male,Free,60,19,3,26.63,141.14,2022-12-31,2023-01-07,No,Yes,Android,Edge,Debit Card,Japanese,Evening,10,Small Business,susan.smith872@hotmail.com,,0
143262,Michael Wilson,michael.wilson602@yahoo.com,Subscription Service,Data Sync Issue,The system is not syncing data across devices properly.,Subscription status corrected and confirmation email sent to customer.,Urgent,Open,Web Form,Europe,48,Male,Enterprise,35,20,1,20.82,147.63,2022-06-19,2022-06-30,Yes,Yes,Linux,Unknown,Credit Card,Spanish,Morning,8,Corporate,michael.wilson602@yahoo.com,,0
129652,Patricia Moore,patricia.moore465@company.com,Analytics Dashboard,Account Suspension,The application crashes whenever I try to upload a file.,Data synchronization restored after backend service restart.,Low,Open,Email,Europe,30,Male,Basic,3,4,4,1.19,4.38,2022-12-01,2022-12-02,No,No,Android,Firefox,Bank Transfer,Chinese,Night,10,Individual,patricia.moore465@company.com,,0
16376,David Garcia,david.garcia876@outlook.com,E-commerce Store,Login Issue,The application crashes whenever I try to upload a file.,Payment gateway timeout issue fixed and monitoring implemented.,Urgent,Open,Social Media,South America,69,Male,Enterprise,41,7,3,22.64,101.35,2022-02-02,2022-02-12,No,Yes,iOS,Firefox,Crypto,Spanish,Morning,7,Small Business,david.garcia876@outlook.com,,0
38909,Charles Gonzalez,charles.gonzalez81@icloud.com,Analytics Dashboard,Payment Problem,The payment was deducted from my bank account but the transaction shows failed.,Data synchronization restored after backend service restart.,High,Resolved,Web Form,Australia,23,Male,Free,11,12,3,13.01,64.92,2022-10-09,2022-10-09,Yes,Yes,iOS,Firefox,Credit Card,English,Night,3,Individual,charles.gonzalez81@icloud.com,,0
195582,Sarah Johnson,sarah.johnson185@icloud.com,Mobile App,Data Sync Issue,I would like to request a refund for the recent charge.,The duplicate charge was reversed and refund processed within 3-5 business days.,High,Resolved,Web Form,North America,33,Male,Basic,16,6,4,58.16,217.99,2024-09-24,2024-10-01,No,No,iOS,Edge,Bank Transfer,French,Morning,7,Individual,sarah.johnson185@icloud.com,,0
42008,Joseph Garcia,joseph.garcia677@gmail.com,E-commerce Store,Feature Request,The system is not syncing data across devices properly.,The issue was escalated to engineering and resolved in the latest patch.,Urgent,Closed,Web Form,South America,36,Other,Free,14,18,1,32.6,159.8,2024-04-10,2024-04-21,Yes,No,iOS,Firefox,PayPal,Japanese,Morning,10,Small Business,joseph.garcia677@gmail.com,,0
83746,David Jones,david.jones947@outlook.com,Mobile App,Security Concern,The system is not syncing data across devices properly.,We have reset the account credentials and advised the customer to retry login.,Medium,Pending Customer,Phone,Europe,61,Female,Basic,50,14,2,58.58,60.91,2023-06-12,2023-06-12,No,Yes,Linux,Edge,Crypto,English,Afternoon,3,Corporate,david.jones947@outlook.com,,0
70307,Mary Gonzalez,mary.gonzalez352@yahoo.com,CRM Platform,Data Sync Issue,Two-factor authentication codes are not being delivered to my phone.,Bug logged internally and workaround shared with the customer.,Urgent,Resolved,Email,North America,26,Male,Free,14,14,5,37.11,2.71,2023-06-04,2023-06-12,Yes,Yes,MacOS,Firefox,Bank Transfer,Spanish,Night,2,Individual,mary.gonzalez352@yahoo.com,,0
70004,David Thomas,david.thomas344@gmail.com,Web Portal,Performance Issue,I would like to request a refund for the recent charge.,Explained billing breakdown and clarified applicable charges.,Low,Open,Social Media,Australia,24,Male,Premium,32,4,2,62.64,161.15,2022-06-22,2022-06-23,Yes,Yes,MacOS,Unknown,Credit Card,Spanish,Afternoon,2,Small Business,david.thomas344@gmail.com,,0
147198,Robert Taylor,robert.taylor180@yahoo.com,Analytics Dashboard,Feature Request,I am experiencing very slow performance while using the dashboard.,Payment gateway timeout issue fixed and monitoring implemented.,Low,Resolved,Phone,Africa,59,Other,Basic,15,18,4,13.59,79.88,2024-12-27,2025-01-07,No,No,Linux,Firefox,Debit Card,Spanish,Morning,10,Small Business,robert.taylor180@yahoo.com,,0
59174,Linda Davis,linda.davis777@outlook.com,E-commerce Store,Data Sync Issue,Two-factor authentication codes are not being delivered to my phone.,We have reset the account credentials and advised the customer to retry login.,Low,Pending Customer,Chat,Australia,42,Other,Free,32,11,5,17.38,83.93,2024-08-06,2024-08-13,No,No,Android,Firefox,Crypto,Japanese,Night,10,Corporate,linda.davis777@outlook.com,,0
106605,Charles Thomas,charles.thomas179@outlook.com,Subscription Service,Login Issue,I would like to request a refund for the recent charge.,We have reset the account credentials and advised the customer to retry login.,Urgent,Resolved,Chat,Asia,38,Other,Basic,12,3,1,28.41,155.44,2022-06-13,2022-06-17,Yes,No,Linux,Unknown,Credit Card,English,Afternoon,6,Corporate,charles.thomas179@outlook.com,,0
36441,David Johnson,david.johnson139@icloud.com,Payment Gateway,Subscription Cancellation,I would like to request a refund for the recent charge.,The issue was escalated to engineering and resolved in the latest patch.,Medium,Resolved,Phone,Africa,51,Other,Free,48,18,1,29.7,164.8,2022-08-19,2022-08-29,Yes,Yes,Android,Chrome,Crypto,German,Evening,4,Small Business,david.johnson139@icloud.com,,0
110167,Sarah Johnson,sarah.johnson185@company.com,Mobile App,Bug Report,I found a bug in the latest update affecting report generation.,Security settings updated and customer notified of precautionary measures.,High,Closed,Email,Australia,70,Female,Premium,21,20,2,51.16,225.32,2023-05-28,2023-05-31,Yes,Yes,iOS,Edge,PayPal,English,Night,5,Individual,sarah.johnson185@company.com,,0
102221,Michael Williams,michael.williams148@company.com,Analytics Dashboard,Bug Report,My subscription was cancelled without my request and I need clarification.,Explained billing breakdown and clarified applicable charges.,Medium,Closed,Chat,Asia,20,Male,Free,38,12,4,55.04,96.42,2024-03-17,2024-03-21,Yes,No,Android,Edge,PayPal,German,Evening,3,Corporate,michael.williams148@company.com,,0
25147,William Anderson,william.anderson180@company.com,Web Portal,Payment Problem,I found a bug in the latest update affecting report generation.,We have reset the account credentials and advised the customer to retry login.,Low,Resolved,Social Media,Australia,59,Female,Premium,40,13,2,66.97,115.64,2023-09-10,2023-09-24,No,No,iOS,Firefox,Credit Card,Japanese,Morning,6,Individual,william.anderson180@company.com,,0
39246,Mary Garcia,mary.garcia186@icloud.com,CRM Platform,Payment Problem,The application crashes whenever I try to upload a file.,Provided step-by-step troubleshooting instructions and issue resolved.,Low,Pending Customer,Chat,Asia,20,Male,Basic,45,3,3,33.04,112.4,2024-12-02,2024-12-15,No,Yes,iOS,Firefox,Crypto,French,Morning,2,Corporate,mary.garcia186@icloud.com,,0
116006,Thomas Jones,thomas.jones695@company.com,API Service,Subscription Cancellation,My subscription was cancelled without my request and I need clarification.,We have reset the account credentials and advised the customer to retry login.,Urgent,Pending Customer,Web Form,Asia,73,Female,Enterprise,48,19,5,44.74,184.94,2024-10-31,2024-11-04,No,Yes,Windows,Chrome,Debit Card,Spanish,Night,1,Individual,thomas.jones695@company.com,,0
83886,Karen Brown,karen.brown603@outlook.com,Cloud Storage,Payment Problem,Two-factor authentication codes are not being delivered to my phone.,Security settings updated and customer notified of precautionary measures.,Low,Open,Social Media,Australia,28,Female,Free,21,15,1,26.65,158.77,2024-02-24,2024-02-28,No,No,Android,Firefox,Crypto,Chinese,Evening,1,Small Business,karen.brown603@outlook.com,,0
138979,Robert Anderson,robert.anderson202@outlook.com,Analytics Dashboard,Bug Report,The system is not syncing data across devices properly.,Data synchronization restored after backend service restart.,Medium,Open,Web Form,Asia,24,Male,Enterprise,13,0,4,28.08,138.46,2022-10-23,2022-11-01,No,Yes,Android,Firefox,Bank Transfer,English,Afternoon,3,Small Business,robert.anderson202@outlook.com,,0
21300,William Brown,william.brown917@company.com,Payment Gateway,Account Suspension,I would like to request a refund for the recent charge.,Explained billing breakdown and clarified applicable charges.,Low,Pending Customer,Web Form,Asia,45,Female,Basic,42,19,4,51.33,32.53,2022-01-27,2022-01-31,No,Yes,Windows,Firefox,Bank Transfer,Spanish,Evening,10,Corporate,william.brown917@company.com,,0
23898,Mary Williams,mary.williams791@gmail.com,Web Portal,Security Concern,Two-factor authentication codes are not being delivered to my phone.,Bug logged internally and workaround shared with the customer.,Low,Resolved,Social Media,Africa,74,Female,Premium,42,12,5,45.3,203.52,2022-07-09,2022-07-09,No,No,MacOS,Unknown,PayPal,English,Afternoon,6,Corporate,mary.williams791@gmail.com,,0
138601,Richard Gonzalez,richard.gonzalez10@gmail.com,E-commerce Store,Data Sync Issue,I am experiencing very slow performance while using the dashboard.,Subscription status corrected and confirmation email sent to customer.,Medium,In Progress,Web Form,South America,70,Male,Premium,49,3,5,1.63,151.63,2022-06-17,2022-06-20,Yes,No,Android,Firefox,Credit Card,Japanese,Night,4,Corporate,richard.gonzalez10@gmail.com,,0
187841,Michael Williams,michael.williams546@company.com,E-commerce Store,Subscription Cancellation,There seems to be a discrepancy in my billing statement for this month.,Provided step-by-step troubleshooting instructions and issue resolved.,Urgent,Pending Customer,Chat,Australia,69,Other,Free,26,18,5,46.0,165.19,2022-11-21,2022-12-02,Yes,Yes,Android,Edge,Crypto,English,Evening,6,Individual,michael.williams546@company.com,,0
133836,Elizabeth Miller,elizabeth.miller574@gmail.com,Mobile App,Payment Problem,I am experiencing very slow performance while using the dashboard.,Security settings updated and customer notified of precautionary measures.,High,Pending Customer,Chat,Asia,35,Male,Basic,51,1,1,43.69,93.63,2023-02-03,2023-02-05,Yes,No,iOS,Edge,Crypto,Japanese,Evening,3,Individual,elizabeth.miller574@gmail.com,,0
83264,Charles Taylor,charles.taylor391@yahoo.com,E-commerce Store,Payment Problem,The payment was deducted from my bank account but the transaction shows failed.,Payment gateway timeout issue fixed and monitoring implemented.,Low,Closed,Email,Asia,41,Other,Enterprise,48,16,4,70.45,197.42,2023-11-18,2023-11-30,No,Yes,iOS,Firefox,Crypto,Japanese,Afternoon,7,Individual,charles.taylor391@yahoo.com,,0
114420,Charles Johnson,charles.johnson64@yahoo.com,Web Portal,Subscription Cancellation,I would like to request a refund for the recent charge.,Explained billing breakdown and clarified applicable charges.,Urgent,In Progress,Social Media,Africa,64,Other,Free,29,14,5,7.77,187.74,2023-10-26,2023-11-08,No,No,iOS,Safari,Credit Card,Spanish,Afternoon,7,Individual,charles.johnson64@yahoo.com,,0
182703,Richard Wilson,richard.wilson117@icloud.com,CRM Platform,Subscription Cancellation,Two-factor authentication codes are not being delivered to my phone.,Payment gateway timeout issue fixed and monitoring implemented.,Medium,Closed,Web Form,South America,32,Male,Basic,26,1,2,55.53,195.72,2024-01-09,2024-01-19,No,No,Linux,Firefox,PayPal,German,Afternoon,8,Individual,richard.wilson117@icloud.com,2022-07-28,0
183172,Patricia Thomas,patricia.thomas792@hotmail.com,Web Portal,Payment Problem,I am unable to access my account after entering the correct credentials.,Payment gateway timeout issue fixed and monitoring implemented.,Low,Pending Customer,Phone,South America,66,Other,Enterprise,39,6,5,12.97,181.22,2023-04-02,2023-04-07,Yes,Yes,Windows,Chrome,Crypto,Spanish,Afternoon,1,Corporate,patricia.thomas792@hotmail.com,,0
136196,Patricia Moore,patricia.moore44@company.com,Payment Gateway,Refund Request,There seems to be a discrepancy in my billing statement for this month.,Provided step-by-step troubleshooting instructions and issue resolved.,High,Resolved,Chat,Africa,61,Other,Basic,21,3,1,31.76,71.1,2023-12-27,2023-12-31,No,Yes,Android,Unknown,Debit Card,Japanese,Night,5,Corporate,patricia.moore44@company.com,,0
49381,Robert Anderson,robert.anderson989@outlook.com,Payment Gateway,Refund Request,My subscription was cancelled without my request and I need clarification.,The duplicate charge was reversed and refund processed within 3-5 business days.,Low,Pending Customer,Chat,Africa,53,Female,Enterprise,19,11,1,9.91,137.54,2023-04-11,2023-04-21,No,Yes,Windows,Edge,Bank Transfer,Spanish,Afternoon,6,Small Business,robert.anderson989@outlook.com,,0
88318,Jennifer Gonzalez,jennifer.gonzalez988@hotmail.com,Analytics Dashboard,Subscription Cancellation,I am unable to access my account after entering the correct credentials.,Security settings updated and customer notified of precautionary measures.,Medium,Resolved,Chat,South America,41,Female,Premium,52,8,3,33.43,149.17,2024-08-01,2024-08-10,No,Yes,Windows,Firefox,PayPal,Chinese,Morning,5,Individual,jennifer.gonzalez988@hotmail.com,,0
147207,Jennifer Moore,jennifer.moore141@outlook.com,E-commerce Store,Login Issue,I am unable to access my account after entering the correct credentials.,Payment gateway timeout issue fixed and monitoring implemented.,Medium,Closed,Phone,North America,46,Male,Free,8,0,5,30.57,163.35,2022-06-18,2022-06-22,No,No,Android,Unknown,Crypto,Chinese,Night,10,Small Business,jennifer.moore141@outlook.com,,0
113729,Michael Smith,michael.smith934@outlook.com,Analytics Dashboard,Account Suspension,The application crashes whenever I try to upload a file.,Explained billing breakdown and clarified applicable charges.,High,Pending Customer,Email,Asia,22,Female,Premium,13,6,2,28.38,28.87,2024-11-24,2024-11-30,Yes,Yes,Windows,Chrome,Debit Card,Japanese,Afternoon,2,Small Business,michael.smith934@outlook.com,,0
95847,Elizabeth Brown,elizabeth.brown231@gmail.com,E-commerce Store,Subscription Cancellation,The application crashes whenever I try to upload a file.,The duplicate charge was reversed and refund processed within 3-5 business days.,Low,In Progress,Email,South America,30,Other,Premium,21,4,4,35.57,183.97,2024-08-12,2024-08-23,Yes,Yes,MacOS,Chrome,Crypto,Chinese,Evening,9,Individual,elizabeth.brown231@gmail.com,,0
102337,Joseph Jones,joseph.jones412@icloud.com,Analytics Dashboard,Feature Request,I am experiencing very slow performance while using the dashboard.,Payment gateway timeout issue fixed and monitoring implemented.,Low,In Progress,Web Form,Australia,39,Male,Basic,23,7,2,49.41,66.8,2022-12-01,2022-12-14,Yes,Yes,Windows,Chrome,Debit Card,French,Morning,7,Corporate,joseph.jones412@icloud.com,,0
56255,Richard Martinez,richard.martinez853@hotmail.com,Web Portal,Refund Request,Two-factor authentication codes are not being delivered to my phone.,Security settings updated and customer notified of precautionary measures.,High,In Progress,Web Form,Australia,57,Male,Basic,28,3,2,30.09,134.87,2024-06-17,2024-06-21,No,No,MacOS,Unknown,Bank Transfer,Japanese,Afternoon,3,Small Business,richard.martinez853@hotmail.com,,0
164733,Elizabeth Smith,elizabeth.smith953@hotmail.com,Payment Gateway,Login Issue,There seems to be a discrepancy in my billing statement for this month.,The issue was escalated to engineering and resolved in the latest patch.,Low,Closed,Web Form,Asia,36,Male,Basic,36,5,1,14.38,13.51,2022-03-31,2022-04-13,No,No,Windows,Safari,Debit Card,French,Afternoon,2,Corporate,elizabeth.smith953@hotmail.com,,0
192637,Susan Moore,susan.moore618@hotmail.com,API Service,Security Concern,The system is not syncing data across devices properly.,Explained billing breakdown and clarified applicable charges.,Medium,Closed,Email,Asia,50,Male,Premium,13,8,3,16.3,25.02,2024-05-17,2024-05-25,Yes,Yes,Linux,Safari,Bank Transfer,French,Evening,4,Individual,susan.moore618@hotmail.com,,0
82039,Patricia Garcia,patricia.garcia447@yahoo.com,Mobile App,Refund Request,I would like to request a refund for the recent charge.,The duplicate charge was reversed and refund processed within 3-5 business days.,High,Open,Email,North America,61,Female,Free,2,8,5,32.58,210.53,2023-08-29,2023-09-11,No,Yes,Linux,Firefox,Debit Card,English,Morning,5,Small Business,patricia.garcia447@yahoo.com,,0
49856,William Smith,william.smith524@gmail.com,Payment Gateway,Bug Report,The payment was deducted from my bank account but the transaction shows failed.,Explained billing breakdown and clarified applicable charges.,Low,In Progress,Email,Australia,62,Male,Premium,9,2,5,22.21,195.93,2023-02-19,2023-02-23,No,Yes,MacOS,Edge,Crypto,Chinese,Evening,9,Corporate,william.smith524@gmail.com,,0
178230,Karen Moore,karen.moore381@gmail.com,Cloud Storage,Performance Issue,The system is not syncing data across devices properly.,Data synchronization restored after backend service restart.,Urgent,In Progress,Web Form,Asia,27,Other,Free,6,20,1,67.58,219.01,2024-12-25,2025-01-01,No,Yes,Windows,Firefox,Bank Transfer,Japanese,Night,5,Individual,karen.moore381@gmail.com,,0
79081,Linda Martinez,linda.martinez768@outlook.com,Web Portal,Account Suspension,Two-factor authentication codes are not being delivered to my phone.,Explained billing breakdown and clarified applicable charges.,Low,Resolved,Web Form,North America,31,Other,Enterprise,59,2,3,13.31,195.96,2022-06-14,2022-06-20,No,Yes,iOS,Safari,PayPal,Spanish,Night,9,Small Business,linda.martinez768@outlook.com,,0
133713,Patricia Moore,patricia.moore593@company.com,Payment Gateway,Security Concern,I am unable to access my account after entering the correct credentials.,Provided step-by-step troubleshooting instructions and issue resolved.,Medium,Closed,Phone,Asia,19,Other,Premium,57,1,1,43.65,80.87,2024-06-02,2024-06-05,Yes,No,MacOS,Edge,Credit Card,Chinese,Evening,5,Corporate,patricia.moore593@company.com,2022-11-26,0
56741,Jennifer Brown,jennifer.brown338@yahoo.com,API Service,Performance Issue,I found a bug in the latest update affecting report generation.,We have reset the account credentials and advised the customer to retry login.,Medium,Pending Customer,Web Form,North America,59,Other,Basic,14,14,4,23.36,140.61,2023-10-21,2023-10-22,No,Yes,iOS,Edge,PayPal,Spanish,Afternoon,9,Small Business,jennifer.brown338@yahoo.com,,0
87932,Robert Jones,robert.jones33@company.com,CRM Platform,Refund Request,The payment was deducted from my bank account but the transaction shows failed.,The issue was escalated to engineering and resolved in the latest patch.,High,In Progress,Chat,Asia,55,Female,Free,40,2,5,60.23,5.97,2023-05-16,2023-05-27,Yes,Yes,Android,Safari,PayPal,German,Morning,1,Individual,robert.jones33@company.com,,0
93006,Charles Jones,charles.jones984@hotmail.com,Billing System,Performance Issue,I am experiencing very slow performance while using the dashboard.,Bug logged internally and workaround shared with the customer.,High,In Progress,Social Media,Africa,70,Other,Enterprise,60,8,5,10.21,124.46,2023-01-01,2023-01-10,No,Yes,Windows,Chrome,PayPal,Chinese,Evening,7,Small Business,charles.jones984@hotmail.com,,0
16538,David Jones,david.jones73@hotmail.com,API Service,Performance Issue,I would like to request a refund for the recent charge.,Explained billing breakdown and clarified applicable charges.,High,In Progress,Email,Africa,25,Other,Premium,6,11,3,32.37,171.26,2022-07-25,2022-08-08,No,Yes,Android,Firefox,Bank Transfer,Chinese,Night,8,Individual,david.jones73@hotmail.com,,0
145528,William Johnson,william.johnson508@gmail.com,Web Portal,Security Concern,The payment was deducted from my bank account but the transaction shows failed.,Data synchronization restored after backend service restart.,Low,Closed,Email,North America,69,Other,Basic,39,15,5,49.0,123.32,2023-11-26,2023-12-03,Yes,No,Linux,Firefox,Bank Transfer,German,Morning,9,Small Business,william.johnson508@gmail.com,,0
114198,Barbara Martinez,barbara.martinez234@outlook.com,Billing System,Bug Report,I am unable to access my account after entering the correct credentials.,Bug logged internally and workaround shared with the customer.,Urgent,Closed,Phone,Australia,20,Male,Basic,29,16,5,0.56,2.62,2023-08-02,2023-08-06,No,No,Windows,Safari,Debit Card,Chinese,Morning,6,Individual,barbara.martinez234@outlook.com,,0
73032,Richard Hernandez,richard.hernandez48@outlook.com,Payment Gateway,Account Suspension,I am experiencing very slow performance while using the dashboard.,Security settings updated and customer notified of precautionary measures.,Low,Pending Customer,Web Form,Asia,41,Other,Enterprise,30,18,3,38.94,115.77,2023-11-13,2023-11-27,Yes,No,MacOS,Firefox,Debit Card,German,Afternoon,2,Small Business,richard.hernandez48@outlook.com,,0
74849,James Taylor,james.taylor465@gmail.com,Web Portal,Security Concern,The payment was deducted from my bank account but the transaction shows failed.,Security settings updated and customer notified of precautionary measures.,High,Pending Customer,Email,Australia,30,Female,Enterprise,38,15,2,38.7,154.93,2023-11-30,2023-12-03,Yes,No,iOS,Firefox,Crypto,Chinese,Evening,3,Corporate,james.taylor465@gmail.com,,0
139104,Jennifer Wilson,jennifer.wilson948@company.com,E-commerce Store,Subscription Cancellation,Two-factor authentication codes are not being delivered to my phone.,Subscription status corrected and confirmation email sent to customer.,High,Open,Web Form,Europe,40,Male,Basic,56,0,3,46.1,11.56,2022-11-21,2022-12-05,No,No,MacOS,Chrome,PayPal,German,Night,9,Individual,jennifer.wilson948@company.com,,0
31885,Thomas Garcia,thomas.garcia67@outlook.com,API Service,Login Issue,I would like to request a refund for the recent charge.,Provided step-by-step troubleshooting instructions and issue resolved.,Urgent,Pending Customer,Web Form,Europe,72,Female,Basic,42,16,3,33.82,82.61,2023-10-26,2023-11-07,No,Yes,iOS,Firefox,Crypto,French,Evening,3,Corporate,thomas.garcia67@outlook.com,,0
66212,Joseph Miller,joseph.miller487@company.com,Analytics Dashboard,Bug Report,The system is not syncing data across devices properly.,Payment gateway timeout issue fixed and monitoring implemented.,Low,Resolved,Phone,North America,73,Female,Free,24,6,4,15.02,18.65,2022-05-22,2022-05-25,No,Yes,iOS,Edge,Bank Transfer,German,Evening,10,Individual,joseph.miller487@company.com,,0
38584,Michael Miller,michael.miller72@company.com,Web Portal,Subscription Cancellation,I am unable to access my account after entering the correct credentials.,Payment gateway timeout issue fixed and monitoring implemented.,Medium,Resolved,Phone,Europe,72,Female,Basic,25,11,1,45.6,214.13,2023-04-18,2023-04-18,Yes,Yes,Linux,Firefox,Crypto,Spanish,Morning,3,Small Business,michael.miller72@company.com,,0
73957,Sarah Miller,sarah.miller893@hotmail.com,Billing System,Data Sync Issue,The system is not syncing data across devices properly.,Data synchronization restored after backend service restart.,Medium,In Progress,Chat,South America,53,Female,Free,42,2,1,16.05,149.32,2022-11-27,2022-11-28,No,No,Android,Edge,Crypto,German,Morning,7,Small Business,sarah.miller893@hotmail.com,,0
50595,Karen Jackson,karen.jackson171@icloud.com,Mobile App,Data Sync Issue,The application crashes whenever I try to upload a file.,Bug logged internally and workaround shared with the customer.,High,Open,Chat,Africa,23,Other,Basic,5,20,5,64.02,27.85,2023-06-14,2023-06-25,No,Yes,Android,Safari,Credit Card,Chinese,Morning,3,Corporate,karen.jackson171@icloud.com,,0
182976,Jessica Smith,jessica.smith841@outlook.com,API Service,Bug Report,My subscription was cancelled without my request and I need clarification.,Subscription status corrected and confirmation email sent to customer.,High,Closed,Phone,North America,20,Female,Premium,12,15,1,21.74,128.95,2023-02-08,2023-02-11,Yes,Yes,Linux,Chrome,PayPal,Japanese,Afternoon,6,Individual,jessica.smith841@outlook.com,,0
50564,Linda Thomas,linda.thomas231@hotmail.com,Payment Gateway,Data Sync Issue,I found a bug in the latest update affecting report generation.,Payment gateway timeout issue fixed and monitoring implemented.,Medium,Open,Web Form,Africa,43,Other,Free,17,19,2,24.74,103.49,2022-10-31,2022-11-12,No,No,Windows,Chrome,Debit Card,Japanese,Afternoon,2,Individual,linda.thomas231@hotmail.com,,0
126823,Linda Taylor,linda.taylor595@yahoo.com,Billing System,Data Sync Issue,My subscription was cancelled without my request and I need clarification.,Bug logged internally and workaround shared with the customer.,Medium,In Progress,Chat,Australia,43,Other,Free,39,19,4,21.76,148.06,2024-11-26,2024-12-04,No,Yes,Linux,Chrome,Credit Card,French,Afternoon,9,Corporate,linda.taylor595@yahoo.com,,0
90843,Karen Martin,karen.martin29@gmail.com,Analytics Dashboard,Subscription Cancellation,Two-factor authentication codes are not being delivered to my phone.,Provided step-by-step troubleshooting instructions and issue resolved.,High,Pending Customer,Email,Africa,65,Other,Basic,18,3,5,20.36,151.03,2023-04-04,2023-04-08,Yes,No,Android,Edge,Debit Card,Japanese,Evening,9,Corporate,karen.martin29@gmail.com,,0
138091,Susan Garcia,susan.garcia940@company.com,E-commerce Store,Bug Report,I would like to request a refund for the recent charge.,Bug logged internally and workaround shared with the customer.,Medium,In Progress,Email,North America,29,Other,Free,21,2,3,56.21,202.44,2024-11-19,2024-11-26,Yes,No,Android,Safari,Crypto,Spanish,Morning,10,Individual,susan.garcia940@company.com,,0
177896,Patricia Gonzalez,patricia.gonzalez908@outlook.com,CRM Platform,Security Concern,The system is not syncing data across devices properly.,Provided step-by-step troubleshooting instructions and issue resolved.,Low,Pending Customer,Chat,Australia,44,Other,Enterprise,12,4,1,7.67,49.51,2023-08-26,2023-09-04,No,No,MacOS,Unknown,Credit Card,English,Night,3,Corporate,patricia.gonzalez908@outlook.com,,0
64567,Charles Brown,charles.brown982@hotmail.com,API Service,Data Sync Issue,The payment was deducted from my bank account but the transaction shows failed.,The issue was escalated to engineering and resolved in the latest patch.,Medium,Closed,Chat,South America,50,Other,Premium,2,13,1,65.82,214.03,2022-10-26,2022-11-06,No,No,Linux,Firefox,PayPal,Chinese,Afternoon,1,Corporate,charles.brown982@hotmail.com,,0
70379,John Thomas,john.thomas337@icloud.com,Analytics Dashboard,Login Issue,Two-factor authentication codes are not being delivered to my phone.,Security settings updated and customer notified of precautionary measures.,Low,In Progress,Chat,Europe,74,Male,Premium,24,3,5,25.77,30.05,2022-05-04,2022-05-16,Yes,Yes,Linux,Safari,PayPal,Chinese,Night,1,Corporate,john.thomas337@icloud.com,,0
122776,Jessica Thomas,jessica.thomas298@company.com,E-commerce Store,Subscription Cancellation,I am experiencing very slow performance while using the dashboard.,Explained billing breakdown and clarified applicable charges.,Low,In Progress,Email,Africa,54,Other,Premium,33,14,4,45.18,233.32,2024-01-12,2024-01-13,Yes,Yes,iOS,Unknown,Debit Card,Japanese,Afternoon,10,Corporate,jessica.thomas298@company.com,,0
151426,Linda Brown,linda.brown695@outlook.com,E-commerce Store,Data Sync Issue,The payment was deducted from my bank account but the transaction shows failed.,Payment gateway timeout issue fixed and monitoring implemented.,High,Open,Chat,Europe,20,Other,Free,3,9,5,43.79,84.01,2023-05-23,2023-05-29,No,No,MacOS,Unknown,PayPal,Chinese,Morning,2,Individual,linda.brown695@outlook.com,,0
141085,Jessica Johnson,jessica.johnson937@hotmail.com,Subscription Service,Performance Issue,I found a bug in the latest update affecting report generation.,Subscription status corrected and confirmation email sent to customer.,High,In Progress,Social Media,Europe,18,Male,Basic,60,3,3,8.2,204.87,2023-03-22,2023-03-27,No,No,Android,Chrome,Debit Card,French,Night,2,Corporate,jessica.johnson937@hotmail.com,,0
27308,Michael Moore,michael.moore139@hotmail.com,Billing System,Feature Request,The system is not syncing data across devices properly.,Payment gateway timeout issue fixed and monitoring implemented.,Urgent,Resolved,Email,South America,56,Other,Free,14,1,1,5.4,177.65,2022-11-20,2022-11-25,No,Yes,Linux,Edge,PayPal,Spanish,Evening,6,Individual,michael.moore139@hotmail.com,,0
117107,Linda Thomas,linda.thomas731@outlook.com,Analytics Dashboard,Login Issue,My subscription was cancelled without my request and I need clarification.,Bug logged internally and workaround shared with the customer.,Medium,Open,Chat,Australia,75,Female,Free,44,13,5,0.93,67.95,2023-12-21,2023-12-26,Yes,Yes,Linux,Chrome,Debit Card,Chinese,Evening,3,Corporate,linda.thomas731@outlook.com,,0
163696,Linda Thomas,linda.thomas968@outlook.com,Analytics Dashboard,Feature Request,My subscription was cancelled without my request and I need clarification.,Explained billing breakdown and clarified applicable charges.,Medium,Closed,Social Media,Australia,58,Male,Enterprise,2,18,2,20.65,214.77,2024-12-17,2024-12-19,Yes,No,Android,Firefox,Crypto,French,Night,7,Small Business,linda.thomas968@outlook.com,,0
106722,David Martinez,david.martinez63@company.com,Billing System,Payment Problem,My subscription was cancelled without my request and I need clarification.,The duplicate charge was reversed and refund processed within 3-5 business days.,Urgent,In Progress,Phone,Australia,57,Male,Premium,16,0,4,50.61,138.72,2023-11-18,2023-11-26,Yes,Yes,Windows,Chrome,Debit Card,German,Evening,4,Small Business,david.martinez63@company.com,,0
63926,Barbara Garcia,barbara.garcia689@company.com,E-commerce Store,Refund Request,My subscription was cancelled without my request and I need clarification.,Subscription status corrected and confirmation email sent to customer.,Urgent,Resolved,Email,Europe,69,Female,Free,34,7,1,11.92,33.04,2023-04-26,2023-05-08,Yes,Yes,iOS,Safari,Debit Card,Japanese,Night,10,Corporate,barbara.garcia689@company.com,,0
9067,Mary Brown,mary.brown780@yahoo.com,Payment Gateway,Feature Request,The application crashes whenever I try to upload a file.,Data synchronization restored after backend service restart.,High,In Progress,Web Form,Asia,54,Male,Premium,54,11,5,58.9,223.32,2023-08-06,2023-08-09,No,No,Linux,Chrome,Debit Card,French,Night,4,Corporate,mary.brown780@yahoo.com,,0
165586,Jennifer Wilson,jennifer.wilson875@icloud.com,API Service,Performance Issue,I am experiencing very slow performance while using the dashboard.,Bug logged internally and workaround shared with the customer.,Urgent,In Progress,Phone,North America,61,Female,Enterprise,30,17,4,67.75,142.61,2022-02-17,2022-02-27,Yes,No,Windows,Safari,Crypto,German,Evening,5,Small Business,jennifer.wilson875@icloud.com,,0
124807,James Brown,james.brown292@gmail.com,API Service,Login Issue,There seems to be a discrepancy in my billing statement for this month.,Subscription status corrected and confirmation email sent to customer.,Urgent,Pending Customer,Web Form,Asia,36,Other,Enterprise,27,10,5,3.53,165.95,2023-03-02,2023-03-04,No,No,Android,Edge,PayPal,French,Afternoon,2,Individual,james.brown292@gmail.com,,0
42385,Barbara Martin,barbara.martin365@gmail.com,API Service,Feature Request,The payment was deducted from my bank account but the transaction shows failed.,The issue was escalated to engineering and resolved in the latest patch.,Low,Resolved,Chat,Europe,53,Female,Basic,47,11,4,45.5,29.3,2022-06-21,2022-07-03,Yes,No,Android,Safari,Debit Card,Chinese,Night,9,Small Business,barbara.martin365@gmail.com,,0
183579,Mary Jones,mary.jones508@company.com,CRM Platform,Performance Issue,I am unable to access my account after entering the correct credentials.,Payment gateway timeout issue fixed and monitoring implemented.,Medium,Open,Social Media,South America,34,Male,Basic,10,12,2,6.48,132.42,2023-05-28,2023-06-04,No,No,MacOS,Safari,Crypto,Japanese,Afternoon,5,Individual,mary.jones508@company.com,,0
154203,Jennifer Miller,jennifer.miller844@outlook.com,Payment Gateway,Feature Request,Two-factor authentication codes are not being delivered to my phone.,Explained billing breakdown and clarified applicable charges.,Medium,Closed,Email,Asia,36,Female,Enterprise,36,15,3,70.26,90.21,2022-01-17,2022-01-19,No,No,Android,Unknown,Bank Transfer,French,Night,1,Corporate,jennifer.miller844@outlook.com,,0
76650,Karen Williams,karen.williams278@outlook.com,E-commerce Store,Payment Problem,Two-factor authentication codes are not being delivered to my phone.,We have reset the account credentials and advised the customer to retry login.,High,Pending Customer,Chat,Australia,53,Other,Basic,25,3,4,63.87,145.29,2023-12-11,2023-12-11,No,Yes,Android,Safari,Credit Card,German,Evening,3,Individual,karen.williams278@outlook.com,,0
52404,Mary Johnson,mary.johnson562@hotmail.com,Payment Gateway,Security Concern,I am experiencing very slow performance while using the dashboard.,Payment gateway timeout issue fixed and monitoring implemented.,Low,Closed,Web Form,South America,51,Female,Basic,54,14,1,20.1,62.88,2023-04-14,2023-04-27,Yes,Yes,iOS,Firefox,Credit Card,English,Afternoon,3,Individual,mary.johnson562@hotmail.com,,0
61073,Jessica Miller,jessica.miller92@outlook.com,Billing System,Subscription Cancellation,I am unable to access my account after entering the correct credentials.,Bug logged internally and workaround shared with the customer.,Urgent,Open,Social Media,South America,44,Female,Basic,5,14,1,65.06,23.78,2023-01-06,2023-01-11,No,Yes,iOS,Chrome,Debit Card,Spanish,Night,10,Individual,jessica.miller92@outlook.com,,0
29633,Thomas Thomas,thomas.thomas608@hotmail.com,Billing System,Security Concern,The system is not syncing data across devices properly.,The duplicate charge was reversed and refund processed within 3-5 business days.,Urgent,Resolved,Web Form,North America,40,Male,Basic,8,1,5,5.44,112.25,2023-01-07,2023-01-13,No,No,MacOS,Firefox,Crypto,French,Evening,5,Individual,thomas.thomas608@hotmail.com,,0
30416,Sarah Davis,sarah.davis356@hotmail.com,E-commerce Store,Performance Issue,My subscription was cancelled without my request and I need clarification.,The duplicate charge was reversed and refund processed within 3-5 business days.,High,Closed,Chat,Asia,56,Other,Basic,55,12,3,65.5,82.11,2024-09-11,2024-09-20,No,No,Linux,Chrome,PayPal,Spanish,Morning,10,Corporate,sarah.davis356@hotmail.com,,0
44294,Mary Miller,mary.miller661@outlook.com,Cloud Storage,Refund Request,My subscription was cancelled without my request and I need clarification.,Provided step-by-step troubleshooting instructions and issue resolved.,Low,Resolved,Web Form,North America,50,Male,Free,56,1,2,50.16,53.56,2024-06-07,2024-06-14,Yes,No,Linux,Edge,Credit Card,French,Afternoon,9,Corporate,mary.miller661@outlook.com,,0
153423,Patricia Moore,patricia.moore936@yahoo.com,CRM Platform,Payment Problem,The system is not syncing data across devices properly.,Security settings updated and customer notified of precautionary measures.,High,Closed,Phone,Europe,75,Female,Enterprise,52,0,4,13.76,117.14,2022-03-17,2022-03-29,Yes,No,iOS,Edge,Crypto,Spanish,Evening,2,Individual,patricia.moore936@yahoo.com,,0
86259,James Gonzalez,james.gonzalez641@icloud.com,Mobile App,Refund Request,The system is not syncing data across devices properly.,Data synchronization restored after backend service restart.,Urgent,Pending Customer,Social Media,South America,19,Female,Free,8,18,1,29.92,60.48,2022-02-03,2022-02-05,Yes,Yes,iOS,Unknown,Debit Card,Chinese,Afternoon,10,Corporate,james.gonzalez641@icloud.com,,0
103437,Elizabeth Taylor,elizabeth.taylor22@hotmail.com,Billing System,Performance Issue,There seems to be a discrepancy in my billing statement for this month.,Bug logged internally and workaround shared with the customer.,High,Resolved,Social Media,Africa,28,Female,Enterprise,3,13,1,62.93,49.5,2023-12-15,2023-12-27,No,Yes,iOS,Chrome,PayPal,English,Night,5,Individual,elizabeth.taylor22@hotmail.com,,0
117189,Joseph Garcia,joseph.garcia644@yahoo.com,Subscription Service,Account Suspension,The application crashes whenever I try to upload a file.,The duplicate charge was reversed and refund processed within 3-5 business days.,Urgent,Resolved,Email,Asia,32,Male,Basic,40,12,2,42.79,65.9,2022-12-01,2022-12-12,Yes,No,Windows,Unknown,Credit Card,Chinese,Afternoon,5,Corporate,joseph.garcia644@yahoo.com,,0
4729,James Rodriguez,james.rodriguez162@company.com,Web Portal,Feature Request,There seems to be a discrepancy in my billing statement for this month.,The issue was escalated to engineering and resolved in the latest patch.,High,Closed,Web Form,South America,49,Other,Basic,58,13,2,48.55,195.17,2024-01-03,2024-01-11,No,Yes,Linux,Unknown,Bank Transfer,English,Morning,4,Small Business,james.rodriguez162@company.com,,0
48345,Elizabeth Anderson,elizabeth.anderson957@hotmail.com,CRM Platform,Account Suspension,Two-factor authentication codes are not being delivered to my phone.,Bug logged internally and workaround shared with the customer.,Medium,In Progress,Chat,North America,32,Male,Enterprise,49,15,4,49.43,239.02,2022-01-26,2022-02-01,No,No,Android,Chrome,PayPal,Spanish,Afternoon,7,Corporate,elizabeth.anderson957@hotmail.com,,0
96336,Mary Lopez,mary.lopez256@icloud.com,Web Portal,Payment Problem,The system is not syncing data across devices properly.,The duplicate charge was reversed and refund processed within 3-5 business days.,Low,Open,Chat,Asia,29,Female,Premium,17,16,3,50.22,106.02,2022-09-01,2022-09-06,Yes,No,Linux,Unknown,Crypto,German,Afternoon,4,Individual,mary.lopez256@icloud.com,,0
145348,Barbara Anderson,barbara.anderson508@company.com,Mobile App,Payment Problem,There seems to be a discrepancy in my billing statement for this month.,We have reset the account credentials and advised the customer to retry login.,Low,In Progress,Web Form,Europe,36,Male,Free,60,0,4,6.14,203.99,2022-02-21,2022-02-23,Yes,Yes,Linux,Edge,Debit Card,Spanish,Morning,3,Small Business,barbara.anderson508@company.com,,0
109154,Jennifer Davis,jennifer.davis75@icloud.com,Web Portal,Bug Report,The application crashes whenever I try to upload a file.,The issue was escalated to engineering and resolved in the latest patch.,High,Resolved,Email,Africa,61,Female,Basic,11,2,4,18.5,239.74,2024-12-12,2024-12-16,No,Yes,Linux,Chrome,Crypto,French,Evening,4,Individual,jennifer.davis75@icloud.com,,0
98530,Linda Johnson,linda.johnson643@hotmail.com,CRM Platform,Security Concern,I am experiencing very slow performance while using the dashboard.,We have reset the account credentials and advised the customer to retry login.,Urgent,In Progress,Email,South America,68,Other,Free,25,7,3,9.38,61.51,2023-09-26,2023-10-07,No,No,Windows,Chrome,Bank Transfer,German,Evening,5,Small Business,linda.johnson643@hotmail.com,,0
35806,Jennifer Moore,jennifer.moore475@gmail.com,Analytics Dashboard,Security Concern,My subscription was cancelled without my request and I need clarification.,Data synchronization restored after backend service restart.,High,In Progress,Phone,North America,50,Male,Basic,54,6,4,18.05,176.5,2023-06-29,2023-07-02,Yes,Yes,iOS,Unknown,PayPal,Japanese,Afternoon,2,Small Business,jennifer.moore475@gmail.com,,0
90535,Charles Rodriguez,charles.rodriguez678@hotmail.com,Cloud Storage,Performance Issue,I am unable to access my account after entering the correct credentials.,Security settings updated and customer notified of precautionary measures.,Urgent,Closed,Chat,North America,37,Other,Enterprise,8,6,4,30.81,169.96,2022-03-19,2022-03-23,Yes,Yes,iOS,Safari,Credit Card,Japanese,Evening,6,Small Business,charles.rodriguez678@hotmail.com,,0
170766,Joseph Rodriguez,joseph.rodriguez437@gmail.com,Web Portal,Refund Request,I am unable to access my account after entering the correct credentials.,Provided step-by-step troubleshooting instructions and issue resolved.,Low,In Progress,Web Form,Africa,36,Male,Free,23,20,1,28.46,65.16,2024-10-22,2024-10-28,Yes,Yes,MacOS,Unknown,PayPal,Chinese,Night,1,Small Business,joseph.rodriguez437@gmail.com,,0
15408,Mary Taylor,mary.taylor956@gmail.com,API Service,Login Issue,I would like to request a refund for the recent charge.,Security settings updated and customer notified of precautionary measures.,Urgent,Resolved,Social Media,Africa,63,Other,Basic,21,9,3,20.82,96.76,2022-08-19,2022-08-23,Yes,Yes,MacOS,Safari,Debit Card,German,Night,9,Corporate,mary.taylor956@gmail.com,,0
133413,David Davis,david.davis14@outlook.com,Analytics Dashboard,Refund Request,The application crashes whenever I try to upload a file.,Data synchronization restored after backend service restart.,Low,Closed,Phone,Asia,26,Other,Basic,46,20,3,25.62,7.33,2023-02-26,2023-03-11,No,No,MacOS,Edge,Crypto,Japanese,Night,8,Small Business,david.davis14@outlook.com,,0
40759,Thomas Gonzalez,thomas.gonzalez165@company.com,Cloud Storage,Security Concern,I am unable to access my account after entering the correct credentials.,The issue was escalated to engineering and resolved in the latest patch.,Urgent,Pending Customer,Email,South America,44,Other,Enterprise,5,2,4,4.75,46.83,2024-03-16,2024-03-28,Yes,No,Windows,Unknown,PayPal,Spanish,Night,4,Corporate,thomas.gonzalez165@company.com,,0
140768,Susan Johnson,susan.johnson31@gmail.com,Subscription Service,Security Concern,My subscription was cancelled without my request and I need clarification.,Security settings updated and customer notified of precautionary measures.,Medium,Closed,Web Form,Asia,57,Other,Premium,11,6,2,25.83,189.42,2023-08-30,2023-09-06,No,No,Android,Chrome,Debit Card,German,Evening,4,Corporate,susan.johnson31@gmail.com,,0
26156,Elizabeth Gonzalez,elizabeth.gonzalez139@outlook.com,E-commerce Store,Data Sync Issue,My subscription was cancelled without my request and I need clarification.,Explained billing breakdown and clarified applicable charges.,High,Closed,Web Form,Africa,18,Female,Basic,58,13,1,36.92,213.02,2022-08-06,2022-08-12,No,No,Android,Edge,Credit Card,Chinese,Afternoon,3,Individual,elizabeth.gonzalez139@outlook.com,,0
158628,Patricia Thomas,patricia.thomas222@hotmail.com,Web Portal,Data Sync Issue,I would like to request a refund for the recent charge.,Security settings updated and customer notified of precautionary measures.,Low,In Progress,Social Media,Australia,67,Other,Enterprise,11,17,5,32.61,12.8,2024-03-03,2024-03-03,Yes,No,Android,Unknown,Credit Card,German,Evening,2,Corporate,patricia.thomas222@hotmail.com,,0
173930,James Martinez,james.martinez256@gmail.com,CRM Platform,Performance Issue,The application crashes whenever I try to upload a file.,Security settings updated and customer notified of precautionary measures.,High,In Progress,Social Media,Europe,31,Female,Free,17,20,4,44.27,39.14,2022-12-06,2022-12-18,No,Yes,Windows,Chrome,Credit Card,English,Afternoon,10,Corporate,james.martinez256@gmail.com,,0
98510,Jessica Gonzalez,jessica.gonzalez573@hotmail.com,API Service,Security Concern,I am unable to access my account after entering the correct credentials.,Explained billing breakdown and clarified applicable charges.,Medium,Closed,Web Form,Africa,27,Other,Enterprise,25,15,4,53.8,148.13,2023-09-01,2023-09-10,Yes,No,Android,Safari,Bank Transfer,Spanish,Night,3,Small Business,jessica.gonzalez573@hotmail.com,,0
80717,Thomas Moore,thomas.moore966@gmail.com,CRM Platform,Performance Issue,There seems to be a discrepancy in my billing statement for this month.,Subscription status corrected and confirmation email sent to customer.,High,Open,Social Media,Europe,37,Other,Enterprise,21,3,2,23.55,71.53,2023-07-03,2023-07-07,Yes,Yes,Linux,Edge,PayPal,Chinese,Afternoon,2,Individual,thomas.moore966@gmail.com,,0
29384,James Anderson,james.anderson666@gmail.com,Cloud Storage,Security Concern,I found a bug in the latest update affecting report generation.,We have reset the account credentials and advised the customer to retry login.,Medium,Pending Customer,Email,North America,55,Female,Basic,51,19,1,11.12,112.78,2023-06-10,2023-06-20,No,No,MacOS,Firefox,PayPal,Japanese,Morning,10,Individual,james.anderson666@gmail.com,,0
35702,Elizabeth Davis,elizabeth.davis134@outlook.com,Payment Gateway,Bug Report,The payment was deducted from my bank account but the transaction shows failed.,Bug logged internally and workaround shared with the customer.,Low,Open,Phone,South America,42,Female,Free,19,5,2,32.83,219.58,2023-06-06,2023-06-14,No,No,MacOS,Chrome,Debit Card,Chinese,Morning,1,Individual,elizabeth.davis134@outlook.com,,0
75339,Susan Rodriguez,susan.rodriguez999@outlook.com,E-commerce Store,Refund Request,The system is not syncing data across devices properly.,Security settings updated and customer notified of precautionary measures.,High,Resolved,Social Media,South America,18,Other,Basic,2,9,5,17.76,73.4,2022-03-27,2022-04-02,Yes,No,MacOS,Unknown,Bank Transfer,Japanese,Night,2,Corporate,susan.rodriguez999@outlook.com,,0
3992,Jennifer Brown,jennifer.brown232@hotmail.com,Billing System,Account Suspension,The payment was deducted from my bank account but the transaction shows failed.,Bug logged internally and workaround shared with the customer.,High,Closed,Phone,Asia,59,Female,Basic,37,0,2,46.17,175.42,2023-04-16,2023-04-22,Yes,No,Android,Safari,Debit Card,French,Morning,1,Small Business,jennifer.brown232@hotmail.com,,0
112833,Elizabeth Johnson,elizabeth.johnson921@icloud.com,CRM Platform,Feature Request,There seems to be a discrepancy in my billing statement for this month.,Security settings updated and customer notified of precautionary measures.,High,Open,Phone,South America,55,Other,Basic,56,6,5,56.61,54.11,2022-02-01,2022-02-11,Yes,No,MacOS,Unknown,PayPal,Spanish,Afternoon,10,Individual,elizabeth.johnson921@icloud.com,,0
20690,Joseph Martinez,joseph.martinez867@icloud.com,CRM Platform,Data Sync Issue,Two-factor authentication codes are not being delivered to my phone.,Data synchronization restored after backend service restart.,Urgent,Closed,Phone,North America,58,Other,Basic,55,9,5,14.48,193.26,2022-04-09,2022-04-21,No,No,iOS,Firefox,Debit Card,Chinese,Evening,4,Small Business,joseph.martinez867@icloud.com,,0
22503,Barbara Hernandez,barbara.hernandez597@icloud.com,API Service,Security Concern,I would like to request a refund for the recent charge.,Payment gateway timeout issue fixed and monitoring implemented.,Medium,Closed,Social Media,Australia,73,Other,Free,50,20,1,57.1,225.93,2023-10-19,2023-10-23,No,Yes,Windows,Safari,PayPal,French,Night,5,Small Business,barbara.hernandez597@icloud.com,,0
135066,Michael Martin,michael.martin501@icloud.com,Web Portal,Security Concern,The payment was deducted from my bank account but the transaction shows failed.,Bug logged internally and workaround shared with the customer.,Low,Closed,Chat,Europe,58,Male,Basic,3,7,3,71.11,1.9,2024-12-03,2024-12-13,No,Yes,Linux,Firefox,Debit Card,Spanish,Morning,4,Small Business,michael.martin501@icloud.com,,0
96799,Thomas Wilson,thomas.wilson76@icloud.com,API Service,Performance Issue,The system is not syncing data across devices properly.,We have reset the account credentials and advised the customer to retry login.,Urgent,Open,Phone,Asia,71,Female,Basic,27,16,5,17.9,174.85,2024-11-12,2024-11-15,Yes,No,MacOS,Edge,PayPal,Spanish,Night,8,Corporate,thomas.wilson76@icloud.com,,0
168557,Robert Rodriguez,robert.rodriguez391@company.com,API Service,Bug Report,I am experiencing very slow performance while using the dashboard.,Data synchronization restored after backend service restart.,Medium,Pending Customer,Social Media,Europe,62,Other,Enterprise,29,1,3,36.47,135.2,2023-11-04,2023-11-11,Yes,Yes,Linux,Edge,Credit Card,German,Afternoon,10,Corporate,robert.rodriguez391@company.com,,0
72426,Linda Lopez,linda.lopez143@hotmail.com,Cloud Storage,Performance Issue,My subscription was cancelled without my request and I need clarification.,We have reset the account credentials and advised the customer to retry login.,Low,Resolved,Chat,Africa,46,Female,Premium,33,3,2,69.44,66.05,2024-02-21,2024-02-23,No,No,Windows,Edge,Debit Card,Japanese,Afternoon,4,Individual,linda.lopez143@hotmail.com,,0
85423,James Moore,james.moore982@company.com,Payment Gateway,Payment Problem,The system is not syncing data across devices properly.,Bug logged internally and workaround shared with the customer.,Low,In Progress,Web Form,South America,73,Female,Enterprise,49,5,2,32.31,197.81,2024-08-30,2024-09-04,No,No,Windows,Chrome,PayPal,Spanish,Evening,1,Individual,james.moore982@company.com,,0
116958,Thomas Williams,thomas.williams478@icloud.com,API Service,Refund Request,I found a bug in the latest update affecting report generation.,Provided step-by-step troubleshooting instructions and issue resolved.,Medium,Resolved,Web Form,Europe,33,Male,Basic,59,15,4,65.84,182.29,2023-06-24,2023-06-24,No,Yes,Windows,Edge,Crypto,German,Afternoon,6,Small Business,thomas.williams478@icloud.com,,0
162581,David Jones,david.jones249@gmail.com,E-commerce Store,Payment Problem,There seems to be a discrepancy in my billing statement for this month.,The duplicate charge was reversed and refund processed within 3-5 business days.,High,Open,Social Media,South America,58,Other,Enterprise,43,17,2,11.56,56.56,2023-10-22,2023-10-24,Yes,No,iOS,Firefox,Debit Card,German,Night,2,Small Business,david.jones249@gmail.com,,0
116819,Sarah Williams,sarah.williams947@company.com,CRM Platform,Data Sync Issue,I would like to request a refund for the recent charge.,Bug logged internally and workaround shared with the customer.,Medium,Closed,Web Form,Europe,28,Other,Free,33,0,5,61.1,69.03,2022-03-29,2022-03-30,No,No,Windows,Unknown,Bank Transfer,Chinese,Night,7,Small Business,sarah.williams947@company.com,,0
51378,Susan Jackson,susan.jackson284@hotmail.com,Cloud Storage,Login Issue,The system is not syncing data across devices properly.,Security settings updated and customer notified of precautionary measures.,Low,Resolved,Email,Asia,64,Female,Enterprise,26,7,1,28.33,223.91,2024-01-13,2024-01-15,Yes,No,iOS,Firefox,PayPal,Spanish,Afternoon,8,Small Business,susan.jackson284@hotmail.com,,0
16512,Karen Rodriguez,karen.rodriguez749@icloud.com,Subscription Service,Subscription Cancellation,Two-factor authentication codes are not being delivered to my phone.,Subscription status corrected and confirmation email sent to customer.,Urgent,Open,Email,Australia,34,Female,Enterprise,47,8,2,35.64,78.59,2022-04-01,2022-04-04,Yes,No,MacOS,Unknown,Crypto,French,Afternoon,8,Individual,karen.rodriguez749@icloud.com,,0
30556,William Gonzalez,william.gonzalez775@gmail.com,Analytics Dashboard,Payment Problem,There seems to be a discrepancy in my billing statement for this month.,Data synchronization restored after backend service restart.,Medium,Open,Email,Europe,53,Female,Enterprise,12,13,4,42.38,160.74,2023-10-31,2023-11-04,No,Yes,iOS,Unknown,PayPal,English,Evening,7,Corporate,william.gonzalez775@gmail.com,,0
28627,John Gonzalez,john.gonzalez85@gmail.com,Mobile App,Login Issue,I am unable to access my account after entering the correct credentials.,The issue was escalated to engineering and resolved in the latest patch.,Medium,Pending Customer,Phone,Australia,41,Female,Enterprise,41,9,3,48.27,20.66,2023-03-29,2023-04-09,Yes,No,iOS,Safari,Debit Card,French,Morning,5,Small Business,john.gonzalez85@gmail.com,,0
81119,Patricia Garcia,patricia.garcia566@gmail.com,Subscription Service,Security Concern,The system is not syncing data across devices properly.,Explained billing breakdown and clarified applicable charges.,High,Open,Email,North America,54,Other,Free,3,12,3,12.06,157.92,2024-03-24,2024-03-26,Yes,Yes,Linux,Safari,Credit Card,English,Afternoon,9,Small Business,patricia.garcia566@gmail.com,,0
158566,Elizabeth Johnson,elizabeth.johnson229@hotmail.com,Billing System,Login Issue,I found a bug in the latest update affecting report generation.,The duplicate charge was reversed and refund processed within 3-5 business days.,Urgent,Open,Web Form,Africa,71,Male,Basic,46,10,3,70.55,88.12,2023-12-09,2023-12-18,No,No,Linux,Firefox,Credit Card,Spanish,Evening,2,Corporate,elizabeth.johnson229@hotmail.com,,0
92670,Sarah Williams,sarah.williams110@outlook.com,Cloud Storage,Login Issue,I found a bug in the latest update affecting report generation.,Subscription status corrected and confirmation email sent to customer.,Medium,Pending Customer,Chat,Asia,43,Male,Free,43,8,4,38.28,2.37,2022-01-01,2022-01-05,No,No,MacOS,Firefox,Credit Card,German,Evening,5,Individual,sarah.williams110@outlook.com,,0
169433,Charles Davis,charles.davis216@hotmail.com,Web Portal,Bug Report,The payment was deducted from my bank account but the transaction shows failed.,Security settings updated and customer notified of precautionary measures.,High,Pending Customer,Phone,Africa,54,Other,Basic,46,19,1,44.48,37.89,2024-02-21,2024-02-21,No,No,MacOS,Unknown,Bank Transfer,Chinese,Morning,3,Individual,charles.davis216@hotmail.com,,0
69839,John Wilson,john.wilson400@hotmail.com,Payment Gateway,Performance Issue,I would like to request a refund for the recent charge.,Explained billing breakdown and clarified applicable charges.,Medium,Resolved,Chat,North America,24,Other,Premium,41,7,5,66.48,115.31,2023-05-24,2023-06-04,No,No,Windows,Firefox,Debit Card,Japanese,Night,6,Corporate,john.wilson400@hotmail.com,,0
126834,Richard Rodriguez,richard.rodriguez662@icloud.com,Billing System,Payment Problem,I would like to request a refund for the recent charge.,Subscription status corrected and confirmation email sent to customer.,Low,Open,Social Media,Europe,54,Male,Basic,24,17,5,46.61,111.79,2022-03-13,2022-03-19,No,No,Android,Firefox,Crypto,Japanese,Afternoon,9,Individual,richard.rodriguez662@icloud.com,,0
7357,Mary Taylor,mary.taylor992@yahoo.com,Cloud Storage,Account Suspension,Two-factor authentication codes are not being delivered to my phone.,Security settings updated and customer notified of precautionary measures.,Medium,Resolved,Web Form,Africa,39,Other,Enterprise,59,18,3,61.75,170.9,2024-05-11,2024-05-19,No,No,MacOS,Firefox,PayPal,Japanese,Night,2,Small Business,mary.taylor992@yahoo.com,,0
108987,Sarah Lopez,sarah.lopez652@hotmail.com,E-commerce Store,Payment Problem,The system is not syncing data across devices properly.,Data synchronization restored after backend service restart.,High,Pending Customer,Social Media,North America,30,Male,Basic,52,2,5,54.18,62.53,2024-03-22,2024-03-27,Yes,Yes,MacOS,Edge,Credit Card,Japanese,Afternoon,10,Individual,sarah.lopez652@hotmail.com,,0
168761,John Brown,john.brown122@hotmail.com,Web Portal,Refund Request,The system is not syncing data across devices properly.,Payment gateway timeout issue fixed and monitoring implemented.,Low,Closed,Phone,South America,45,Male,Enterprise,47,1,1,56.67,63.89,2024-09-23,2024-10-01,No,No,iOS,Safari,Debit Card,English,Evening,8,Small Business,john.brown122@hotmail.com,,0
12000,William Johnson,william.johnson425@gmail.com,Payment Gateway,Refund Request,Two-factor authentication codes are not being delivered to my phone.,The issue was escalated to engineering and resolved in the latest patch.,Urgent,Open,Web Form,North America,67,Female,Basic,5,9,4,61.2,78.4,2023-05-21,2023-05-24,Yes,No,Android,Firefox,Crypto,French,Afternoon,7,Individual,william.johnson425@gmail.com,,0
23171,Jennifer Taylor,jennifer.taylor672@yahoo.com,CRM Platform,Account Suspension,Two-factor authentication codes are not being delivered to my phone.,Data synchronization restored after backend service restart.,Urgent,In Progress,Social Media,South America,38,Male,Enterprise,12,14,3,3.36,225.64,2024-11-13,2024-11-27,Yes,Yes,Android,Chrome,Crypto,Japanese,Evening,2,Individual,jennifer.taylor672@yahoo.com,,0
96527,Jessica Martin,jessica.martin491@outlook.com,Analytics Dashboard,Security Concern,I found a bug in the latest update affecting report generation.,Bug logged internally and workaround shared with the customer.,Medium,Open,Chat,Asia,62,Other,Premium,54,13,3,47.88,180.43,2022-07-10,2022-07-14,Yes,Yes,Android,Safari,Credit Card,German,Afternoon,3,Individual,jessica.martin491@outlook.com,,0
30697,Patricia Jackson,patricia.jackson135@yahoo.com,Cloud Storage,Login Issue,The payment was deducted from my bank account but the transaction shows failed.,The duplicate charge was reversed and refund processed within 3-5 business days.,Medium,Open,Phone,North America,39,Female,Enterprise,7,17,3,54.13,222.26,2023-12-16,2023-12-17,Yes,No,Android,Chrome,Credit Card,Japanese,Morning,9,Corporate,patricia.jackson135@yahoo.com,,0
166572,William Thomas,william.thomas516@yahoo.com,Analytics Dashboard,Security Concern,I am unable to access my account after entering the correct credentials.,Explained billing breakdown and clarified applicable charges.,Low,Resolved,Chat,Africa,48,Female,Basic,59,19,5,22.36,58.97,2023-11-03,2023-11-09,Yes,No,Android,Edge,Bank Transfer,Spanish,Morning,4,Corporate,william.thomas516@yahoo.com,,0
91914,Sarah Jackson,sarah.jackson66@outlook.com,Analytics Dashboard,Performance Issue,My subscription was cancelled without my request and I need clarification.,Provided step-by-step troubleshooting instructions and issue resolved.,Low,In Progress,Phone,Africa,63,Female,Enterprise,32,1,2,16.37,97.33,2022-04-03,2022-04-12,Yes,Yes,iOS,Edge,PayPal,English,Night,4,Small Business,sarah.jackson66@outlook.com,,0
58301,Susan Wilson,susan.wilson344@gmail.com,API Service,Login Issue,My subscription was cancelled without my request and I need clarification.,The issue was escalated to engineering and resolved in the latest patch.,Urgent,Pending Customer,Social Media,North America,75,Other,Basic,60,20,3,64.81,35.14,2024-06-20,2024-06-24,Yes,No,Windows,Edge,PayPal,English,Night,2,Corporate,susan.wilson344@gmail.com,,0
152357,Thomas Moore,thomas.moore464@hotmail.com,Cloud Storage,Account Suspension,Two-factor authentication codes are not being delivered to my phone.,Security settings updated and customer notified of precautionary measures.,Low,Closed,Social Media,Europe,37,Female,Premium,6,11,1,34.86,170.66,2023-09-21,2023-09-29,No,Yes,MacOS,Unknown,PayPal,Spanish,Morning,4,Corporate,thomas.moore464@hotmail.com,,0
172353,James Miller,james.miller360@yahoo.com,Billing System,Bug Report,The system is not syncing data across devices properly.,The issue was escalated to engineering and resolved in the latest patch.,Low,Closed,Social Media,Africa,56,Other,Basic,25,6,5,17.42,2.27,2022-06-12,2022-06-18,No,Yes,Android,Unknown,Crypto,French,Afternoon,8,Small Business,james.miller360@yahoo.com,,0
81017,Sarah Johnson,sarah.johnson727@gmail.com,CRM Platform,Login Issue,I am unable to access my account after entering the correct credentials.,Bug logged internally and workaround shared with the customer.,Medium,Closed,Web Form,North America,62,Other,Premium,21,17,3,1.79,221.31,2023-11-21,2023-12-01,No,Yes,Android,Unknown,Credit Card,German,Night,6,Individual,sarah.johnson727@gmail.com,,0
55661,Sarah Taylor,sarah.taylor899@gmail.com,Mobile App,Account Suspension,I am experiencing very slow performance while using the dashboard.,Payment gateway timeout issue fixed and monitoring implemented.,High,In Progress,Web Form,Australia,41,Other,Enterprise,42,16,1,10.74,15.21,2024-05-26,2024-06-04,No,No,Windows,Chrome,Debit Card,German,Afternoon,10,Corporate,sarah.taylor899@gmail.com,,0
85846,Sarah Lopez,sarah.lopez288@company.com,Analytics Dashboard,Performance Issue,Two-factor authentication codes are not being delivered to my phone.,Payment gateway timeout issue fixed and monitoring implemented.,Urgent,Resolved,Chat,Asia,64,Male,Enterprise,57,6,1,13.02,9.89,2022-06-06,2022-06-12,No,No,Linux,Edge,PayPal,German,Night,2,Corporate,sarah.lopez288@company.com,,0
125152,Susan Wilson,susan.wilson85@gmail.com,Web Portal,Account Suspension,The payment was deducted from my bank account but the transaction shows failed.,Explained billing breakdown and clarified applicable charges.,Medium,Pending Customer,Phone,South America,58,Female,Basic,41,3,4,37.12,188.52,2024-01-24,2024-02-02,Yes,Yes,Linux,Unknown,Credit Card,Chinese,Evening,5,Small Business,susan.wilson85@gmail.com,,0
49040,Thomas Thomas,thomas.thomas20@hotmail.com,Subscription Service,Login Issue,The system is not syncing data across devices properly.,Subscription status corrected and confirmation email sent to customer.,High,In Progress,Social Media,South America,41,Other,Premium,3,7,4,33.59,215.76,2023-04-05,2023-04-08,Yes,Yes,MacOS,Edge,Credit Card,Japanese,Evening,5,Small Business,thomas.thomas20@hotmail.com,,0
113329,Charles Wilson,charles.wilson933@company.com,Web Portal,Security Concern,I am unable to access my account after entering the correct credentials.,Provided step-by-step troubleshooting instructions and issue resolved.,Urgent,Open,Chat,Europe,64,Other,Basic,47,7,2,20.97,151.29,2023-11-10,2023-11-10,No,Yes,Android,Unknown,Bank Transfer,Japanese,Afternoon,5,Small Business,charles.wilson933@company.com,,0
41034,Robert Hernandez,robert.hernandez262@outlook.com,Web Portal,Performance Issue,Two-factor authentication codes are not being delivered to my phone.,Data synchronization restored after backend service restart.,Urgent,Resolved,Web Form,South America,36,Male,Free,51,4,5,15.37,37.05,2023-09-29,2023-10-12,Yes,No,MacOS,Edge,Debit Card,Chinese,Evening,7,Small Business,robert.hernandez262@outlook.com,,0
153280,William Martinez,william.martinez731@hotmail.com,Analytics Dashboard,Performance Issue,There seems to be a discrepancy in my billing statement for this month.,Data synchronization restored after backend service restart.,High,In Progress,Social Media,Asia,67,Male,Premium,5,17,1,39.55,219.91,2023-02-26,2023-03-01,No,No,Linux,Firefox,Crypto,Chinese,Evening,1,Individual,william.martinez731@hotmail.com,,0
4363,Patricia Taylor,patricia.taylor11@yahoo.com,Payment Gateway,Bug Report,I am unable to access my account after entering the correct credentials.,Explained billing breakdown and clarified applicable charges.,High,Resolved,Web Form,Africa,42,Other,Basic,7,15,3,18.9,133.84,2022-05-27,2022-06-07,No,Yes,iOS,Firefox,Credit Card,Spanish,Morning,7,Individual,patricia.taylor11@yahoo.com,,0
42202,Karen Williams,karen.williams30@yahoo.com,Mobile App,Bug Report,I am experiencing very slow performance while using the dashboard.,Data synchronization restored after backend service restart.,Low,Resolved,Email,Australia,63,Male,Free,20,6,3,34.24,31.51,2024-11-16,2024-11-27,No,No,Windows,Chrome,PayPal,German,Afternoon,1,Corporate,karen.williams30@yahoo.com,,0
144909,Barbara Williams,barbara.williams21@company.com,Web Portal,Subscription Cancellation,I would like to request a refund for the recent charge.,Security settings updated and customer notified of precautionary measures.,Low,Pending Customer,Chat,North America,52,Other,Premium,10,20,4,67.93,51.09,2023-04-06,2023-04-20,No,Yes,MacOS,Chrome,Credit Card,German,Morning,5,Small Business,barbara.williams21@company.com,,0
8106,James Jackson,james.jackson571@company.com,E-commerce Store,Subscription Cancellation,I am experiencing very slow performance while using the dashboard.,Security settings updated and customer notified of precautionary measures.,Urgent,Open,Social Media,South America,75,Female,Premium,57,16,5,17.71,129.89,2023-08-02,2023-08-04,Yes,No,iOS,Chrome,Credit Card,Spanish,Evening,9,Individual,james.jackson571@company.com,,0
132939,Susan Garcia,susan.garcia344@company.com,Billing System,Subscription Cancellation,My subscription was cancelled without my request and I need clarification.,Data synchronization restored after backend service restart.,High,Resolved,Social Media,South America,36,Other,Free,14,19,4,41.26,110.7,2023-06-20,2023-06-23,No,No,MacOS,Firefox,Bank Transfer,Chinese,Afternoon,3,Individual,susan.garcia344@company.com,,0
144261,Mary Rodriguez,mary.rodriguez685@yahoo.com,Billing System,Payment Problem,I found a bug in the latest update affecting report generation.,The duplicate charge was reversed and refund processed within 3-5 business days.,High,In Progress,Phone,Africa,60,Other,Basic,46,20,5,38.84,44.8,2023-07-19,2023-07-25,No,No,MacOS,Unknown,Debit Card,Japanese,Morning,9,Individual,mary.rodriguez685@yahoo.com,,0
46577,James Garcia,james.garcia284@hotmail.com,Subscription Service,Refund Request,I am unable to access my account after entering the correct credentials.,Payment gateway timeout issue fixed and monitoring implemented.,Medium,Closed,Web Form,South America,33,Other,Free,48,10,1,45.5,75.07,2023-08-25,2023-08-31,No,No,Linux,Chrome,PayPal,Japanese,Night,1,Individual,james.garcia284@hotmail.com,,0
4600,Jennifer Jackson,jennifer.jackson127@company.com,Subscription Service,Feature Request,Two-factor authentication codes are not being delivered to my phone.,Data synchronization restored after backend service restart.,Urgent,Pending Customer,Email,Asia,65,Other,Basic,31,14,4,5.15,128.07,2024-10-23,2024-10-28,Yes,No,Android,Chrome,Bank Transfer,Japanese,Evening,5,Corporate,jennifer.jackson127@company.com,,0
57535,Karen Brown,karen.brown863@gmail.com,E-commerce Store,Data Sync Issue,The payment was deducted from my bank account but the transaction shows failed.,The issue was escalated to engineering and resolved in the latest patch.,Urgent,Pending Customer,Web Form,North America,52,Male,Enterprise,56,6,5,14.12,213.75,2023-12-23,2023-12-29,Yes,Yes,Android,Edge,Credit Card,Chinese,Morning,1,Corporate,karen.brown863@gmail.com,,0
12251,Mary Martin,mary.martin22@yahoo.com,E-commerce Store,Bug Report,I found a bug in the latest update affecting report generation.,Subscription status corrected and confirmation email sent to customer.,Low,In Progress,Email,Australia,31,Other,Premium,2,9,3,71.35,125.51,2022-04-27,2022-04-29,No,Yes,Windows,Edge,Bank Transfer,German,Night,6,Individual,mary.martin22@yahoo.com,,0
102246,John Moore,john.moore673@yahoo.com,Analytics Dashboard,Payment Problem,The application crashes whenever I try to upload a file.,Explained billing breakdown and clarified applicable charges.,High,In Progress,Chat,Asia,19,Male,Free,10,12,2,8.2,127.16,2024-06-29,2024-06-30,No,No,Linux,Unknown,Bank Transfer,Japanese,Morning,8,Corporate,john.moore673@yahoo.com,,0
52730,Joseph Taylor,joseph.taylor677@outlook.com,Billing System,Data Sync Issue,The system is not syncing data across devices properly.,Subscription status corrected and confirmation email sent to customer.,Low,Open,Social Media,Africa,33,Female,Free,27,10,5,70.78,197.32,2024-02-10,2024-02-10,No,No,Windows,Edge,PayPal,Spanish,Evening,8,Small Business,joseph.taylor677@outlook.com,,0
181439,Thomas Lopez,thomas.lopez708@icloud.com,Subscription Service,Refund Request,I am unable to access my account after entering the correct credentials.,The duplicate charge was reversed and refund processed within 3-5 business days.,Medium,In Progress,Email,North America,18,Male,Premium,10,16,4,7.43,177.29,2022-04-30,2022-05-09,No,Yes,Linux,Safari,Bank Transfer,German,Evening,1,Small Business,thomas.lopez708@icloud.com,,0
14341,Barbara Wilson,barbara.wilson52@company.com,Billing System,Performance Issue,My subscription was cancelled without my request and I need clarification.,Explained billing breakdown and clarified applicable charges.,Low,Resolved,Social Media,South America,21,Female,Premium,28,17,2,69.17,198.68,2022-04-21,2022-04-23,Yes,Yes,Linux,Unknown,Credit Card,German,Afternoon,4,Corporate,barbara.wilson52@company.com,,0
42136,Joseph Taylor,joseph.taylor675@company.com,API Service,Account Suspension,There seems to be a discrepancy in my billing statement for this month.,The duplicate charge was reversed and refund processed within 3-5 business days.,Low,In Progress,Email,South America,62,Other,Free,55,11,2,7.48,64.6,2022-11-16,2022-11-19,Yes,Yes,Windows,Safari,Crypto,Chinese,Evening,4,Individual,joseph.taylor675@company.com,,0
101253,Linda Gonzalez,linda.gonzalez126@gmail.com,E-commerce Store,Payment Problem,I found a bug in the latest update affecting report generation.,Provided step-by-step troubleshooting instructions and issue resolved.,High,Resolved,Chat,Europe,39,Other,Enterprise,52,14,2,66.14,216.95,2023-10-03,2023-10-12,Yes,No,Windows,Chrome,PayPal,German,Afternoon,1,Small Business,linda.gonzalez126@gmail.com,,0
175072,John Anderson,john.anderson125@company.com,Subscription Service,Payment Problem,There seems to be a discrepancy in my billing statement for this month.,Explained billing breakdown and clarified applicable charges.,High,Resolved,Social Media,Asia,53,Other,Premium,31,19,4,28.03,29.98,2023-05-31,2023-06-06,No,No,iOS,Unknown,Crypto,German,Morning,6,Corporate,john.anderson125@company.com,,0
111357,Patricia Thomas,patricia.thomas317@icloud.com,E-commerce Store,Data Sync Issue,I would like to request a refund for the recent charge.,Payment gateway timeout issue fixed and monitoring implemented.,Low,Open,Chat,Australia,26,Other,Premium,41,16,4,35.9,124.75,2024-09-24,2024-10-08,No,Yes,Linux,Chrome,Credit Card,Spanish,Morning,5,Corporate,patricia.thomas317@icloud.com,,0
61416,Richard Hernandez,richard.hernandez372@icloud.com,Billing System,Account Suspension,The system is not syncing data across devices properly.,We have reset the account credentials and advised the customer to retry login.,Medium,Closed,Email,North America,65,Female,Premium,6,7,4,26.11,88.77,2022-06-21,2022-06-25,Yes,No,MacOS,Safari,Crypto,English,Afternoon,2,Corporate,richard.hernandez372@icloud.com,,0
148594,Karen Gonzalez,karen.gonzalez320@icloud.com,Subscription Service,Refund Request,The system is not syncing data across devices properly.,Bug logged internally and workaround shared with the customer.,High,Pending Customer,Chat,Australia,66,Male,Basic,12,5,5,50.91,106.96,2022-04-27,2022-05-08,No,No,Android,Safari,Crypto,English,Night,6,Small Business,karen.gonzalez320@icloud.com,,0
25162,David Davis,david.davis203@icloud.com,Billing System,Refund Request,The payment was deducted from my bank account but the transaction shows failed.,Data synchronization restored after backend service restart.,Urgent,Closed,Phone,South America,32,Female,Basic,57,12,4,15.13,224.5,2022-02-12,2022-02-22,No,Yes,MacOS,Edge,Bank Transfer,Spanish,Night,2,Individual,david.davis203@icloud.com,,0
42821,Joseph Moore,joseph.moore368@icloud.com,Subscription Service,Login Issue,I am experiencing very slow performance while using the dashboard.,Provided step-by-step troubleshooting instructions and issue resolved.,High,Closed,Phone,Australia,71,Female,Enterprise,21,17,1,44.54,27.88,2024-10-28,2024-11-06,No,No,Android,Edge,Credit Card,English,Night,7,Small Business,joseph.moore368@icloud.com,,0
82990,Joseph Miller,joseph.miller648@icloud.com,Payment Gateway,Payment Problem,The payment was deducted from my bank account but the transaction shows failed.,Data synchronization restored after backend service restart.,High,In Progress,Chat,Africa,24,Female,Enterprise,53,18,4,45.62,5.25,2023-10-01,2023-10-04,No,No,Android,Edge,PayPal,German,Morning,7,Individual,joseph.miller648@icloud.com,,0
166783,Michael Davis,michael.davis326@gmail.com,Mobile App,Subscription Cancellation,My subscription was cancelled without my request and I need clarification.,Explained billing breakdown and clarified applicable charges.,Urgent,In Progress,Email,North America,47,Other,Free,31,5,3,58.24,199.15,2022-12-14,2022-12-24,No,Yes,iOS,Edge,PayPal,Chinese,Morning,7,Individual,michael.davis326@gmail.com,,0
196171,Elizabeth Johnson,elizabeth.johnson643@outlook.com,Analytics Dashboard,Bug Report,The system is not syncing data across devices properly.,The duplicate charge was reversed and refund processed within 3-5 business days.,Urgent,Resolved,Email,Australia,50,Male,Premium,35,2,5,38.14,81.92,2022-03-08,2022-03-12,No,No,MacOS,Unknown,Credit Card,Spanish,Night,10,Small Business,elizabeth.johnson643@outlook.com,,0
100651,Michael Rodriguez,michael.rodriguez815@icloud.com,E-commerce Store,Performance Issue,The application crashes whenever I try to upload a file.,The duplicate charge was reversed and refund processed within 3-5 business days.,Low,In Progress,Chat,Africa,37,Other,Premium,17,12,2,2.6,232.8,2024-11-09,2024-11-10,No,No,iOS,Edge,Crypto,English,Afternoon,7,Individual,michael.rodriguez815@icloud.com,,0
107287,Mary Martin,mary.martin289@company.com,API Service,Login Issue,I would like to request a refund for the recent charge.,Data synchronization restored after backend service restart.,Low,Pending Customer,Email,Australia,45,Male,Premium,9,9,1,48.05,58.12,2024-03-28,2024-03-31,No,Yes,Android,Edge,Credit Card,Chinese,Evening,4,Small Business,mary.martin289@company.com,,0
19978,Charles Jones,charles.jones678@icloud.com,Mobile App,Data Sync Issue,I am unable to access my account after entering the correct credentials.,Data synchronization restored after backend service restart.,Urgent,Closed,Phone,North America,19,Other,Basic,6,19,1,15.03,113.26,2024-07-24,2024-07-29,Yes,No,Windows,Unknown,Crypto,Chinese,Evening,7,Small Business,charles.jones678@icloud.com,,0
43789,Joseph Moore,joseph.moore731@outlook.com,Billing System,Payment Problem,My subscription was cancelled without my request and I need clarification.,Provided step-by-step troubleshooting instructions and issue resolved.,Medium,Resolved,Web Form,Africa,73,Other,Enterprise,1,16,3,52.02,64.32,2022-03-25,2022-03-26,Yes,Yes,MacOS,Safari,Crypto,Japanese,Night,4,Small Business,joseph.moore731@outlook.com,,0
165377,Patricia Davis,patricia.davis698@outlook.com,E-commerce Store,Security Concern,The application crashes whenever I try to upload a file.,Explained billing breakdown and clarified applicable charges.,Urgent,In Progress,Chat,Australia,73,Other,Free,24,13,5,71.24,104.09,2022-12-03,2022-12-04,Yes,No,iOS,Safari,Debit Card,English,Evening,2,Small Business,patricia.davis698@outlook.com,,0
45137,Patricia Rodriguez,patricia.rodriguez765@gmail.com,Analytics Dashboard,Data Sync Issue,The payment was deducted from my bank account but the transaction shows failed.,Security settings updated and customer notified of precautionary measures.,Low,Closed,Chat,Europe,44,Female,Premium,19,0,5,37.26,186.03,2022-12-30,2023-01-08,No,No,MacOS,Safari,Debit Card,Spanish,Afternoon,3,Individual,patricia.rodriguez765@gmail.com,,0
41510,Barbara Moore,barbara.moore623@company.com,E-commerce Store,Security Concern,The application crashes whenever I try to upload a file.,The issue was escalated to engineering and resolved in the latest patch.,High,Resolved,Phone,Australia,52,Female,Basic,25,0,2,49.03,83.9,2024-09-18,2024-09-27,Yes,Yes,Linux,Chrome,Credit Card,German,Evening,7,Individual,barbara.moore623@company.com,,0
8378,Linda Anderson,linda.anderson543@gmail.com,Mobile App,Performance Issue,I would like to request a refund for the recent charge.,The duplicate charge was reversed and refund processed within 3-5 business days.,High,Open,Chat,Australia,36,Male,Enterprise,2,5,4,29.04,74.03,2022-06-13,2022-06-23,No,No,Windows,Safari,Bank Transfer,French,Evening,4,Individual,linda.anderson543@gmail.com,,0
82365,Linda Jackson,linda.jackson469@hotmail.com,Billing System,Security Concern,The system is not syncing data across devices properly.,Subscription status corrected and confirmation email sent to customer.,Urgent,Closed,Web Form,North America,61,Female,Enterprise,39,12,3,22.99,100.86,2022-12-31,2023-01-05,Yes,Yes,iOS,Unknown,PayPal,English,Night,2,Individual,linda.jackson469@hotmail.com,,0
114526,Mary Jones,mary.jones843@hotmail.com,Billing System,Login Issue,I am experiencing very slow performance while using the dashboard.,Security settings updated and customer notified of precautionary measures.,Medium,Closed,Phone,Australia,30,Male,Enterprise,32,13,2,47.86,26.69,2023-03-16,2023-03-22,No,No,Windows,Unknown,Bank Transfer,Spanish,Night,3,Small Business,mary.jones843@hotmail.com,,0
73990,Jessica Williams,jessica.williams508@yahoo.com,Payment Gateway,Payment Problem,I found a bug in the latest update affecting report generation.,The issue was escalated to engineering and resolved in the latest patch.,High,Pending Customer,Social Media,South America,58,Male,Basic,34,12,1,27.66,195.73,2024-05-30,2024-06-04,No,Yes,Android,Firefox,Credit Card,English,Afternoon,2,Individual,jessica.williams508@yahoo.com,,0
128206,Elizabeth Garcia,elizabeth.garcia833@icloud.com,Web Portal,Subscription Cancellation,I found a bug in the latest update affecting report generation.,We have reset the account credentials and advised the customer to retry login.,Urgent,Open,Email,Australia,60,Other,Free,33,13,3,25.17,100.73,2023-05-28,2023-05-31,Yes,No,MacOS,Firefox,Bank Transfer,Chinese,Evening,4,Corporate,elizabeth.garcia833@icloud.com,,0
51092,Charles Moore,charles.moore236@icloud.com,CRM Platform,Feature Request,The system is not syncing data across devices properly.,Data synchronization restored after backend service restart.,Urgent,Closed,Web Form,North America,61,Male,Basic,8,3,3,18.4,27.64,2023-11-30,2023-12-11,Yes,No,MacOS,Firefox,Bank Transfer,Japanese,Night,8,Corporate,charles.moore236@icloud.com,,0
179120,Charles Jones,charles.jones569@yahoo.com,E-commerce Store,Data Sync Issue,I found a bug in the latest update affecting report generation.,Security settings updated and customer notified of precautionary measures.,Medium,Closed,Chat,Africa,23,Other,Basic,3,14,4,49.59,73.4,2024-03-17,2024-03-23,Yes,No,Android,Firefox,Crypto,Spanish,Morning,7,Small Business,charles.jones569@yahoo.com,,0
170727,John Williams,john.williams747@outlook.com,API Service,Security Concern,The system is not syncing data across devices properly.,Explained billing breakdown and clarified applicable charges.,Medium,Open,Phone,Asia,26,Other,Basic,16,14,4,51.87,132.14,2022-10-28,2022-11-01,Yes,Yes,iOS,Edge,Crypto,Japanese,Morning,4,Small Business,john.williams747@outlook.com,,0
133722,Jennifer Davis,jennifer.davis917@gmail.com,API Service,Account Suspension,There seems to be a discrepancy in my billing statement for this month.,Subscription status corrected and confirmation email sent to customer.,Urgent,Pending Customer,Phone,Africa,60,Female,Basic,40,10,3,30.34,118.07,2022-06-30,2022-07-12,No,Yes,iOS,Unknown,Bank Transfer,Spanish,Night,4,Corporate,jennifer.davis917@gmail.com,,0
77115,Elizabeth Jackson,elizabeth.jackson472@company.com,API Service,Subscription Cancellation,Two-factor authentication codes are not being delivered to my phone.,Subscription status corrected and confirmation email sent to customer.,Medium,Pending Customer,Phone,Africa,25,Other,Premium,10,2,2,45.72,158.88,2023-01-25,2023-01-27,No,Yes,MacOS,Safari,PayPal,German,Evening,8,Corporate,elizabeth.jackson472@company.com,,0
79340,Patricia Gonzalez,patricia.gonzalez347@hotmail.com,Analytics Dashboard,Account Suspension,The application crashes whenever I try to upload a file.,We have reset the account credentials and advised the customer to retry login.,Medium,Pending Customer,Chat,South America,26,Male,Premium,5,0,1,63.79,148.15,2024-02-28,2024-03-10,No,Yes,Linux,Firefox,Bank Transfer,German,Afternoon,5,Small Business,patricia.gonzalez347@hotmail.com,,0
41357,Sarah Brown,sarah.brown243@outlook.com,Billing System,Bug Report,I am experiencing very slow performance while using the dashboard.,We have reset the account credentials and advised the customer to retry login.,Medium,Resolved,Chat,Australia,22,Female,Free,51,12,1,6.32,195.44,2022-06-25,2022-06-26,No,Yes,iOS,Edge,PayPal,Japanese,Night,10,Individual,sarah.brown243@outlook.com,,0
27750,Patricia Jackson,patricia.jackson831@icloud.com,CRM Platform,Security Concern,The payment was deducted from my bank account but the transaction shows failed.,The duplicate charge was reversed and refund processed within 3-5 business days.,Urgent,Open,Web Form,Australia,61,Male,Enterprise,26,2,2,71.38,142.04,2022-09-29,2022-10-07,Yes,No,MacOS,Chrome,PayPal,English,Night,4,Corporate,patricia.jackson831@icloud.com,,0
187622,Susan Martinez,susan.martinez434@company.com,Billing System,Account Suspension,The system is not syncing data across devices properly.,The issue was escalated to engineering and resolved in the latest patch.,Urgent,Closed,Social Media,Asia,69,Male,Free,23,7,2,69.42,237.93,2023-02-05,2023-02-15,No,Yes,Linux,Safari,Credit Card,English,Evening,5,Corporate,susan.martinez434@company.com,,0
51287,James Brown,james.brown922@gmail.com,Billing System,Account Suspension,The payment was deducted from my bank account but the transaction shows failed.,The duplicate charge was reversed and refund processed within 3-5 business days.,Low,Open,Email,South America,18,Other,Free,59,17,2,8.17,141.24,2024-07-30,2024-08-05,No,Yes,Android,Chrome,Debit Card,French,Evening,10,Corporate,james.brown922@gmail.com,,0
73315,Linda Martin,linda.martin500@yahoo.com,Web Portal,Account Suspension,The system is not syncing data across devices properly.,Data synchronization restored after backend service restart.,Urgent,Closed,Phone,Europe,71,Other,Premium,9,10,5,16.24,203.35,2024-05-11,2024-05-21,Yes,No,iOS,Edge,Bank Transfer,German,Evening,10,Small Business,linda.martin500@yahoo.com,,0
89840,Jennifer Gonzalez,jennifer.gonzalez660@company.com,Payment Gateway,Feature Request,The application crashes whenever I try to upload a file.,Security settings updated and customer notified of precautionary measures.,Urgent,Open,Chat,Europe,53,Other,Basic,51,13,1,21.03,164.72,2022-02-23,2022-03-02,Yes,No,Android,Chrome,Bank Transfer,Japanese,Night,5,Small Business,jennifer.gonzalez660@company.com,,0
17012,Karen Wilson,karen.wilson790@gmail.com,Billing System,Login Issue,Two-factor authentication codes are not being delivered to my phone.,Subscription status corrected and confirmation email sent to customer.,Medium,Closed,Social Media,Asia,18,Other,Premium,33,0,1,42.0,38.65,2023-04-15,2023-04-28,Yes,Yes,Windows,Chrome,Bank Transfer,Spanish,Morning,1,Small Business,karen.wilson790@gmail.com,,0
134884,William Johnson,william.johnson286@company.com,Web Portal,Bug Report,The payment was deducted from my bank account but the transaction shows failed.,We have reset the account credentials and advised the customer to retry login.,Medium,Resolved,Email,Asia,71,Male,Enterprise,31,5,4,58.61,164.85,2023-09-19,2023-09-23,Yes,Yes,iOS,Safari,Debit Card,English,Morning,1,Corporate,william.johnson286@company.com,,0
45097,Linda Lopez,linda.lopez220@hotmail.com,Payment Gateway,Performance Issue,I am unable to access my account after entering the correct credentials.,The duplicate charge was reversed and refund processed within 3-5 business days.,Urgent,Closed,Web Form,Europe,68,Other,Free,17,14,2,44.93,114.29,2023-10-07,2023-10-09,No,Yes,Linux,Chrome,Bank Transfer,Japanese,Afternoon,6,Individual,linda.lopez220@hotmail.com,,0
196946,Michael Lopez,michael.lopez168@gmail.com,CRM Platform,Refund Request,I would like to request a refund for the recent charge.,Explained billing breakdown and clarified applicable charges.,Urgent,Open,Email,Africa,47,Male,Free,36,6,5,26.26,54.78,2022-10-22,2022-10-24,Yes,Yes,Windows,Edge,Debit Card,French,Evening,6,Corporate,michael.lopez168@gmail.com,,0
63307,Susan Miller,susan.miller284@yahoo.com,Cloud Storage,Refund Request,The payment was deducted from my bank account but the transaction shows failed.,Subscription status corrected and confirmation email sent to customer.,High,Resolved,Web Form,North America,63,Male,Enterprise,23,3,2,35.98,219.84,2024-08-02,2024-08-11,No,Yes,Android,Chrome,PayPal,Japanese,Afternoon,1,Small Business,susan.miller284@yahoo.com,,0
35392,John Jackson,john.jackson59@hotmail.com,Cloud Storage,Payment Problem,I would like to request a refund for the recent charge.,We have reset the account credentials and advised the customer to retry login.,High,Closed,Phone,South America,24,Female,Enterprise,52,15,2,51.45,122.6,2024-03-25,2024-04-07,No,Yes,Linux,Safari,Bank Transfer,German,Morning,3,Corporate,john.jackson59@hotmail.com,,0
185991,Jennifer Taylor,jennifer.taylor372@gmail.com,Analytics Dashboard,Feature Request,Two-factor authentication codes are not being delivered to my phone.,Subscription status corrected and confirmation email sent to customer.,High,Closed,Social Media,Africa,36,Male,Enterprise,28,15,3,36.89,144.61,2023-06-21,2023-06-23,Yes,No,Linux,Chrome,Debit Card,German,Afternoon,2,Small Business,jennifer.taylor372@gmail.com,,0
15101,Robert Jones,robert.jones769@outlook.com,E-commerce Store,Login Issue,I found a bug in the latest update affecting report generation.,Bug logged internally and workaround shared with the customer.,Urgent,Pending Customer,Social Media,North America,33,Female,Enterprise,56,7,3,67.13,176.28,2022-03-13,2022-03-25,Yes,Yes,iOS,Unknown,Credit Card,Chinese,Evening,2,Small Business,robert.jones769@outlook.com,,0
121526,Richard Williams,richard.williams996@company.com,API Service,Security Concern,There seems to be a discrepancy in my billing statement for this month.,Bug logged internally and workaround shared with the customer.,Urgent,Pending Customer,Email,South America,73,Male,Basic,4,14,3,12.2,228.02,2023-08-27,2023-09-04,Yes,No,iOS,Firefox,Credit Card,German,Evening,6,Corporate,richard.williams996@company.com,,0
56151,Thomas Jones,thomas.jones404@company.com,Payment Gateway,Login Issue,I would like to request a refund for the recent charge.,Bug logged internally and workaround shared with the customer.,Urgent,Pending Customer,Chat,Africa,47,Other,Premium,53,15,5,39.51,59.51,2022-11-21,2022-12-05,Yes,Yes,Android,Unknown,Debit Card,Japanese,Evening,7,Small Business,thomas.jones404@company.com,,0
182310,Joseph Johnson,joseph.johnson906@hotmail.com,Subscription Service,Subscription Cancellation,I found a bug in the latest update affecting report generation.,Bug logged internally and workaround shared with the customer.,High,Closed,Social Media,Australia,34,Male,Enterprise,33,18,3,23.15,175.24,2023-11-17,2023-11-26,Yes,Yes,iOS,Chrome,PayPal,French,Afternoon,9,Corporate,joseph.johnson906@hotmail.com,,0
97105,Susan Martin,susan.martin263@hotmail.com,Subscription Service,Data Sync Issue,I found a bug in the latest update affecting report generation.,Payment gateway timeout issue fixed and monitoring implemented.,Low,Pending Customer,Web Form,Europe,48,Female,Free,47,3,5,70.24,236.18,2024-03-29,2024-04-12,Yes,Yes,Android,Chrome,Crypto,French,Evening,10,Corporate,susan.martin263@hotmail.com,,0
40866,Jennifer Anderson,jennifer.anderson305@hotmail.com,Mobile App,Data Sync Issue,The payment was deducted from my bank account but the transaction shows failed.,The issue was escalated to engineering and resolved in the latest patch.,Urgent,Closed,Social Media,Asia,34,Male,Basic,50,9,4,71.84,79.51,2023-11-26,2023-11-26,Yes,No,iOS,Firefox,PayPal,English,Morning,9,Small Business,jennifer.anderson305@hotmail.com,,0
28119,John Anderson,john.anderson522@icloud.com,Analytics Dashboard,Feature Request,The system is not syncing data across devices properly.,Explained billing breakdown and clarified applicable charges.,Medium,Closed,Chat,North America,53,Female,Premium,8,4,1,67.02,120.32,2023-05-18,2023-05-30,No,Yes,Android,Safari,Debit Card,English,Afternoon,7,Individual,john.anderson522@icloud.com,,0
137361,Joseph Anderson,joseph.anderson864@gmail.com,CRM Platform,Performance Issue,I am experiencing very slow performance while using the dashboard.,The duplicate charge was reversed and refund processed within 3-5 business days.,High,Resolved,Phone,Asia,63,Male,Premium,54,15,1,53.94,97.75,2023-04-11,2023-04-15,Yes,Yes,iOS,Firefox,Debit Card,Chinese,Morning,1,Corporate,joseph.anderson864@gmail.com,,0
21560,Jennifer Brown,jennifer.brown679@company.com,Mobile App,Bug Report,I found a bug in the latest update affecting report generation.,Explained billing breakdown and clarified applicable charges.,Medium,Resolved,Web Form,Asia,45,Female,Premium,21,17,5,57.81,5.11,2024-09-22,2024-09-22,Yes,Yes,Windows,Chrome,Bank Transfer,Japanese,Night,10,Small Business,jennifer.brown679@company.com,2024-03-16,0
8394,James Johnson,james.johnson348@hotmail.com,API Service,Payment Problem,There seems to be a discrepancy in my billing statement for this month.,Bug logged internally and workaround shared with the customer.,Medium,In Progress,Email,Africa,63,Female,Enterprise,50,3,5,67.57,15.54,2024-12-18,2024-12-28,Yes,Yes,Windows,Edge,Credit Card,French,Night,1,Individual,james.johnson348@hotmail.com,,0
132946,Elizabeth Johnson,elizabeth.johnson702@outlook.com,Analytics Dashboard,Payment Problem,There seems to be a discrepancy in my billing statement for this month.,The duplicate charge was reversed and refund processed within 3-5 business days.,Medium,Resolved,Social Media,Europe,46,Other,Free,50,12,5,9.96,23.36,2022-01-22,2022-01-31,Yes,Yes,Linux,Safari,PayPal,English,Evening,5,Small Business,elizabeth.johnson702@outlook.com,,0
51128,Richard Anderson,richard.anderson342@outlook.com,API Service,Refund Request,The payment was deducted from my bank account but the transaction shows failed.,We have reset the account credentials and advised the customer to retry login.,Low,Pending Customer,Phone,Africa,42,Female,Free,36,19,4,6.05,204.95,2022-06-24,2022-07-07,No,Yes,MacOS,Chrome,PayPal,Japanese,Afternoon,3,Small Business,richard.anderson342@outlook.com,,0
61346,James Brown,james.brown557@yahoo.com,Payment Gateway,Data Sync Issue,There seems to be a discrepancy in my billing statement for this month.,Security settings updated and customer notified of precautionary measures.,Low,Pending Customer,Social Media,Europe,57,Male,Enterprise,27,16,1,61.11,50.58,2024-10-25,2024-11-05,No,No,Windows,Chrome,Bank Transfer,Chinese,Evening,4,Individual,james.brown557@yahoo.com,,0
130505,Susan Gonzalez,susan.gonzalez175@icloud.com,E-commerce Store,Security Concern,The payment was deducted from my bank account but the transaction shows failed.,Bug logged internally and workaround shared with the customer.,Medium,Open,Social Media,Africa,63,Other,Free,28,7,2,68.6,123.14,2022-10-12,2022-10-16,No,No,Android,Firefox,Bank Transfer,Spanish,Afternoon,1,Individual,susan.gonzalez175@icloud.com,,0
24959,Michael Martinez,michael.martinez528@hotmail.com,Mobile App,Refund Request,There seems to be a discrepancy in my billing statement for this month.,Provided step-by-step troubleshooting instructions and issue resolved.,Medium,Pending Customer,Chat,Africa,40,Male,Premium,16,2,5,24.15,168.02,2024-09-20,2024-09-27,Yes,No,iOS,Firefox,Crypto,Spanish,Morning,4,Corporate,michael.martinez528@hotmail.com,,0
71778,Elizabeth Hernandez,elizabeth.hernandez619@company.com,Web Portal,Performance Issue,I am unable to access my account after entering the correct credentials.,Payment gateway timeout issue fixed and monitoring implemented.,Low,Closed,Web Form,Australia,20,Male,Basic,10,3,5,29.0,48.1,2024-11-16,2024-11-18,Yes,Yes,Android,Chrome,Credit Card,German,Afternoon,7,Small Business,elizabeth.hernandez619@company.com,,0
132759,Joseph Rodriguez,joseph.rodriguez541@company.com,Cloud Storage,Data Sync Issue,There seems to be a discrepancy in my billing statement for this month.,Payment gateway timeout issue fixed and monitoring implemented.,Urgent,Closed,Phone,South America,27,Male,Premium,10,2,3,21.14,159.83,2022-09-20,2022-09-29,Yes,No,MacOS,Unknown,Crypto,English,Evening,1,Small Business,joseph.rodriguez541@company.com,,0
116059,Patricia Anderson,patricia.anderson498@gmail.com,API Service,Security Concern,I am unable to access my account after entering the correct credentials.,We have reset the account credentials and advised the customer to retry login.,Low,Open,Chat,South America,30,Other,Premium,54,7,5,23.31,135.58,2023-01-25,2023-01-26,Yes,Yes,MacOS,Firefox,Crypto,English,Afternoon,9,Individual,patricia.anderson498@gmail.com,,0
124564,Richard Garcia,richard.garcia135@outlook.com,Payment Gateway,Account Suspension,The system is not syncing data across devices properly.,We have reset the account credentials and advised the customer to retry login.,Medium,In Progress,Phone,Europe,36,Other,Premium,5,11,4,46.25,100.01,2024-08-16,2024-08-26,No,No,iOS,Chrome,Credit Card,Chinese,Afternoon,7,Corporate,richard.garcia135@outlook.com,,0
161429,Richard Rodriguez,richard.rodriguez904@outlook.com,API Service,Payment Problem,I would like to request a refund for the recent charge.,Provided step-by-step troubleshooting instructions and issue resolved.,High,Open,Chat,Australia,75,Other,Basic,27,2,1,3.89,137.36,2022-08-13,2022-08-25,No,Yes,Linux,Chrome,Bank Transfer,Spanish,Morning,7,Individual,richard.rodriguez904@outlook.com,,0
96607,William Rodriguez,william.rodriguez581@company.com,Subscription Service,Payment Problem,I am unable to access my account after entering the correct credentials.,Payment gateway timeout issue fixed and monitoring implemented.,Low,Open,Phone,Africa,41,Other,Basic,46,7,3,22.59,230.84,2022-01-28,2022-02-10,Yes,Yes,iOS,Firefox,Credit Card,English,Morning,10,Individual,william.rodriguez581@company.com,,0
92196,James Davis,james.davis750@icloud.com,CRM Platform,Data Sync Issue,I am experiencing very slow performance while using the dashboard.,Explained billing breakdown and clarified applicable charges.,Medium,Open,Chat,Australia,59,Other,Premium,48,16,1,51.24,239.58,2022-12-13,2022-12-18,Yes,No,iOS,Edge,PayPal,Chinese,Morning,10,Small Business,james.davis750@icloud.com,,0
18202,Elizabeth Rodriguez,elizabeth.rodriguez524@icloud.com,CRM Platform,Security Concern,The payment was deducted from my bank account but the transaction shows failed.,The duplicate charge was reversed and refund processed within 3-5 business days.,Urgent,Closed,Chat,Europe,34,Female,Basic,51,0,2,40.4,57.49,2022-01-09,2022-01-21,No,Yes,iOS,Firefox,Credit Card,German,Morning,3,Corporate,elizabeth.rodriguez524@icloud.com,,0
129715,Thomas Rodriguez,thomas.rodriguez438@outlook.com,Subscription Service,Account Suspension,There seems to be a discrepancy in my billing statement for this month.,Explained billing breakdown and clarified applicable charges.,Low,Open,Chat,Asia,34,Other,Free,49,6,5,40.77,198.59,2022-10-01,2022-10-13,No,Yes,MacOS,Safari,Bank Transfer,German,Night,8,Corporate,thomas.rodriguez438@outlook.com,,0
131524,Thomas Williams,thomas.williams145@gmail.com,Web Portal,Subscription Cancellation,I found a bug in the latest update affecting report generation.,Subscription status corrected and confirmation email sent to customer.,High,Closed,Phone,Europe,27,Female,Premium,36,8,4,19.03,9.9,2022-11-02,2022-11-03,Yes,No,Android,Chrome,Crypto,German,Afternoon,2,Small Business,thomas.williams145@gmail.com,,0
132100,Michael Brown,michael.brown879@hotmail.com,Payment Gateway,Login Issue,The system is not syncing data across devices properly.,Explained billing breakdown and clarified applicable charges.,High,Open,Phone,Europe,65,Other,Basic,8,8,5,63.28,43.38,2024-09-25,2024-09-30,No,Yes,MacOS,Firefox,Debit Card,Chinese,Evening,3,Individual,michael.brown879@hotmail.com,,0
50730,Joseph Jackson,joseph.jackson499@icloud.com,E-commerce Store,Feature Request,I would like to request a refund for the recent charge.,The duplicate charge was reversed and refund processed within 3-5 business days.,Medium,Closed,Social Media,South America,28,Male,Premium,12,14,2,12.32,9.7,2022-01-18,2022-01-28,No,No,Linux,Edge,Debit Card,Spanish,Night,8,Small Business,joseph.jackson499@icloud.com,,0
51319,Michael Jackson,michael.jackson35@outlook.com,Payment Gateway,Security Concern,Two-factor authentication codes are not being delivered to my phone.,The duplicate charge was reversed and refund processed within 3-5 business days.,Urgent,Open,Social Media,North America,47,Male,Premium,21,16,4,46.6,81.49,2022-01-19,2022-01-24,Yes,No,Windows,Firefox,Bank Transfer,Chinese,Morning,1,Small Business,michael.jackson35@outlook.com,,0
84871,Thomas Martin,thomas.martin389@company.com,Payment Gateway,Feature Request,My subscription was cancelled without my request and I need clarification.,Provided step-by-step troubleshooting instructions and issue resolved.,Medium,Open,Web Form,Europe,54,Female,Premium,47,13,1,57.49,144.34,2024-12-11,2024-12-12,No,Yes,Android,Firefox,Debit Card,English,Morning,7,Corporate,thomas.martin389@company.com,,0
155891,Susan Wilson,susan.wilson242@company.com,Web Portal,Bug Report,The system is not syncing data across devices properly.,Explained billing breakdown and clarified applicable charges.,Low,Closed,Phone,Europe,38,Other,Enterprise,54,10,5,21.43,60.72,2024-11-29,2024-12-13,No,Yes,Windows,Edge,Debit Card,Chinese,Afternoon,7,Individual,susan.wilson242@company.com,,0
152202,Jennifer Hernandez,jennifer.hernandez982@outlook.com,E-commerce Store,Refund Request,The application crashes whenever I try to upload a file.,Subscription status corrected and confirmation email sent to customer.,Medium,Resolved,Web Form,Asia,64,Female,Free,41,1,1,45.6,145.3,2023-07-30,2023-08-01,Yes,Yes,iOS,Firefox,Bank Transfer,English,Morning,9,Individual,jennifer.hernandez982@outlook.com,,0
164921,Charles Johnson,charles.johnson819@outlook.com,CRM Platform,Subscription Cancellation,Two-factor authentication codes are not being delivered to my phone.,Subscription status corrected and confirmation email sent to customer.,High,Resolved,Phone,North America,27,Female,Premium,52,16,5,12.56,71.85,2022-06-09,2022-06-09,Yes,No,Windows,Firefox,PayPal,English,Night,4,Small Business,charles.johnson819@outlook.com,,0
105308,Elizabeth Thomas,elizabeth.thomas105@gmail.com,Cloud Storage,Bug Report,I would like to request a refund for the recent charge.,We have reset the account credentials and advised the customer to retry login.,Medium,In Progress,Email,Asia,54,Female,Enterprise,44,2,3,26.75,52.0,2023-11-21,2023-11-28,No,Yes,Windows,Firefox,Credit Card,German,Afternoon,1,Individual,elizabeth.thomas105@gmail.com,,0
85271,Linda Garcia,linda.garcia604@hotmail.com,Web Portal,Account Suspension,The payment was deducted from my bank account but the transaction shows failed.,Provided step-by-step troubleshooting instructions and issue resolved.,Urgent,Resolved,Web Form,South America,19,Other,Premium,45,12,3,63.08,108.88,2023-07-11,2023-07-23,No,Yes,Linux,Firefox,Crypto,Chinese,Night,1,Individual,linda.garcia604@hotmail.com,,0
151122,Jessica Gonzalez,jessica.gonzalez20@outlook.com,Web Portal,Bug Report,I am unable to access my account after entering the correct credentials.,Bug logged internally and workaround shared with the customer.,Medium,Closed,Social Media,South America,62,Other,Free,26,11,5,37.0,177.18,2024-10-15,2024-10-20,Yes,Yes,iOS,Firefox,Credit Card,German,Evening,3,Small Business,jessica.gonzalez20@outlook.com,2023-08-04,0
161751,James Anderson,james.anderson224@outlook.com,CRM Platform,Security Concern,I would like to request a refund for the recent charge.,The issue was escalated to engineering and resolved in the latest patch.,Medium,Open,Web Form,Europe,65,Other,Basic,13,9,3,67.8,8.14,2022-10-08,2022-10-22,Yes,No,Windows,Edge,Debit Card,Chinese,Night,9,Corporate,james.anderson224@outlook.com,,0
2046,William Brown,william.brown131@outlook.com,Cloud Storage,Refund Request,I would like to request a refund for the recent charge.,We have reset the account credentials and advised the customer to retry login.,Urgent,Closed,Chat,Asia,34,Other,Premium,20,15,3,47.27,231.34,2024-08-15,2024-08-15,Yes,Yes,MacOS,Chrome,PayPal,Japanese,Night,9,Small Business,william.brown131@outlook.com,,0
119044,Elizabeth Martinez,elizabeth.martinez387@icloud.com,Cloud Storage,Security Concern,I would like to request a refund for the recent charge.,Explained billing breakdown and clarified applicable charges.,Medium,Resolved,Email,North America,47,Male,Free,33,12,4,41.17,27.02,2023-03-24,2023-03-31,Yes,No,Android,Chrome,Bank Transfer,German,Evening,2,Individual,elizabeth.martinez387@icloud.com,,0
123863,Elizabeth Lopez,elizabeth.lopez468@hotmail.com,Subscription Service,Account Suspension,The payment was deducted from my bank account but the transaction shows failed.,Subscription status corrected and confirmation email sent to customer.,Urgent,Open,Phone,Australia,40,Other,Basic,35,17,2,59.15,126.76,2023-06-02,2023-06-02,No,Yes,Android,Firefox,Credit Card,English,Night,4,Individual,elizabeth.lopez468@hotmail.com,,0
119283,Linda Smith,linda.smith546@icloud.com,Web Portal,Account Suspension,There seems to be a discrepancy in my billing statement for this month.,We have reset the account credentials and advised the customer to retry login.,Medium,Pending Customer,Social Media,Africa,29,Female,Enterprise,60,5,4,44.73,31.71,2024-08-18,2024-09-01,Yes,Yes,Windows,Unknown,Credit Card,Chinese,Afternoon,8,Corporate,linda.smith546@icloud.com,,0
44272,Sarah Wilson,sarah.wilson819@company.com,Subscription Service,Data Sync Issue,I would like to request a refund for the recent charge.,Security settings updated and customer notified of precautionary measures.,Urgent,In Progress,Chat,Asia,34,Male,Premium,2,2,5,51.91,26.38,2024-11-14,2024-11-20,No,Yes,MacOS,Edge,Crypto,English,Night,9,Corporate,sarah.wilson819@company.com,,0
1946,Sarah Wilson,sarah.wilson556@company.com,Billing System,Security Concern,I would like to request a refund for the recent charge.,Provided step-by-step troubleshooting instructions and issue resolved.,Medium,In Progress,Email,Europe,64,Other,Basic,11,12,5,61.92,97.24,2023-09-15,2023-09-24,No,Yes,MacOS,Edge,PayPal,French,Night,9,Small Business,sarah.wilson556@company.com,,0
116923,David Brown,david.brown913@hotmail.com,E-commerce Store,Security Concern,The system is not syncing data across devices properly.,Security settings updated and customer notified of precautionary measures.,Urgent,Closed,Phone,South America,38,Female,Basic,57,11,4,49.6,7.24,2023-02-06,2023-02-17,Yes,No,Android,Unknown,Bank Transfer,English,Night,10,Individual,david.brown913@hotmail.com,,0
78810,Richard Martin,richard.martin469@yahoo.com,CRM Platform,Security Concern,I am experiencing very slow performance while using the dashboard.,Payment gateway timeout issue fixed and monitoring implemented.,High,In Progress,Chat,North America,39,Male,Basic,25,18,4,68.81,141.21,2024-05-20,2024-05-28,Yes,No,Linux,Safari,Crypto,Spanish,Night,2,Individual,richard.martin469@yahoo.com,,0
126975,Mary Martin,mary.martin57@hotmail.com,E-commerce Store,Subscription Cancellation,There seems to be a discrepancy in my billing statement for this month.,Explained billing breakdown and clarified applicable charges.,Urgent,Resolved,Chat,Africa,48,Male,Premium,1,15,2,48.27,2.25,2024-07-07,2024-07-21,No,Yes,Linux,Edge,Bank Transfer,Japanese,Evening,2,Small Business,mary.martin57@hotmail.com,,0
47337,Patricia Williams,patricia.williams830@outlook.com,E-commerce Store,Subscription Cancellation,The system is not syncing data across devices properly.,Provided step-by-step troubleshooting instructions and issue resolved.,Low,Closed,Chat,Africa,33,Female,Premium,26,6,5,9.85,239.9,2024-01-21,2024-01-25,Yes,No,MacOS,Chrome,Debit Card,German,Night,9,Small Business,patricia.williams830@outlook.com,,0
59133,Sarah Davis,sarah.davis577@hotmail.com,Web Portal,Bug Report,There seems to be a discrepancy in my billing statement for this month.,Payment gateway timeout issue fixed and monitoring implemented.,Low,Resolved,Social Media,Africa,23,Male,Free,38,0,2,58.13,189.24,2022-06-07,2022-06-19,Yes,No,iOS,Safari,Bank Transfer,French,Night,2,Small Business,sarah.davis577@hotmail.com,,0
119913,Thomas Martinez,thomas.martinez466@yahoo.com,Payment Gateway,Feature Request,My subscription was cancelled without my request and I need clarification.,Subscription status corrected and confirmation email sent to customer.,Low,Open,Phone,Australia,68,Female,Premium,23,2,2,46.92,142.04,2023-10-27,2023-11-05,No,Yes,MacOS,Chrome,PayPal,Japanese,Evening,7,Corporate,thomas.martinez466@yahoo.com,2022-03-16,0
4319,William Moore,william.moore698@hotmail.com,CRM Platform,Feature Request,I would like to request a refund for the recent charge.,Data synchronization restored after backend service restart.,Medium,Open,Chat,North America,54,Other,Basic,26,9,3,43.59,93.55,2022-09-05,2022-09-07,Yes,Yes,Windows,Safari,Bank Transfer,French,Night,3,Corporate,william.moore698@hotmail.com,,0
117402,William Hernandez,william.hernandez834@gmail.com,Cloud Storage,Bug Report,There seems to be a discrepancy in my billing statement for this month.,The duplicate charge was reversed and refund processed within 3-5 business days.,Low,Closed,Email,Africa,24,Female,Basic,55,15,4,59.12,42.91,2022-06-13,2022-06-17,No,No,MacOS,Safari,Debit Card,German,Morning,5,Small Business,william.hernandez834@gmail.com,,0
191033,Jessica Jackson,jessica.jackson525@company.com,API Service,Performance Issue,I found a bug in the latest update affecting report generation.,The duplicate charge was reversed and refund processed within 3-5 business days.,Medium,Pending Customer,Phone,Europe,41,Other,Basic,25,3,3,22.95,174.63,2022-10-14,2022-10-14,Yes,Yes,Linux,Edge,Crypto,French,Night,3,Small Business,jessica.jackson525@company.com,,0
159139,Sarah Anderson,sarah.anderson42@gmail.com,Mobile App,Subscription Cancellation,Two-factor authentication codes are not being delivered to my phone.,Payment gateway timeout issue fixed and monitoring implemented.,Urgent,Open,Chat,South America,50,Male,Enterprise,21,7,5,48.09,143.09,2024-07-21,2024-08-01,Yes,Yes,Windows,Firefox,Bank Transfer,German,Night,10,Corporate,sarah.anderson42@gmail.com,,0
6783,James Williams,james.williams475@gmail.com,API Service,Subscription Cancellation,Two-factor authentication codes are not being delivered to my phone.,Data synchronization restored after backend service restart.,Medium,Resolved,Web Form,Australia,20,Other,Free,31,5,5,2.53,150.63,2024-01-31,2024-02-02,Yes,Yes,Windows,Chrome,PayPal,Japanese,Night,10,Individual,james.williams475@gmail.com,,0
185387,Linda Jackson,linda.jackson834@outlook.com,Subscription Service,Payment Problem,I would like to request a refund for the recent charge.,Provided step-by-step troubleshooting instructions and issue resolved.,Medium,Pending Customer,Web Form,Africa,45,Other,Basic,34,13,3,41.32,67.13,2022-02-15,2022-02-15,No,Yes,Linux,Unknown,Credit Card,Chinese,Evening,8,Corporate,linda.jackson834@outlook.com,,0
19841,James Anderson,james.anderson315@outlook.com,CRM Platform,Account Suspension,I would like to request a refund for the recent charge.,Provided step-by-step troubleshooting instructions and issue resolved.,Medium,Pending Customer,Email,Asia,72,Female,Basic,2,16,2,12.05,21.92,2024-10-28,2024-11-05,No,Yes,Windows,Safari,Bank Transfer,French,Morning,10,Individual,james.anderson315@outlook.com,,0
63335,Jennifer Johnson,jennifer.johnson174@yahoo.com,Payment Gateway,Refund Request,The system is not syncing data across devices properly.,Security settings updated and customer notified of precautionary measures.,Medium,Open,Email,North America,27,Male,Enterprise,35,17,5,65.95,34.2,2023-08-10,2023-08-19,No,Yes,Android,Firefox,Crypto,Chinese,Evening,6,Individual,jennifer.johnson174@yahoo.com,,0
147827,Patricia Hernandez,patricia.hernandez782@hotmail.com,Subscription Service,Feature Request,The system is not syncing data across devices properly.,The duplicate charge was reversed and refund processed within 3-5 business days.,Medium,Open,Phone,Africa,54,Other,Free,56,15,4,30.78,221.42,2022-05-19,2022-05-26,No,Yes,Android,Chrome,PayPal,English,Afternoon,9,Corporate,patricia.hernandez782@hotmail.com,,0
4100,James Jones,james.jones245@gmail.com,Billing System,Security Concern,The application crashes whenever I try to upload a file.,The issue was escalated to engineering and resolved in the latest patch.,Medium,Open,Chat,Europe,39,Other,Premium,9,1,5,47.86,17.54,2024-03-24,2024-03-26,No,No,Android,Chrome,Bank Transfer,French,Morning,9,Small Business,james.jones245@gmail.com,,0
135159,William Smith,william.smith953@yahoo.com,API Service,Data Sync Issue,I am experiencing very slow performance while using the dashboard.,The duplicate charge was reversed and refund processed within 3-5 business days.,Low,Pending Customer,Email,Africa,63,Male,Premium,28,18,4,54.31,179.65,2022-10-02,2022-10-07,Yes,No,Linux,Firefox,Crypto,German,Afternoon,3,Corporate,william.smith953@yahoo.com,,0
186199,Susan Taylor,susan.taylor303@company.com,API Service,Security Concern,The payment was deducted from my bank account but the transaction shows failed.,Payment gateway timeout issue fixed and monitoring implemented.,Low,Closed,Phone,Asia,44,Male,Enterprise,12,16,5,50.83,52.64,2024-02-18,2024-02-21,Yes,No,Windows,Unknown,PayPal,Japanese,Afternoon,9,Small Business,susan.taylor303@company.com,2023-07-25,0
40567,Karen Brown,karen.brown844@icloud.com,E-commerce Store,Login Issue,I would like to request a refund for the recent charge.,Payment gateway timeout issue fixed and monitoring implemented.,Low,Open,Email,Europe,53,Other,Free,6,17,2,16.85,158.47,2024-04-26,2024-04-27,Yes,No,Linux,Firefox,Debit Card,German,Morning,9,Corporate,karen.brown844@icloud.com,,0
1275,William Garcia,william.garcia406@company.com,Web Portal,Security Concern,There seems to be a discrepancy in my billing statement for this month.,Security settings updated and customer notified of precautionary measures.,Low,In Progress,Email,Asia,22,Other,Free,21,9,5,36.57,187.19,2023-06-27,2023-07-03,Yes,Yes,Linux,Firefox,Debit Card,French,Night,6,Corporate,william.garcia406@company.com,,0
178692,John Anderson,john.anderson334@outlook.com,Billing System,Performance Issue,I found a bug in the latest update affecting report generation.,Payment gateway timeout issue fixed and monitoring implemented.,Low,Pending Customer,Web Form,Asia,22,Male,Enterprise,35,10,3,9.74,29.04,2022-07-07,2022-07-10,Yes,Yes,MacOS,Edge,Credit Card,Japanese,Evening,2,Individual,john.anderson334@outlook.com,,0
25993,James Anderson,james.anderson988@hotmail.com,Analytics Dashboard,Payment Problem,The application crashes whenever I try to upload a file.,Security settings updated and customer notified of precautionary measures.,High,Open,Phone,Australia,58,Male,Enterprise,19,1,1,41.59,207.47,2024-04-26,2024-05-08,Yes,Yes,iOS,Chrome,Debit Card,English,Morning,7,Small Business,james.anderson988@hotmail.com,,0
180350,James Lopez,james.lopez454@icloud.com,Payment Gateway,Payment Problem,My subscription was cancelled without my request and I need clarification.,Security settings updated and customer notified of precautionary measures.,Low,Open,Social Media,Africa,70,Other,Premium,31,19,4,9.91,201.8,2023-12-07,2023-12-07,Yes,No,Android,Safari,Credit Card,English,Night,1,Small Business,james.lopez454@icloud.com,,0
96919,Barbara Hernandez,barbara.hernandez726@outlook.com,Mobile App,Login Issue,I would like to request a refund for the recent charge.,The duplicate charge was reversed and refund processed within 3-5 business days.,Medium,In Progress,Social Media,North America,56,Female,Free,12,1,3,36.15,133.35,2022-08-13,2022-08-16,No,No,iOS,Chrome,PayPal,French,Night,2,Individual,barbara.hernandez726@outlook.com,,0
50874,James Martinez,james.martinez737@hotmail.com,E-commerce Store,Performance Issue,My subscription was cancelled without my request and I need clarification.,Data synchronization restored after backend service restart.,Low,Closed,Chat,Australia,74,Male,Free,54,6,2,6.86,182.38,2024-02-24,2024-03-01,Yes,No,iOS,Unknown,Credit Card,French,Morning,8,Individual,james.martinez737@hotmail.com,,0
112273,Michael Gonzalez,michael.gonzalez533@hotmail.com,Web Portal,Bug Report,My subscription was cancelled without my request and I need clarification.,Bug logged internally and workaround shared with the customer.,Low,Pending Customer,Social Media,North America,59,Other,Basic,39,4,3,67.53,221.2,2022-02-11,2022-02-12,No,Yes,Linux,Safari,Crypto,Chinese,Afternoon,8,Individual,michael.gonzalez533@hotmail.com,,0
114289,William Taylor,william.taylor553@gmail.com,Cloud Storage,Performance Issue,I am experiencing very slow performance while using the dashboard.,The issue was escalated to engineering and resolved in the latest patch.,High,In Progress,Chat,Europe,34,Other,Premium,17,14,3,52.79,71.16,2022-03-14,2022-03-14,Yes,Yes,Windows,Firefox,Crypto,English,Morning,6,Corporate,william.taylor553@gmail.com,,0
19069,Richard Miller,richard.miller467@yahoo.com,Analytics Dashboard,Payment Problem,The payment was deducted from my bank account but the transaction shows failed.,Explained billing breakdown and clarified applicable charges.,Low,In Progress,Web Form,Europe,46,Female,Free,42,14,1,44.57,217.69,2022-03-14,2022-03-27,Yes,Yes,Windows,Edge,PayPal,Chinese,Night,4,Corporate,richard.miller467@yahoo.com,,0
79498,Karen Hernandez,karen.hernandez340@gmail.com,Analytics Dashboard,Security Concern,The system is not syncing data across devices properly.,Provided step-by-step troubleshooting instructions and issue resolved.,Medium,Pending Customer,Email,Asia,56,Female,Basic,27,14,1,61.1,100.37,2024-09-20,2024-09-27,No,Yes,Android,Chrome,PayPal,French,Evening,7,Individual,karen.hernandez340@gmail.com,2023-07-03,0
27926,Jessica Taylor,jessica.taylor212@outlook.com,Cloud Storage,Account Suspension,There seems to be a discrepancy in my billing statement for this month.,Payment gateway timeout issue fixed and monitoring implemented.,Low,Open,Phone,Australia,45,Male,Enterprise,32,14,4,33.49,204.49,2024-03-18,2024-03-27,No,Yes,Windows,Safari,Credit Card,Spanish,Night,10,Individual,jessica.taylor212@outlook.com,,0
187244,William Anderson,william.anderson64@icloud.com,Billing System,Feature Request,My subscription was cancelled without my request and I need clarification.,Explained billing breakdown and clarified applicable charges.,Medium,Open,Email,North America,40,Male,Free,57,15,3,8.42,54.32,2024-04-16,2024-04-21,Yes,Yes,Windows,Unknown,Crypto,Spanish,Night,8,Small Business,william.anderson64@icloud.com,,0
82712,William Jones,william.jones783@gmail.com,Web Portal,Performance Issue,I am experiencing very slow performance while using the dashboard.,Subscription status corrected and confirmation email sent to customer.,Urgent,Resolved,Phone,Asia,44,Male,Enterprise,56,4,1,33.93,236.63,2024-11-24,2024-12-08,Yes,No,Android,Chrome,Bank Transfer,Japanese,Night,8,Corporate,william.jones783@gmail.com,,0
149392,Karen Rodriguez,karen.rodriguez242@outlook.com,Payment Gateway,Subscription Cancellation,Two-factor authentication codes are not being delivered to my phone.,Explained billing breakdown and clarified applicable charges.,High,Open,Email,Asia,69,Female,Enterprise,17,3,5,54.82,169.54,2023-06-07,2023-06-12,Yes,No,Android,Safari,Credit Card,Chinese,Afternoon,9,Small Business,karen.rodriguez242@outlook.com,2022-07-27,0
137998,Barbara Martinez,barbara.martinez988@hotmail.com,Payment Gateway,Feature Request,I am experiencing very slow performance while using the dashboard.,Subscription status corrected and confirmation email sent to customer.,Urgent,Closed,Phone,Asia,28,Female,Basic,48,2,3,52.25,217.02,2024-11-25,2024-12-02,No,No,Windows,Safari,Debit Card,Chinese,Evening,5,Corporate,barbara.martinez988@hotmail.com,,0
144237,Joseph Miller,joseph.miller910@icloud.com,Billing System,Payment Problem,My subscription was cancelled without my request and I need clarification.,Subscription status corrected and confirmation email sent to customer.,Medium,Closed,Email,North America,39,Female,Premium,21,0,3,46.35,130.63,2023-07-03,2023-07-05,Yes,No,iOS,Firefox,Crypto,Chinese,Afternoon,8,Corporate,joseph.miller910@icloud.com,,0
137866,Thomas Smith,thomas.smith333@outlook.com,Analytics Dashboard,Account Suspension,The application crashes whenever I try to upload a file.,Bug logged internally and workaround shared with the customer.,Medium,In Progress,Email,Europe,30,Female,Free,12,13,3,55.32,234.45,2022-01-30,2022-02-02,No,Yes,iOS,Chrome,Debit Card,German,Evening,6,Small Business,thomas.smith333@outlook.com,,0
126108,Barbara Gonzalez,barbara.gonzalez313@company.com,Mobile App,Data Sync Issue,I would like to request a refund for the recent charge.,Provided step-by-step troubleshooting instructions and issue resolved.,High,Open,Phone,Africa,31,Male,Basic,24,4,5,51.53,4.72,2023-04-01,2023-04-08,No,No,iOS,Edge,PayPal,English,Evening,7,Small Business,barbara.gonzalez313@company.com,,0
58124,James Taylor,james.taylor801@yahoo.com,E-commerce Store,Login Issue,The system is not syncing data across devices properly.,Security settings updated and customer notified of precautionary measures.,Medium,Pending Customer,Social Media,Europe,23,Other,Free,34,7,3,46.78,30.04,2024-09-29,2024-10-02,No,Yes,MacOS,Safari,Debit Card,Spanish,Morning,2,Small Business,james.taylor801@yahoo.com,,0
65282,Susan Taylor,susan.taylor392@yahoo.com,Analytics Dashboard,Feature Request,My subscription was cancelled without my request and I need clarification.,We have reset the account credentials and advised the customer to retry login.,Urgent,Pending Customer,Phone,Africa,18,Male,Premium,15,9,4,58.02,110.87,2022-03-11,2022-03-15,Yes,No,Android,Chrome,Crypto,Spanish,Morning,2,Individual,susan.taylor392@yahoo.com,,0
136990,Jessica Martin,jessica.martin457@company.com,CRM Platform,Performance Issue,There seems to be a discrepancy in my billing statement for this month.,Bug logged internally and workaround shared with the customer.,Low,Resolved,Chat,North America,39,Female,Premium,15,9,2,53.91,103.86,2024-12-22,2024-12-29,No,No,Android,Chrome,Debit Card,Chinese,Morning,3,Corporate,jessica.martin457@company.com,,0
56088,Susan Garcia,susan.garcia16@company.com,E-commerce Store,Account Suspension,The payment was deducted from my bank account but the transaction shows failed.,The duplicate charge was reversed and refund processed within 3-5 business days.,Medium,In Progress,Social Media,Australia,55,Other,Free,58,15,3,63.23,49.97,2024-11-11,2024-11-14,No,Yes,iOS,Firefox,PayPal,Japanese,Morning,1,Individual,susan.garcia16@company.com,,0
186516,Thomas Garcia,thomas.garcia395@icloud.com,E-commerce Store,Login Issue,I would like to request a refund for the recent charge.,Bug logged internally and workaround shared with the customer.,Urgent,Closed,Chat,South America,69,Male,Basic,45,7,2,11.77,123.0,2022-10-06,2022-10-07,No,No,Linux,Unknown,Bank Transfer,French,Morning,1,Small Business,thomas.garcia395@icloud.com,,0
119419,Sarah Rodriguez,sarah.rodriguez694@outlook.com,Analytics Dashboard,Account Suspension,There seems to be a discrepancy in my billing statement for this month.,We have reset the account credentials and advised the customer to retry login.,Urgent,Pending Customer,Email,Australia,48,Male,Basic,8,12,1,8.67,196.36,2023-10-21,2023-11-03,Yes,No,Windows,Edge,PayPal,Chinese,Evening,6,Corporate,sarah.rodriguez694@outlook.com,,0
70312,Elizabeth Lopez,elizabeth.lopez27@yahoo.com,E-commerce Store,Account Suspension,My subscription was cancelled without my request and I need clarification.,The issue was escalated to engineering and resolved in the latest patch.,Medium,Open,Email,Asia,65,Other,Enterprise,20,19,2,20.25,218.6,2024-07-16,2024-07-21,Yes,No,iOS,Firefox,Credit Card,German,Afternoon,1,Corporate,elizabeth.lopez27@yahoo.com,,0
130659,William Miller,william.miller577@outlook.com,Web Portal,Subscription Cancellation,The application crashes whenever I try to upload a file.,Provided step-by-step troubleshooting instructions and issue resolved.,Urgent,Closed,Chat,South America,19,Male,Premium,5,1,3,30.71,228.48,2024-01-06,2024-01-13,Yes,No,Windows,Unknown,Credit Card,Japanese,Evening,8,Corporate,william.miller577@outlook.com,,0
19909,Robert Brown,robert.brown210@outlook.com,CRM Platform,Account Suspension,I am unable to access my account after entering the correct credentials.,We have reset the account credentials and advised the customer to retry login.,Low,In Progress,Social Media,Europe,64,Female,Premium,54,12,4,29.51,60.75,2023-07-08,2023-07-16,No,Yes,Android,Safari,Bank Transfer,Chinese,Morning,7,Corporate,robert.brown210@outlook.com,,0
166502,John Thomas,john.thomas365@gmail.com,Mobile App,Refund Request,My subscription was cancelled without my request and I need clarification.,Explained billing breakdown and clarified applicable charges.,Low,Closed,Phone,North America,48,Female,Free,14,9,1,35.33,168.72,2023-08-24,2023-09-06,Yes,Yes,Android,Edge,Crypto,Spanish,Morning,7,Small Business,john.thomas365@gmail.com,,0
87386,Patricia Gonzalez,patricia.gonzalez673@icloud.com,Payment Gateway,Performance Issue,I found a bug in the latest update affecting report generation.,The issue was escalated to engineering and resolved in the latest patch.,High,Pending Customer,Chat,North America,42,Female,Basic,19,9,1,19.25,237.01,2022-04-04,2022-04-08,Yes,Yes,Linux,Safari,PayPal,Chinese,Night,4,Corporate,patricia.gonzalez673@icloud.com,,0
5377,Robert Martinez,robert.martinez227@outlook.com,Cloud Storage,Account Suspension,The payment was deducted from my bank account but the transaction shows failed.,Provided step-by-step troubleshooting instructions and issue resolved.,Medium,Open,Social Media,North America,29,Male,Premium,51,6,3,33.78,90.07,2024-09-12,2024-09-17,Yes,Yes,Windows,Firefox,Credit Card,Japanese,Afternoon,9,Small Business,robert.martinez227@outlook.com,,0
50067,David Taylor,david.taylor758@company.com,API Service,Refund Request,My subscription was cancelled without my request and I need clarification.,Bug logged internally and workaround shared with the customer.,Medium,Closed,Web Form,Australia,56,Male,Basic,54,13,5,69.83,114.58,2023-10-16,2023-10-30,No,Yes,MacOS,Edge,Credit Card,French,Evening,2,Small Business,david.taylor758@company.com,,0
456,Karen Martinez,karen.martinez746@company.com,API Service,Refund Request,I found a bug in the latest update affecting report generation.,Security settings updated and customer notified of precautionary measures.,Urgent,Resolved,Social Media,North America,39,Female,Premium,23,14,2,33.53,178.47,2024-08-01,2024-08-10,Yes,Yes,iOS,Safari,Bank Transfer,English,Morning,8,Corporate,karen.martinez746@company.com,,0
44190,Sarah Gonzalez,sarah.gonzalez683@hotmail.com,Web Portal,Subscription Cancellation,The system is not syncing data across devices properly.,Explained billing breakdown and clarified applicable charges.,Medium,In Progress,Web Form,Europe,23,Other,Basic,8,15,2,10.2,71.29,2024-06-18,2024-07-02,No,Yes,Windows,Unknown,Bank Transfer,German,Afternoon,7,Individual,sarah.gonzalez683@hotmail.com,,0
164152,Robert Rodriguez,robert.rodriguez770@icloud.com,API Service,Account Suspension,I am unable to access my account after entering the correct credentials.,Explained billing breakdown and clarified applicable charges.,High,In Progress,Web Form,Australia,55,Other,Free,16,4,1,43.73,58.83,2022-06-20,2022-06-27,Yes,No,iOS,Firefox,Crypto,Spanish,Afternoon,1,Corporate,robert.rodriguez770@icloud.com,,0
76338,Jennifer Rodriguez,jennifer.rodriguez784@hotmail.com,Web Portal,Refund Request,My subscription was cancelled without my request and I need clarification.,Explained billing breakdown and clarified applicable charges.,High,Pending Customer,Phone,South America,28,Other,Basic,3,7,1,25.96,118.93,2024-10-03,2024-10-05,No,No,Windows,Edge,Credit Card,English,Morning,9,Small Business,jennifer.rodriguez784@hotmail.com,,0
31821,Joseph Williams,joseph.williams900@yahoo.com,Cloud Storage,Bug Report,Two-factor authentication codes are not being delivered to my phone.,Data synchronization restored after backend service restart.,Medium,In Progress,Web Form,Australia,28,Female,Free,51,20,1,3.88,101.22,2023-10-15,2023-10-27,Yes,No,Android,Edge,Credit Card,French,Morning,9,Corporate,joseph.williams900@yahoo.com,,0
149493,Jennifer Jackson,jennifer.jackson851@outlook.com,E-commerce Store,Payment Problem,I found a bug in the latest update affecting report generation.,Data synchronization restored after backend service restart.,High,Closed,Email,Australia,21,Other,Free,14,2,4,28.52,140.56,2022-06-20,2022-06-23,No,No,Linux,Safari,Bank Transfer,Chinese,Evening,8,Individual,jennifer.jackson851@outlook.com,,0
34548,Sarah Lopez,sarah.lopez410@outlook.com,Billing System,Data Sync Issue,I found a bug in the latest update affecting report generation.,Provided step-by-step troubleshooting instructions and issue resolved.,High,Pending Customer,Web Form,Africa,49,Male,Enterprise,5,14,4,31.47,168.61,2023-10-11,2023-10-18,Yes,Yes,MacOS,Unknown,Crypto,Chinese,Night,2,Corporate,sarah.lopez410@outlook.com,,0
86312,Elizabeth Martin,elizabeth.martin206@company.com,Subscription Service,Data Sync Issue,The payment was deducted from my bank account but the transaction shows failed.,We have reset the account credentials and advised the customer to retry login.,High,In Progress,Social Media,Africa,62,Other,Enterprise,26,2,5,70.94,44.95,2022-05-23,2022-06-03,Yes,No,iOS,Chrome,PayPal,English,Morning,4,Individual,elizabeth.martin206@company.com,,0
130895,Michael Lopez,michael.lopez70@gmail.com,Web Portal,Refund Request,I would like to request a refund for the recent charge.,Subscription status corrected and confirmation email sent to customer.,Low,Open,Email,North America,67,Female,Enterprise,42,20,3,2.89,168.58,2024-07-18,2024-07-27,No,No,Linux,Unknown,PayPal,Spanish,Afternoon,4,Corporate,michael.lopez70@gmail.com,,0
10142,Mary Martin,mary.martin693@yahoo.com,Subscription Service,Refund Request,My subscription was cancelled without my request and I need clarification.,Subscription status corrected and confirmation email sent to customer.,Low,Closed,Web Form,Europe,40,Other,Premium,1,3,1,24.9,193.11,2023-10-15,2023-10-20,No,Yes,iOS,Firefox,PayPal,German,Afternoon,5,Corporate,mary.martin693@yahoo.com,2022-11-11,0
63495,Elizabeth Hernandez,elizabeth.hernandez76@company.com,API Service,Data Sync Issue,There seems to be a discrepancy in my billing statement for this month.,We have reset the account credentials and advised the customer to retry login.,High,Closed,Social Media,Africa,46,Other,Free,14,9,3,60.91,25.38,2023-06-24,2023-07-08,No,No,Windows,Chrome,Bank Transfer,Chinese,Night,10,Individual,elizabeth.hernandez76@company.com,,0
6213,Barbara Brown,barbara.brown704@outlook.com,Subscription Service,Feature Request,I found a bug in the latest update affecting report generation.,We have reset the account credentials and advised the customer to retry login.,High,Resolved,Chat,Australia,41,Male,Premium,43,19,4,21.17,123.96,2022-08-24,2022-08-24,No,Yes,Android,Firefox,Bank Transfer,French,Afternoon,1,Individual,barbara.brown704@outlook.com,,0
14099,Joseph Rodriguez,joseph.rodriguez404@gmail.com,Subscription Service,Subscription Cancellation,I would like to request a refund for the recent charge.,Explained billing breakdown and clarified applicable charges.,Low,Resolved,Chat,Australia,42,Other,Basic,43,4,1,37.2,139.41,2024-11-15,2024-11-26,No,Yes,Windows,Firefox,Credit Card,English,Afternoon,7,Corporate,joseph.rodriguez404@gmail.com,,0
135127,Linda Johnson,linda.johnson462@hotmail.com,Web Portal,Bug Report,Two-factor authentication codes are not being delivered to my phone.,We have reset the account credentials and advised the customer to retry login.,Medium,Closed,Social Media,Africa,51,Male,Basic,60,5,2,43.08,234.65,2022-08-11,2022-08-20,Yes,No,Windows,Edge,Crypto,Chinese,Afternoon,1,Corporate,linda.johnson462@hotmail.com,,0
68493,Jennifer Thomas,jennifer.thomas627@outlook.com,Mobile App,Account Suspension,Two-factor authentication codes are not being delivered to my phone.,Payment gateway timeout issue fixed and monitoring implemented.,Urgent,Closed,Social Media,Africa,29,Male,Free,21,20,5,7.32,163.66,2023-08-05,2023-08-06,Yes,Yes,Windows,Chrome,Credit Card,French,Evening,3,Small Business,jennifer.thomas627@outlook.com,2022-06-16,0
41772,Richard Wilson,richard.wilson809@icloud.com,Subscription Service,Bug Report,I am unable to access my account after entering the correct credentials.,We have reset the account credentials and advised the customer to retry login.,Low,Pending Customer,Social Media,Asia,42,Other,Premium,48,4,4,57.59,26.2,2022-08-12,2022-08-18,Yes,Yes,Linux,Unknown,Bank Transfer,Chinese,Night,1,Individual,richard.wilson809@icloud.com,,0
188575,James Anderson,james.anderson29@company.com,E-commerce Store,Account Suspension,I found a bug in the latest update affecting report generation.,Bug logged internally and workaround shared with the customer.,Low,Closed,Social Media,Europe,27,Male,Free,50,1,1,12.96,16.32,2023-07-24,2023-08-04,Yes,Yes,Windows,Chrome,PayPal,Japanese,Night,9,Corporate,james.anderson29@company.com,,0
63781,Joseph Garcia,joseph.garcia160@company.com,Subscription Service,Refund Request,I am experiencing very slow performance while using the dashboard.,The duplicate charge was reversed and refund processed within 3-5 business days.,High,Pending Customer,Email,North America,74,Male,Free,18,18,2,17.1,211.72,2024-01-19,2024-01-23,Yes,No,iOS,Firefox,Bank Transfer,French,Morning,6,Corporate,joseph.garcia160@company.com,,0
33485,Barbara Brown,barbara.brown754@outlook.com,Cloud Storage,Subscription Cancellation,There seems to be a discrepancy in my billing statement for this month.,Security settings updated and customer notified of precautionary measures.,High,Pending Customer,Social Media,Europe,23,Male,Basic,17,13,5,42.48,161.02,2024-10-16,2024-10-27,Yes,No,iOS,Edge,Debit Card,English,Afternoon,1,Small Business,barbara.brown754@outlook.com,2023-11-26,0
189231,Michael Johnson,michael.johnson715@icloud.com,Mobile App,Login Issue,I found a bug in the latest update affecting report generation.,Payment gateway timeout issue fixed and monitoring implemented.,Medium,Pending Customer,Chat,Australia,60,Female,Premium,13,20,1,20.29,16.08,2023-08-31,2023-09-01,Yes,Yes,Windows,Chrome,Bank Transfer,Japanese,Night,5,Small Business,michael.johnson715@icloud.com,,0
34066,Sarah Lopez,sarah.lopez79@hotmail.com,Cloud Storage,Refund Request,There seems to be a discrepancy in my billing statement for this month.,The duplicate charge was reversed and refund processed within 3-5 business days.,Low,Resolved,Social Media,Australia,65,Other,Basic,15,1,3,17.15,36.5,2023-06-24,2023-07-07,No,Yes,Windows,Unknown,Bank Transfer,Spanish,Evening,8,Corporate,sarah.lopez79@hotmail.com,,0
7182,Robert Rodriguez,robert.rodriguez610@outlook.com,API Service,Security Concern,Two-factor authentication codes are not being delivered to my phone.,Data synchronization restored after backend service restart.,Low,Pending Customer,Phone,Australia,32,Female,Enterprise,40,17,4,11.25,87.08,2022-10-24,2022-11-05,Yes,Yes,MacOS,Safari,Crypto,Japanese,Afternoon,2,Individual,robert.rodriguez610@outlook.com,,0
58568,Michael Williams,michael.williams997@icloud.com,Payment Gateway,Feature Request,My subscription was cancelled without my request and I need clarification.,The duplicate charge was reversed and refund processed within 3-5 business days.,High,Closed,Chat,North America,47,Other,Free,50,6,5,67.39,122.11,2022-03-15,2022-03-27,No,Yes,Android,Chrome,Bank Transfer,English,Afternoon,6,Corporate,michael.williams997@icloud.com,,0
177481,John Moore,john.moore911@icloud.com,Mobile App,Payment Problem,The system is not syncing data across devices properly.,Bug logged internally and workaround shared with the customer.,High,Pending Customer,Phone,Africa,70,Male,Premium,33,6,1,14.38,152.37,2022-10-23,2022-11-06,No,Yes,Linux,Unknown,PayPal,English,Afternoon,6,Individual,john.moore911@icloud.com,,0
61433,Richard Moore,richard.moore442@icloud.com,Web Portal,Account Suspension,The application crashes whenever I try to upload a file.,Provided step-by-step troubleshooting instructions and issue resolved.,Urgent,Resolved,Phone,Africa,42,Other,Premium,34,4,1,63.14,131.38,2022-09-30,2022-10-09,No,No,Windows,Safari,PayPal,Spanish,Morning,9,Individual,richard.moore442@icloud.com,,0
117755,Richard Brown,richard.brown389@gmail.com,Payment Gateway,Login Issue,My subscription was cancelled without my request and I need clarification.,Subscription status corrected and confirmation email sent to customer.,Medium,Resolved,Chat,Africa,26,Male,Free,30,15,4,30.21,46.64,2023-01-24,2023-02-05,Yes,Yes,iOS,Edge,Crypto,Spanish,Night,6,Corporate,richard.brown389@gmail.com,,0
164771,Barbara Jones,barbara.jones45@icloud.com,API Service,Performance Issue,I found a bug in the latest update affecting report generation.,The duplicate charge was reversed and refund processed within 3-5 business days.,Medium,Resolved,Phone,South America,63,Other,Free,11,5,3,34.06,220.0,2023-08-05,2023-08-09,Yes,No,Android,Chrome,Crypto,Japanese,Night,7,Small Business,barbara.jones45@icloud.com,,0
49244,David Garcia,david.garcia554@yahoo.com,Analytics Dashboard,Refund Request,The payment was deducted from my bank account but the transaction shows failed.,We have reset the account credentials and advised the customer to retry login.,Low,Closed,Phone,Australia,35,Male,Enterprise,37,12,4,13.78,147.29,2024-08-21,2024-09-03,No,Yes,Windows,Edge,Crypto,French,Night,4,Small Business,david.garcia554@yahoo.com,,0
102207,John Taylor,john.taylor150@hotmail.com,E-commerce Store,Payment Problem,The system is not syncing data across devices properly.,The duplicate charge was reversed and refund processed within 3-5 business days.,Urgent,Resolved,Social Media,South America,44,Male,Enterprise,7,12,3,55.87,25.45,2024-10-27,2024-11-10,No,No,Android,Unknown,Bank Transfer,German,Evening,8,Small Business,john.taylor150@hotmail.com,,0
104987,Thomas Davis,thomas.davis155@gmail.com,Web Portal,Subscription Cancellation,I am unable to access my account after entering the correct credentials.,Bug logged internally and workaround shared with the customer.,Medium,Resolved,Social Media,South America,34,Female,Premium,51,11,1,1.87,80.95,2022-08-19,2022-08-23,No,Yes,MacOS,Safari,Credit Card,German,Morning,6,Corporate,thomas.davis155@gmail.com,,0
5372,Sarah Moore,sarah.moore673@yahoo.com,API Service,Security Concern,My subscription was cancelled without my request and I need clarification.,Data synchronization restored after backend service restart.,Medium,Resolved,Email,Africa,24,Male,Free,10,10,3,14.72,169.32,2023-01-18,2023-01-21,Yes,No,iOS,Unknown,Crypto,English,Night,1,Individual,sarah.moore673@yahoo.com,,0
60829,Charles Gonzalez,charles.gonzalez264@gmail.com,E-commerce Store,Subscription Cancellation,The application crashes whenever I try to upload a file.,Bug logged internally and workaround shared with the customer.,Low,Open,Web Form,North America,57,Other,Enterprise,57,17,5,11.91,179.7,2023-09-19,2023-09-24,No,No,iOS,Firefox,Debit Card,Chinese,Evening,5,Small Business,charles.gonzalez264@gmail.com,,0
195191,Robert Williams,robert.williams306@company.com,Subscription Service,Login Issue,There seems to be a discrepancy in my billing statement for this month.,We have reset the account credentials and advised the customer to retry login.,Medium,Closed,Social Media,Asia,27,Other,Basic,47,17,2,62.03,8.69,2024-01-26,2024-02-01,No,Yes,iOS,Edge,PayPal,French,Evening,4,Corporate,robert.williams306@company.com,,0
111125,Michael Anderson,michael.anderson78@hotmail.com,Cloud Storage,Payment Problem,I am unable to access my account after entering the correct credentials.,Provided step-by-step troubleshooting instructions and issue resolved.,High,Resolved,Phone,Europe,37,Male,Free,27,10,1,15.69,174.34,2024-10-12,2024-10-13,No,No,MacOS,Safari,Crypto,German,Afternoon,7,Individual,michael.anderson78@hotmail.com,,0
85419,William Hernandez,william.hernandez73@outlook.com,Billing System,Bug Report,My subscription was cancelled without my request and I need clarification.,Payment gateway timeout issue fixed and monitoring implemented.,Medium,Pending Customer,Phone,Asia,60,Female,Enterprise,11,3,1,70.19,225.14,2023-12-11,2023-12-11,No,No,Windows,Chrome,Debit Card,German,Afternoon,7,Individual,william.hernandez73@outlook.com,,0
124705,Jennifer Brown,jennifer.brown72@company.com,Mobile App,Data Sync Issue,My subscription was cancelled without my request and I need clarification.,The issue was escalated to engineering and resolved in the latest patch.,Medium,Closed,Chat,Europe,45,Female,Enterprise,18,14,1,40.09,210.27,2023-11-13,2023-11-13,Yes,No,iOS,Edge,Crypto,French,Night,9,Small Business,jennifer.brown72@company.com,,0
119172,David Gonzalez,david.gonzalez165@hotmail.com,Analytics Dashboard,Performance Issue,The system is not syncing data across devices properly.,Payment gateway timeout issue fixed and monitoring implemented.,High,Open,Social Media,Africa,40,Female,Free,55,17,4,30.38,30.44,2022-04-21,2022-05-05,Yes,Yes,Android,Safari,Debit Card,German,Evening,8,Small Business,david.gonzalez165@hotmail.com,,0
53186,Karen Smith,karen.smith187@outlook.com,E-commerce Store,Refund Request,The application crashes whenever I try to upload a file.,Subscription status corrected and confirmation email sent to customer.,Medium,Resolved,Email,Africa,31,Other,Free,56,16,5,70.33,209.26,2024-03-26,2024-04-04,No,Yes,iOS,Unknown,PayPal,English,Morning,10,Corporate,karen.smith187@outlook.com,,0
150357,William Anderson,william.anderson609@company.com,Analytics Dashboard,Security Concern,I found a bug in the latest update affecting report generation.,Data synchronization restored after backend service restart.,Medium,In Progress,Social Media,Australia,18,Other,Premium,55,3,5,58.13,64.34,2024-06-17,2024-06-23,No,Yes,iOS,Edge,Crypto,French,Afternoon,1,Corporate,william.anderson609@company.com,,0
106143,Susan Martinez,susan.martinez886@company.com,Payment Gateway,Feature Request,The system is not syncing data across devices properly.,Data synchronization restored after backend service restart.,High,In Progress,Email,South America,60,Male,Basic,2,16,2,25.82,170.8,2024-08-05,2024-08-06,No,Yes,Android,Edge,Bank Transfer,German,Night,4,Corporate,susan.martinez886@company.com,,0
171735,Mary Gonzalez,mary.gonzalez308@company.com,CRM Platform,Payment Problem,There seems to be a discrepancy in my billing statement for this month.,We have reset the account credentials and advised the customer to retry login.,Urgent,In Progress,Chat,South America,32,Other,Free,60,16,2,34.28,117.5,2024-09-14,2024-09-24,Yes,Yes,MacOS,Firefox,Crypto,Spanish,Night,9,Small Business,mary.gonzalez308@company.com,,0
29179,Charles Jones,charles.jones360@outlook.com,Mobile App,Bug Report,Two-factor authentication codes are not being delivered to my phone.,Security settings updated and customer notified of precautionary measures.,Urgent,Closed,Phone,Australia,64,Other,Basic,21,12,1,2.12,230.45,2024-06-19,2024-07-03,No,No,MacOS,Firefox,Debit Card,French,Afternoon,5,Corporate,charles.jones360@outlook.com,,0
168176,John Brown,john.brown874@company.com,API Service,Subscription Cancellation,Two-factor authentication codes are not being delivered to my phone.,The duplicate charge was reversed and refund processed within 3-5 business days.,Medium,Open,Phone,Africa,25,Male,Basic,6,14,4,3.07,182.42,2022-09-09,2022-09-20,Yes,Yes,iOS,Firefox,Credit Card,English,Evening,7,Small Business,john.brown874@company.com,,0
155313,Patricia Smith,patricia.smith362@company.com,Billing System,Subscription Cancellation,There seems to be a discrepancy in my billing statement for this month.,Explained billing breakdown and clarified applicable charges.,Urgent,Pending Customer,Social Media,Asia,22,Other,Premium,54,3,5,36.59,99.12,2024-08-15,2024-08-26,Yes,Yes,Linux,Chrome,Credit Card,French,Morning,9,Individual,patricia.smith362@company.com,,0
142622,Linda Lopez,linda.lopez361@yahoo.com,Mobile App,Payment Problem,The application crashes whenever I try to upload a file.,Payment gateway timeout issue fixed and monitoring implemented.,High,Open,Phone,Australia,54,Male,Basic,8,17,3,33.32,231.48,2023-09-16,2023-09-23,No,Yes,iOS,Firefox,Bank Transfer,English,Evening,5,Small Business,linda.lopez361@yahoo.com,,0
65281,Linda Smith,linda.smith386@outlook.com,Analytics Dashboard,Subscription Cancellation,I found a bug in the latest update affecting report generation.,Subscription status corrected and confirmation email sent to customer.,Urgent,Resolved,Web Form,South America,73,Other,Premium,45,7,1,18.2,119.91,2024-05-04,2024-05-12,No,No,MacOS,Edge,Debit Card,French,Afternoon,4,Small Business,linda.smith386@outlook.com,,0
46894,Mary Gonzalez,mary.gonzalez590@yahoo.com,API Service,Performance Issue,The payment was deducted from my bank account but the transaction shows failed.,The duplicate charge was reversed and refund processed within 3-5 business days.,Medium,Open,Social Media,Asia,37,Female,Basic,4,18,3,49.71,15.69,2023-12-29,2024-01-04,Yes,No,Linux,Firefox,Bank Transfer,French,Afternoon,10,Individual,mary.gonzalez590@yahoo.com,,0
17279,James Garcia,james.garcia949@company.com,Billing System,Feature Request,My subscription was cancelled without my request and I need clarification.,Bug logged internally and workaround shared with the customer.,Low,Open,Social Media,Asia,18,Male,Basic,13,4,5,19.8,70.27,2022-04-03,2022-04-17,No,No,iOS,Firefox,Crypto,Chinese,Night,1,Small Business,james.garcia949@company.com,,0
176808,Linda Johnson,linda.johnson267@outlook.com,E-commerce Store,Data Sync Issue,My subscription was cancelled without my request and I need clarification.,Security settings updated and customer notified of precautionary measures.,Medium,Pending Customer,Social Media,North America,23,Male,Free,29,10,1,35.65,228.12,2024-05-23,2024-06-01,No,Yes,Windows,Safari,Debit Card,English,Morning,6,Small Business,linda.johnson267@outlook.com,,0
64466,Michael Moore,michael.moore32@outlook.com,Payment Gateway,Feature Request,The system is not syncing data across devices properly.,The duplicate charge was reversed and refund processed within 3-5 business days.,Medium,Pending Customer,Social Media,Africa,22,Male,Enterprise,37,19,2,56.64,74.24,2022-05-17,2022-05-31,No,Yes,Windows,Firefox,Credit Card,German,Night,3,Corporate,michael.moore32@outlook.com,,0
22849,Barbara Martin,barbara.martin398@outlook.com,CRM Platform,Data Sync Issue,I would like to request a refund for the recent charge.,Security settings updated and customer notified of precautionary measures.,Low,In Progress,Email,Asia,30,Female,Enterprise,31,19,4,21.05,32.72,2023-05-08,2023-05-20,No,Yes,Linux,Firefox,Debit Card,French,Afternoon,3,Corporate,barbara.martin398@outlook.com,,0
131757,Richard Miller,richard.miller645@hotmail.com,Cloud Storage,Feature Request,I am unable to access my account after entering the correct credentials.,Data synchronization restored after backend service restart.,Urgent,Open,Social Media,South America,53,Male,Enterprise,1,6,4,27.55,14.75,2022-04-22,2022-04-22,Yes,Yes,Linux,Firefox,Bank Transfer,Japanese,Night,2,Corporate,richard.miller645@hotmail.com,,0
176912,James Smith,james.smith630@icloud.com,Payment Gateway,Payment Problem,Two-factor authentication codes are not being delivered to my phone.,Explained billing breakdown and clarified applicable charges.,Low,In Progress,Phone,North America,30,Female,Enterprise,53,4,5,6.22,157.09,2022-03-21,2022-04-04,Yes,No,MacOS,Unknown,Bank Transfer,Chinese,Morning,8,Small Business,james.smith630@icloud.com,,0
141203,Barbara Gonzalez,barbara.gonzalez296@hotmail.com,API Service,Login Issue,I found a bug in the latest update affecting report generation.,Payment gateway timeout issue fixed and monitoring implemented.,High,Open,Chat,Europe,60,Other,Free,7,5,3,37.76,149.31,2022-07-17,2022-07-25,No,No,MacOS,Safari,Debit Card,Spanish,Night,8,Corporate,barbara.gonzalez296@hotmail.com,,0
7684,Joseph Thomas,joseph.thomas650@company.com,Analytics Dashboard,Security Concern,I am unable to access my account after entering the correct credentials.,Provided step-by-step troubleshooting instructions and issue resolved.,Medium,In Progress,Chat,Europe,23,Male,Free,14,14,3,32.62,155.6,2023-10-20,2023-10-28,Yes,Yes,Windows,Safari,Bank Transfer,French,Afternoon,9,Corporate,joseph.thomas650@company.com,,0
18947,James Miller,james.miller930@hotmail.com,Mobile App,Data Sync Issue,The system is not syncing data across devices properly.,The duplicate charge was reversed and refund processed within 3-5 business days.,High,Resolved,Chat,North America,68,Other,Free,60,15,2,56.08,178.99,2022-01-18,2022-01-30,Yes,No,Linux,Chrome,Credit Card,Spanish,Afternoon,7,Corporate,james.miller930@hotmail.com,,0
194018,Richard Gonzalez,richard.gonzalez647@icloud.com,CRM Platform,Subscription Cancellation,The application crashes whenever I try to upload a file.,Explained billing breakdown and clarified applicable charges.,Medium,In Progress,Phone,Africa,61,Female,Premium,41,15,3,34.58,220.9,2023-09-20,2023-10-04,No,Yes,MacOS,Firefox,Crypto,Japanese,Afternoon,1,Individual,richard.gonzalez647@icloud.com,,0
143681,Joseph Lopez,joseph.lopez682@hotmail.com,Subscription Service,Bug Report,The system is not syncing data across devices properly.,Data synchronization restored after backend service restart.,High,In Progress,Web Form,Asia,53,Other,Free,32,9,1,28.2,144.81,2024-06-29,2024-06-30,No,Yes,Linux,Firefox,Debit Card,French,Morning,10,Individual,joseph.lopez682@hotmail.com,,0
14597,James Hernandez,james.hernandez321@hotmail.com,Cloud Storage,Payment Problem,My subscription was cancelled without my request and I need clarification.,Provided step-by-step troubleshooting instructions and issue resolved.,Urgent,Closed,Email,Asia,33,Other,Enterprise,7,18,2,63.41,143.01,2022-09-25,2022-10-02,No,Yes,Android,Unknown,Credit Card,German,Night,8,Small Business,james.hernandez321@hotmail.com,,0
56705,Richard Williams,richard.williams504@outlook.com,Analytics Dashboard,Refund Request,There seems to be a discrepancy in my billing statement for this month.,Data synchronization restored after backend service restart.,Urgent,Open,Web Form,South America,56,Female,Enterprise,6,5,4,51.94,158.29,2022-12-11,2022-12-23,Yes,Yes,iOS,Safari,Crypto,English,Afternoon,5,Small Business,richard.williams504@outlook.com,,0
132470,Charles Smith,charles.smith995@hotmail.com,Cloud Storage,Security Concern,The payment was deducted from my bank account but the transaction shows failed.,Subscription status corrected and confirmation email sent to customer.,High,In Progress,Social Media,North America,20,Female,Free,51,7,3,29.62,201.87,2023-09-25,2023-09-26,Yes,Yes,Android,Unknown,Credit Card,French,Morning,7,Small Business,charles.smith995@hotmail.com,,0
26784,Sarah Gonzalez,sarah.gonzalez690@icloud.com,Mobile App,Performance Issue,I am experiencing very slow performance while using the dashboard.,Payment gateway timeout issue fixed and monitoring implemented.,Medium,Open,Chat,North America,21,Other,Free,27,14,1,64.38,140.32,2023-01-17,2023-01-20,No,No,Linux,Chrome,PayPal,French,Morning,3,Corporate,sarah.gonzalez690@icloud.com,,0
198603,Richard Smith,richard.smith358@company.com,E-commerce Store,Refund Request,I am experiencing very slow performance while using the dashboard.,Provided step-by-step troubleshooting instructions and issue resolved.,Urgent,Closed,Social Media,Asia,66,Female,Free,42,15,5,67.45,169.21,2022-02-03,2022-02-15,Yes,Yes,Windows,Unknown,Debit Card,Japanese,Afternoon,2,Individual,richard.smith358@company.com,,0
117926,Mary Jones,mary.jones607@company.com,API Service,Performance Issue,I would like to request a refund for the recent charge.,The duplicate charge was reversed and refund processed within 3-5 business days.,Low,Resolved,Phone,Africa,53,Male,Basic,12,16,5,0.95,128.22,2023-03-25,2023-03-30,No,No,Android,Chrome,Credit Card,French,Evening,9,Individual,mary.jones607@company.com,,0
57552,John Miller,john.miller78@icloud.com,Cloud Storage,Login Issue,The payment was deducted from my bank account but the transaction shows failed.,Bug logged internally and workaround shared with the customer.,Low,In Progress,Chat,South America,31,Female,Free,39,5,4,63.46,204.06,2022-10-26,2022-11-05,Yes,No,Linux,Unknown,Bank Transfer,Japanese,Morning,8,Individual,john.miller78@icloud.com,2022-03-13,0
196318,James Jones,james.jones416@yahoo.com,Payment Gateway,Data Sync Issue,The system is not syncing data across devices properly.,Payment gateway timeout issue fixed and monitoring implemented.,High,Open,Phone,Africa,24,Male,Enterprise,50,15,2,43.57,43.63,2022-07-05,2022-07-11,Yes,No,Android,Chrome,Debit Card,Chinese,Evening,6,Individual,james.jones416@yahoo.com,,0
82256,Patricia Brown,patricia.brown3@company.com,Mobile App,Subscription Cancellation,I am experiencing very slow performance while using the dashboard.,The issue was escalated to engineering and resolved in the latest patch.,Medium,Open,Email,Asia,65,Other,Basic,22,16,2,55.88,132.17,2022-06-25,2022-07-04,Yes,Yes,Android,Chrome,Crypto,German,Afternoon,8,Corporate,patricia.brown3@company.com,,0
191172,Richard Wilson,richard.wilson241@gmail.com,Web Portal,Bug Report,My subscription was cancelled without my request and I need clarification.,Explained billing breakdown and clarified applicable charges.,Medium,Open,Social Media,Africa,32,Other,Basic,27,11,2,33.92,144.29,2022-09-06,2022-09-13,Yes,No,MacOS,Unknown,Debit Card,English,Morning,2,Individual,richard.wilson241@gmail.com,,0
134713,Charles Wilson,charles.wilson789@yahoo.com,E-commerce Store,Performance Issue,There seems to be a discrepancy in my billing statement for this month.,Data synchronization restored after backend service restart.,Urgent,Closed,Chat,Asia,39,Male,Premium,12,15,2,62.51,36.04,2022-04-26,2022-04-26,Yes,No,Windows,Safari,Debit Card,German,Morning,4,Small Business,charles.wilson789@yahoo.com,,0
10629,Patricia Smith,patricia.smith496@yahoo.com,Payment Gateway,Refund Request,My subscription was cancelled without my request and I need clarification.,Provided step-by-step troubleshooting instructions and issue resolved.,Medium,Open,Web Form,Africa,37,Male,Basic,42,19,4,67.22,158.16,2022-03-24,2022-04-01,No,No,Linux,Chrome,Credit Card,Chinese,Morning,4,Small Business,patricia.smith496@yahoo.com,,0
74370,Joseph Anderson,joseph.anderson613@gmail.com,E-commerce Store,Subscription Cancellation,I am experiencing very slow performance while using the dashboard.,We have reset the account credentials and advised the customer to retry login.,Low,Resolved,Email,North America,66,Male,Enterprise,27,19,2,50.93,178.53,2023-06-26,2023-07-06,No,No,Linux,Edge,Debit Card,German,Night,9,Small Business,joseph.anderson613@gmail.com,,0
19692,Karen Wilson,karen.wilson793@yahoo.com,E-commerce Store,Refund Request,The payment was deducted from my bank account but the transaction shows failed.,Bug logged internally and workaround shared with the customer.,Low,Pending Customer,Web Form,North America,34,Female,Basic,60,11,1,36.98,6.97,2023-11-15,2023-11-18,Yes,No,MacOS,Unknown,Crypto,English,Night,6,Individual,karen.wilson793@yahoo.com,,0
11392,Barbara Davis,barbara.davis525@company.com,Analytics Dashboard,Refund Request,The system is not syncing data across devices properly.,The duplicate charge was reversed and refund processed within 3-5 business days.,Low,Closed,Chat,Australia,71,Other,Enterprise,16,19,4,5.72,143.13,2022-01-01,2022-01-03,Yes,No,MacOS,Safari,Crypto,English,Evening,3,Small Business,barbara.davis525@company.com,,0
30161,Linda Davis,linda.davis565@company.com,Payment Gateway,Performance Issue,I am unable to access my account after entering the correct credentials.,The issue was escalated to engineering and resolved in the latest patch.,Low,Resolved,Web Form,Europe,35,Other,Enterprise,17,9,2,59.55,175.46,2023-02-17,2023-03-02,No,No,Windows,Firefox,Debit Card,English,Night,3,Individual,linda.davis565@company.com,,0
39885,Patricia Anderson,patricia.anderson625@yahoo.com,Payment Gateway,Payment Problem,I would like to request a refund for the recent charge.,Provided step-by-step troubleshooting instructions and issue resolved.,Urgent,Pending Customer,Email,North America,21,Female,Enterprise,10,18,4,67.97,50.88,2022-01-03,2022-01-10,Yes,Yes,MacOS,Chrome,Debit Card,Chinese,Night,2,Small Business,patricia.anderson625@yahoo.com,,0
56779,Robert Hernandez,robert.hernandez393@hotmail.com,Mobile App,Feature Request,The system is not syncing data across devices properly.,Payment gateway timeout issue fixed and monitoring implemented.,High,Open,Web Form,Africa,36,Other,Basic,45,0,2,1.67,179.58,2022-02-15,2022-02-19,Yes,No,Linux,Firefox,Credit Card,Japanese,Afternoon,7,Corporate,robert.hernandez393@hotmail.com,,0
181798,Jessica Lopez,jessica.lopez246@hotmail.com,Subscription Service,Security Concern,I am experiencing very slow performance while using the dashboard.,We have reset the account credentials and advised the customer to retry login.,Urgent,Pending Customer,Chat,Africa,34,Male,Enterprise,26,19,4,70.43,109.76,2023-11-19,2023-11-25,Yes,Yes,Android,Edge,Debit Card,Japanese,Evening,8,Small Business,jessica.lopez246@hotmail.com,,0
105961,Barbara Gonzalez,barbara.gonzalez746@yahoo.com,Analytics Dashboard,Subscription Cancellation,I would like to request a refund for the recent charge.,The issue was escalated to engineering and resolved in the latest patch.,Medium,Open,Web Form,Africa,21,Male,Basic,1,20,4,12.15,21.52,2022-08-25,2022-09-04,Yes,Yes,Linux,Edge,Debit Card,Spanish,Morning,5,Corporate,barbara.gonzalez746@yahoo.com,,0
149551,James Garcia,james.garcia364@yahoo.com,CRM Platform,Feature Request,I am unable to access my account after entering the correct credentials.,The issue was escalated to engineering and resolved in the latest patch.,High,Open,Chat,South America,52,Female,Premium,32,6,5,18.34,53.3,2023-02-20,2023-03-05,Yes,Yes,MacOS,Edge,Credit Card,German,Evening,4,Small Business,james.garcia364@yahoo.com,,0
32501,Linda Martin,linda.martin696@yahoo.com,E-commerce Store,Bug Report,I would like to request a refund for the recent charge.,Security settings updated and customer notified of precautionary measures.,Low,Open,Email,North America,45,Female,Basic,43,0,3,51.67,24.9,2023-10-04,2023-10-07,No,Yes,Linux,Safari,PayPal,French,Evening,10,Corporate,linda.martin696@yahoo.com,,0
96930,Charles Johnson,charles.johnson864@yahoo.com,Web Portal,Login Issue,Two-factor authentication codes are not being delivered to my phone.,We have reset the account credentials and advised the customer to retry login.,Low,Closed,Social Media,North America,41,Other,Basic,33,16,1,13.31,188.25,2024-01-27,2024-02-03,Yes,Yes,iOS,Chrome,Bank Transfer,Chinese,Night,8,Individual,charles.johnson864@yahoo.com,,0
110846,Patricia Davis,patricia.davis116@outlook.com,E-commerce Store,Subscription Cancellation,There seems to be a discrepancy in my billing statement for this month.,Bug logged internally and workaround shared with the customer.,Low,Closed,Social Media,Europe,18,Other,Enterprise,8,10,3,9.65,196.75,2024-06-27,2024-07-05,No,Yes,Android,Firefox,Debit Card,Spanish,Morning,6,Small Business,patricia.davis116@outlook.com,,0
89626,William Moore,william.moore694@gmail.com,API Service,Account Suspension,I found a bug in the latest update affecting report generation.,Explained billing breakdown and clarified applicable charges.,High,Pending Customer,Email,Asia,44,Male,Premium,8,20,1,55.88,102.84,2022-10-28,2022-11-11,Yes,Yes,Windows,Edge,Debit Card,Japanese,Afternoon,3,Small Business,william.moore694@gmail.com,,0
64730,Jessica Thomas,jessica.thomas457@outlook.com,E-commerce Store,Payment Problem,Two-factor authentication codes are not being delivered to my phone.,We have reset the account credentials and advised the customer to retry login.,Low,In Progress,Phone,South America,21,Male,Basic,51,5,1,68.45,37.92,2022-07-18,2022-07-22,Yes,Yes,iOS,Safari,Crypto,Japanese,Evening,4,Individual,jessica.thomas457@outlook.com,,0
17897,Elizabeth Johnson,elizabeth.johnson664@outlook.com,CRM Platform,Security Concern,I would like to request a refund for the recent charge.,Subscription status corrected and confirmation email sent to customer.,Urgent,Pending Customer,Phone,Asia,69,Male,Free,15,18,3,56.95,121.22,2022-01-06,2022-01-08,Yes,No,MacOS,Unknown,Crypto,German,Evening,9,Small Business,elizabeth.johnson664@outlook.com,,0
46396,Patricia Lopez,patricia.lopez180@outlook.com,E-commerce Store,Data Sync Issue,My subscription was cancelled without my request and I need clarification.,The duplicate charge was reversed and refund processed within 3-5 business days.,Urgent,Pending Customer,Chat,Australia,51,Male,Basic,43,9,4,42.98,160.98,2023-08-18,2023-08-27,Yes,No,Windows,Unknown,Debit Card,Spanish,Afternoon,2,Small Business,patricia.lopez180@outlook.com,,0
89564,Thomas Gonzalez,thomas.gonzalez588@hotmail.com,Analytics Dashboard,Feature Request,The system is not syncing data across devices properly.,Payment gateway timeout issue fixed and monitoring implemented.,Low,Pending Customer,Social Media,North America,28,Female,Premium,51,1,2,67.02,79.16,2022-10-27,2022-11-09,No,No,Windows,Edge,Crypto,Japanese,Afternoon,6,Small Business,thomas.gonzalez588@hotmail.com,,0
184966,Linda Gonzalez,linda.gonzalez843@gmail.com,Subscription Service,Login Issue,I am experiencing very slow performance while using the dashboard.,The issue was escalated to engineering and resolved in the latest patch.,High,Open,Phone,Asia,26,Male,Free,40,10,1,53.32,115.59,2023-06-17,2023-06-21,Yes,Yes,Android,Safari,Debit Card,German,Night,1,Corporate,linda.gonzalez843@gmail.com,,0
150193,Thomas Williams,thomas.williams842@gmail.com,Mobile App,Refund Request,I am experiencing very slow performance while using the dashboard.,The duplicate charge was reversed and refund processed within 3-5 business days.,Urgent,Closed,Email,Europe,33,Male,Enterprise,11,13,3,8.65,217.54,2022-02-25,2022-03-11,Yes,Yes,MacOS,Unknown,Debit Card,French,Morning,10,Individual,thomas.williams842@gmail.com,,0
10076,Karen Moore,karen.moore425@company.com,API Service,Account Suspension,I would like to request a refund for the recent charge.,Data synchronization restored after backend service restart.,High,In Progress,Email,Europe,60,Female,Free,33,13,3,8.7,187.32,2022-07-24,2022-08-03,No,Yes,Windows,Chrome,Crypto,English,Night,6,Small Business,karen.moore425@company.com,,0
65396,Joseph Anderson,joseph.anderson248@yahoo.com,Payment Gateway,Bug Report,I found a bug in the latest update affecting report generation.,The duplicate charge was reversed and refund processed within 3-5 business days.,Urgent,Pending Customer,Social Media,Europe,48,Female,Enterprise,27,4,5,60.66,10.29,2024-12-30,2025-01-12,No,No,Android,Firefox,Debit Card,French,Afternoon,7,Corporate,joseph.anderson248@yahoo.com,,0
131045,Barbara Miller,barbara.miller81@company.com,E-commerce Store,Feature Request,Two-factor authentication codes are not being delivered to my phone.,Provided step-by-step troubleshooting instructions and issue resolved.,Urgent,Resolved,Chat,Asia,68,Male,Basic,17,15,1,32.76,105.54,2024-02-25,2024-03-04,Yes,No,Android,Safari,PayPal,Spanish,Afternoon,8,Corporate,barbara.miller81@company.com,,0
42717,Karen Gonzalez,karen.gonzalez327@company.com,Web Portal,Security Concern,The system is not syncing data across devices properly.,The duplicate charge was reversed and refund processed within 3-5 business days.,Urgent,In Progress,Phone,Asia,57,Male,Free,51,11,1,18.76,126.83,2022-09-05,2022-09-11,No,No,Linux,Safari,Crypto,Chinese,Evening,10,Individual,karen.gonzalez327@company.com,,0
5246,Richard Martinez,richard.martinez761@icloud.com,Mobile App,Data Sync Issue,There seems to be a discrepancy in my billing statement for this month.,The duplicate charge was reversed and refund processed within 3-5 business days.,Medium,Resolved,Web Form,South America,56,Other,Basic,35,0,4,42.64,106.45,2024-09-23,2024-09-28,Yes,Yes,MacOS,Chrome,PayPal,English,Afternoon,1,Small Business,richard.martinez761@icloud.com,,0
22671,Richard Johnson,richard.johnson592@icloud.com,Subscription Service,Payment Problem,I would like to request a refund for the recent charge.,Subscription status corrected and confirmation email sent to customer.,Low,Resolved,Email,South America,28,Female,Enterprise,47,8,1,33.37,237.73,2022-01-15,2022-01-25,Yes,No,iOS,Unknown,Crypto,English,Afternoon,8,Small Business,richard.johnson592@icloud.com,,0
188766,Michael Smith,michael.smith726@company.com,CRM Platform,Refund Request,My subscription was cancelled without my request and I need clarification.,We have reset the account credentials and advised the customer to retry login.,Low,Resolved,Phone,Asia,60,Female,Premium,28,5,2,58.96,210.09,2024-06-13,2024-06-15,Yes,No,Android,Unknown,Bank Transfer,German,Evening,10,Small Business,michael.smith726@company.com,,0
66255,Richard Miller,richard.miller107@hotmail.com,CRM Platform,Security Concern,The application crashes whenever I try to upload a file.,Bug logged internally and workaround shared with the customer.,Medium,Open,Social Media,Europe,22,Other,Free,47,8,3,31.9,70.42,2022-07-27,2022-08-08,No,Yes,Windows,Edge,Credit Card,Chinese,Afternoon,7,Individual,richard.miller107@hotmail.com,,0
93381,Mary Anderson,mary.anderson280@icloud.com,Billing System,Account Suspension,I am experiencing very slow performance while using the dashboard.,The duplicate charge was reversed and refund processed within 3-5 business days.,Low,Closed,Email,South America,62,Other,Enterprise,40,13,2,6.72,167.44,2024-12-21,2024-12-28,No,Yes,Linux,Edge,Credit Card,German,Evening,7,Individual,mary.anderson280@icloud.com,,0
23018,Thomas Davis,thomas.davis141@gmail.com,E-commerce Store,Login Issue,I am experiencing very slow performance while using the dashboard.,Security settings updated and customer notified of precautionary measures.,Low,In Progress,Social Media,Asia,18,Female,Premium,36,10,4,5.25,221.13,2024-02-19,2024-02-29,No,Yes,Linux,Unknown,Credit Card,English,Morning,2,Small Business,thomas.davis141@gmail.com,,0
137976,James Thomas,james.thomas200@outlook.com,E-commerce Store,Bug Report,The payment was deducted from my bank account but the transaction shows failed.,Subscription status corrected and confirmation email sent to customer.,High,Resolved,Email,Europe,35,Male,Basic,8,13,1,20.6,154.5,2022-06-19,2022-06-22,No,No,Linux,Firefox,Credit Card,Chinese,Evening,3,Corporate,james.thomas200@outlook.com,,0
133202,Richard Williams,richard.williams708@company.com,Analytics Dashboard,Feature Request,The system is not syncing data across devices properly.,Data synchronization restored after backend service restart.,Urgent,Resolved,Web Form,Australia,18,Other,Enterprise,52,15,4,55.74,26.55,2024-03-11,2024-03-16,No,No,Windows,Edge,Credit Card,Japanese,Afternoon,5,Individual,richard.williams708@company.com,,0
178244,Jessica Taylor,jessica.taylor293@yahoo.com,Cloud Storage,Refund Request,There seems to be a discrepancy in my billing statement for this month.,We have reset the account credentials and advised the customer to retry login.,Urgent,Open,Chat,Europe,22,Female,Free,20,7,2,0.89,99.98,2024-06-25,2024-06-26,No,Yes,Windows,Edge,Crypto,English,Afternoon,6,Small Business,jessica.taylor293@yahoo.com,,0
83883,David Garcia,david.garcia414@hotmail.com,Subscription Service,Data Sync Issue,I would like to request a refund for the recent charge.,Payment gateway timeout issue fixed and monitoring implemented.,Low,Resolved,Phone,South America,49,Male,Free,23,4,1,17.42,138.39,2024-07-03,2024-07-14,No,No,Linux,Edge,PayPal,French,Evening,8,Corporate,david.garcia414@hotmail.com,,0
177002,Elizabeth Anderson,elizabeth.anderson915@hotmail.com,CRM Platform,Feature Request,I am experiencing very slow performance while using the dashboard.,Data synchronization restored after backend service restart.,Urgent,Open,Chat,Africa,19,Male,Premium,21,7,5,31.96,224.71,2024-04-17,2024-05-01,Yes,No,Android,Edge,Bank Transfer,Chinese,Night,4,Individual,elizabeth.anderson915@hotmail.com,,0
2673,Jessica Miller,jessica.miller123@gmail.com,Cloud Storage,Account Suspension,I am unable to access my account after entering the correct credentials.,The issue was escalated to engineering and resolved in the latest patch.,Medium,In Progress,Email,South America,33,Male,Enterprise,19,20,1,44.71,204.5,2022-07-03,2022-07-15,Yes,No,MacOS,Firefox,PayPal,English,Evening,9,Small Business,jessica.miller123@gmail.com,,0
3265,Mary Martin,mary.martin841@gmail.com,API Service,Refund Request,The system is not syncing data across devices properly.,The duplicate charge was reversed and refund processed within 3-5 business days.,Medium,Resolved,Social Media,North America,26,Female,Enterprise,51,3,2,55.07,52.33,2022-12-22,2022-12-22,No,Yes,Android,Chrome,Credit Card,Spanish,Evening,4,Individual,mary.martin841@gmail.com,,0
185883,Mary Williams,mary.williams441@outlook.com,Web Portal,Subscription Cancellation,I am unable to access my account after entering the correct credentials.,The duplicate charge was reversed and refund processed within 3-5 business days.,Medium,Resolved,Web Form,South America,64,Female,Free,45,18,1,4.87,203.77,2022-09-29,2022-10-02,No,No,Android,Unknown,Credit Card,Spanish,Evening,6,Individual,mary.williams441@outlook.com,,0
174938,James Thomas,james.thomas888@hotmail.com,Billing System,Security Concern,The payment was deducted from my bank account but the transaction shows failed.,Bug logged internally and workaround shared with the customer.,High,Open,Email,Australia,54,Male,Basic,51,11,5,48.14,145.64,2022-01-01,2022-01-08,No,No,Linux,Firefox,Credit Card,Chinese,Evening,7,Corporate,james.thomas888@hotmail.com,,0
115073,Barbara Smith,barbara.smith28@outlook.com,Analytics Dashboard,Login Issue,Two-factor authentication codes are not being delivered to my phone.,Data synchronization restored after backend service restart.,High,In Progress,Social Media,Asia,23,Female,Basic,10,20,1,51.84,197.44,2023-03-15,2023-03-22,Yes,Yes,Windows,Edge,Credit Card,French,Night,8,Individual,barbara.smith28@outlook.com,,0
100432,Patricia Davis,patricia.davis802@outlook.com,Subscription Service,Feature Request,I found a bug in the latest update affecting report generation.,The issue was escalated to engineering and resolved in the latest patch.,High,Closed,Phone,North America,63,Female,Basic,2,11,3,47.87,32.86,2022-03-21,2022-04-04,No,Yes,Android,Unknown,Debit Card,Chinese,Evening,1,Corporate,patricia.davis802@outlook.com,,0
33753,Patricia Martin,patricia.martin92@company.com,CRM Platform,Login Issue,My subscription was cancelled without my request and I need clarification.,Provided step-by-step troubleshooting instructions and issue resolved.,High,Resolved,Chat,North America,33,Female,Enterprise,45,14,2,18.21,26.54,2023-08-30,2023-09-01,Yes,No,iOS,Safari,Bank Transfer,Spanish,Morning,3,Corporate,patricia.martin92@company.com,,0
1438,James Taylor,james.taylor320@hotmail.com,Mobile App,Login Issue,Two-factor authentication codes are not being delivered to my phone.,Bug logged internally and workaround shared with the customer.,Low,In Progress,Web Form,North America,36,Female,Free,41,3,4,19.22,158.77,2024-05-24,2024-05-25,Yes,Yes,iOS,Firefox,PayPal,French,Morning,1,Small Business,james.taylor320@hotmail.com,,0
53462,Linda Hernandez,linda.hernandez72@yahoo.com,Mobile App,Account Suspension,I found a bug in the latest update affecting report generation.,Bug logged internally and workaround shared with the customer.,Urgent,Resolved,Phone,Africa,33,Female,Free,14,15,5,59.94,12.33,2023-06-11,2023-06-18,No,No,Android,Edge,Debit Card,Chinese,Evening,8,Corporate,linda.hernandez72@yahoo.com,,0
184484,James Garcia,james.garcia6@gmail.com,CRM Platform,Security Concern,My subscription was cancelled without my request and I need clarification.,The duplicate charge was reversed and refund processed within 3-5 business days.,Medium,Closed,Social Media,Asia,65,Female,Basic,35,6,1,69.92,195.73,2022-12-31,2023-01-02,Yes,Yes,iOS,Edge,Crypto,English,Morning,3,Small Business,james.garcia6@gmail.com,,0
157754,Thomas Rodriguez,thomas.rodriguez981@icloud.com,CRM Platform,Payment Problem,My subscription was cancelled without my request and I need clarification.,Payment gateway timeout issue fixed and monitoring implemented.,Medium,Closed,Social Media,North America,52,Male,Free,6,7,1,69.3,52.55,2024-06-14,2024-06-18,No,No,Linux,Unknown,Bank Transfer,Spanish,Afternoon,9,Individual,thomas.rodriguez981@icloud.com,,0
67975,Sarah Wilson,sarah.wilson330@company.com,Cloud Storage,Feature Request,Two-factor authentication codes are not being delivered to my phone.,The duplicate charge was reversed and refund processed within 3-5 business days.,Medium,In Progress,Phone,Australia,44,Female,Enterprise,15,13,4,22.7,30.36,2022-07-17,2022-07-30,Yes,No,MacOS,Edge,PayPal,French,Afternoon,5,Small Business,sarah.wilson330@company.com,,0
128432,Jessica Thomas,jessica.thomas916@company.com,E-commerce Store,Feature Request,The application crashes whenever I try to upload a file.,Payment gateway timeout issue fixed and monitoring implemented.,High,Closed,Social Media,Asia,44,Female,Enterprise,53,13,2,58.29,77.16,2023-12-18,2023-12-20,Yes,No,Windows,Firefox,Credit Card,German,Evening,3,Individual,jessica.thomas916@company.com,,0
190099,Richard Gonzalez,richard.gonzalez39@outlook.com,Mobile App,Performance Issue,The system is not syncing data across devices properly.,Subscription status corrected and confirmation email sent to customer.,Urgent,In Progress,Phone,North America,48,Male,Enterprise,36,10,1,56.58,32.19,2022-08-19,2022-08-19,No,Yes,Windows,Edge,Debit Card,Japanese,Night,9,Individual,richard.gonzalez39@outlook.com,,0
197812,Charles Taylor,charles.taylor866@icloud.com,E-commerce Store,Data Sync Issue,I am experiencing very slow performance while using the dashboard.,Security settings updated and customer notified of precautionary measures.,Urgent,Resolved,Chat,Asia,67,Male,Enterprise,54,2,5,68.38,138.5,2023-07-24,2023-08-03,No,Yes,Android,Chrome,Bank Transfer,Chinese,Afternoon,1,Corporate,charles.taylor866@icloud.com,,0
180452,David Martin,david.martin672@yahoo.com,E-commerce Store,Bug Report,The payment was deducted from my bank account but the transaction shows failed.,Bug logged internally and workaround shared with the customer.,Low,In Progress,Web Form,South America,67,Female,Premium,13,16,1,37.88,45.77,2024-09-02,2024-09-10,No,Yes,MacOS,Chrome,Bank Transfer,French,Morning,8,Corporate,david.martin672@yahoo.com,,0
4166,Thomas Jones,thomas.jones229@hotmail.com,E-commerce Store,Feature Request,There seems to be a discrepancy in my billing statement for this month.,Payment gateway timeout issue fixed and monitoring implemented.,High,Closed,Chat,Africa,59,Other,Basic,39,5,1,62.55,93.03,2022-12-22,2023-01-05,Yes,No,iOS,Firefox,PayPal,Chinese,Evening,1,Small Business,thomas.jones229@hotmail.com,,0
172561,Barbara Smith,barbara.smith75@company.com,API Service,Feature Request,I am experiencing very slow performance while using the dashboard.,Bug logged internally and workaround shared with the customer.,High,In Progress,Chat,Australia,52,Other,Premium,30,6,3,8.54,87.04,2023-11-27,2023-11-27,Yes,Yes,iOS,Safari,Credit Card,German,Afternoon,3,Individual,barbara.smith75@company.com,,0
791,Joseph Hernandez,joseph.hernandez385@hotmail.com,E-commerce Store,Data Sync Issue,I am experiencing very slow performance while using the dashboard.,Bug logged internally and workaround shared with the customer.,Urgent,In Progress,Email,North America,21,Other,Basic,18,20,1,58.42,169.82,2023-05-28,2023-06-01,Yes,Yes,MacOS,Firefox,Crypto,German,Evening,1,Individual,joseph.hernandez385@hotmail.com,2023-05-24,1
90432,Thomas Taylor,thomas.taylor945@hotmail.com,E-commerce Store,Subscription Cancellation,There seems to be a discrepancy in my billing statement for this month.,Security settings updated and customer notified of precautionary measures.,Urgent,Open,Web Form,Asia,29,Female,Basic,17,2,3,36.11,61.49,2023-06-05,2023-06-05,Yes,Yes,iOS,Unknown,PayPal,Chinese,Afternoon,8,Small Business,thomas.taylor945@hotmail.com,,0
46418,Thomas Thomas,thomas.thomas912@gmail.com,Mobile App,Subscription Cancellation,There seems to be a discrepancy in my billing statement for this month.,Bug logged internally and workaround shared with the customer.,Urgent,Open,Phone,Africa,45,Other,Enterprise,11,11,4,1.41,155.64,2023-03-03,2023-03-14,No,No,MacOS,Chrome,Debit Card,German,Evening,9,Small Business,thomas.thomas912@gmail.com,,0
113633,Susan Miller,susan.miller784@outlook.com,Web Portal,Security Concern,There seems to be a discrepancy in my billing statement for this month.,Security settings updated and customer notified of precautionary measures.,Urgent,Pending Customer,Chat,North America,29,Other,Enterprise,50,7,4,56.38,193.6,2023-02-10,2023-02-21,No,Yes,Android,Edge,Debit Card,German,Morning,2,Corporate,susan.miller784@outlook.com,,0
50861,John Brown,john.brown447@yahoo.com,Mobile App,Performance Issue,I found a bug in the latest update affecting report generation.,Bug logged internally and workaround shared with the customer.,Low,Resolved,Phone,South America,23,Male,Basic,18,7,4,21.36,120.02,2022-01-21,2022-01-23,Yes,Yes,MacOS,Edge,PayPal,English,Night,2,Small Business,john.brown447@yahoo.com,,0
81691,Michael Anderson,michael.anderson179@company.com,Payment Gateway,Payment Problem,The payment was deducted from my bank account but the transaction shows failed.,We have reset the account credentials and advised the customer to retry login.,Medium,Closed,Web Form,North America,49,Male,Free,4,14,5,44.24,104.09,2022-03-11,2022-03-22,No,No,Android,Chrome,PayPal,Japanese,Afternoon,3,Small Business,michael.anderson179@company.com,,0
26427,Patricia Lopez,patricia.lopez515@outlook.com,Payment Gateway,Subscription Cancellation,There seems to be a discrepancy in my billing statement for this month.,Provided step-by-step troubleshooting instructions and issue resolved.,High,Open,Web Form,Africa,60,Female,Premium,50,5,5,54.17,220.68,2024-11-29,2024-12-01,Yes,No,Android,Chrome,Crypto,English,Night,5,Corporate,patricia.lopez515@outlook.com,,0
199628,Patricia Smith,patricia.smith846@company.com,Mobile App,Login Issue,There seems to be a discrepancy in my billing statement for this month.,Security settings updated and customer notified of precautionary measures.,Urgent,In Progress,Chat,Europe,23,Other,Basic,39,14,1,11.26,180.25,2022-06-18,2022-06-22,Yes,Yes,MacOS,Firefox,Crypto,French,Morning,4,Individual,patricia.smith846@company.com,,0
122808,Thomas Smith,thomas.smith532@hotmail.com,Mobile App,Payment Problem,I would like to request a refund for the recent charge.,The duplicate charge was reversed and refund processed within 3-5 business days.,Urgent,Closed,Social Media,South America,55,Male,Premium,8,3,3,16.2,154.94,2024-03-23,2024-03-27,No,Yes,Android,Chrome,Credit Card,Spanish,Night,3,Corporate,thomas.smith532@hotmail.com,2023-10-24,0
147279,Susan Martin,susan.martin438@icloud.com,E-commerce Store,Refund Request,I am experiencing very slow performance while using the dashboard.,Explained billing breakdown and clarified applicable charges.,Urgent,Resolved,Phone,Australia,27,Other,Premium,43,19,2,59.44,170.78,2022-06-10,2022-06-23,No,Yes,iOS,Firefox,Credit Card,Spanish,Afternoon,8,Individual,susan.martin438@icloud.com,,0
92465,David Martin,david.martin679@yahoo.com,API Service,Feature Request,I am experiencing very slow performance while using the dashboard.,Explained billing breakdown and clarified applicable charges.,High,Pending Customer,Web Form,Asia,53,Other,Enterprise,34,18,4,24.14,199.04,2024-01-01,2024-01-03,No,Yes,Android,Unknown,PayPal,Chinese,Night,1,Small Business,david.martin679@yahoo.com,,0
158284,Barbara Davis,barbara.davis340@company.com,CRM Platform,Subscription Cancellation,The payment was deducted from my bank account but the transaction shows failed.,Provided step-by-step troubleshooting instructions and issue resolved.,Low,Closed,Web Form,Africa,75,Other,Basic,1,17,3,71.1,172.7,2022-01-01,2022-01-14,Yes,Yes,MacOS,Chrome,Credit Card,English,Afternoon,7,Individual,barbara.davis340@company.com,,0
61989,Linda Taylor,linda.taylor323@gmail.com,API Service,Performance Issue,I found a bug in the latest update affecting report generation.,Bug logged internally and workaround shared with the customer.,High,Resolved,Chat,South America,51,Male,Free,48,11,1,23.31,46.58,2024-08-24,2024-08-30,Yes,Yes,Android,Chrome,Credit Card,English,Morning,6,Small Business,linda.taylor323@gmail.com,,0
97355,Barbara Brown,barbara.brown752@company.com,Web Portal,Performance Issue,My subscription was cancelled without my request and I need clarification.,The issue was escalated to engineering and resolved in the latest patch.,High,Open,Social Media,South America,31,Other,Basic,29,14,2,71.32,75.94,2024-04-27,2024-05-02,Yes,No,Windows,Unknown,Credit Card,English,Night,7,Corporate,barbara.brown752@company.com,,0
18770,James Johnson,james.johnson378@icloud.com,Payment Gateway,Performance Issue,I would like to request a refund for the recent charge.,Subscription status corrected and confirmation email sent to customer.,Urgent,Pending Customer,Web Form,South America,50,Female,Enterprise,2,12,5,43.18,80.66,2024-12-22,2025-01-02,Yes,No,Android,Chrome,Credit Card,French,Evening,5,Small Business,james.johnson378@icloud.com,,0
150697,Richard Anderson,richard.anderson506@company.com,Cloud Storage,Refund Request,There seems to be a discrepancy in my billing statement for this month.,Payment gateway timeout issue fixed and monitoring implemented.,Urgent,Resolved,Phone,South America,31,Other,Enterprise,21,2,1,18.11,25.5,2024-09-03,2024-09-16,No,No,Android,Unknown,PayPal,German,Afternoon,8,Individual,richard.anderson506@company.com,,0
176087,Jessica Hernandez,jessica.hernandez483@icloud.com,Subscription Service,Account Suspension,I am unable to access my account after entering the correct credentials.,Explained billing breakdown and clarified applicable charges.,Medium,Pending Customer,Social Media,North America,73,Male,Basic,41,10,5,5.33,205.6,2024-03-27,2024-04-10,Yes,No,iOS,Firefox,PayPal,English,Afternoon,1,Corporate,jessica.hernandez483@icloud.com,,0
125721,Patricia Garcia,patricia.garcia230@outlook.com,E-commerce Store,Bug Report,The system is not syncing data across devices properly.,We have reset the account credentials and advised the customer to retry login.,Low,In Progress,Email,Australia,70,Other,Enterprise,43,14,4,45.98,232.74,2022-09-12,2022-09-19,Yes,No,MacOS,Firefox,PayPal,French,Afternoon,7,Corporate,patricia.garcia230@outlook.com,,0
120139,Jessica Wilson,jessica.wilson846@gmail.com,Analytics Dashboard,Login Issue,The application crashes whenever I try to upload a file.,The duplicate charge was reversed and refund processed within 3-5 business days.,Urgent,Pending Customer,Email,Asia,73,Other,Enterprise,60,1,4,38.13,80.07,2022-08-29,2022-08-31,Yes,No,iOS,Unknown,PayPal,French,Night,10,Corporate,jessica.wilson846@gmail.com,,0
12939,Richard Martin,richard.martin610@gmail.com,Billing System,Security Concern,I would like to request a refund for the recent charge.,We have reset the account credentials and advised the customer to retry login.,Medium,Pending Customer,Email,South America,29,Male,Enterprise,4,4,4,10.73,187.19,2022-01-05,2022-01-14,No,Yes,Linux,Firefox,Bank Transfer,Chinese,Afternoon,10,Corporate,richard.martin610@gmail.com,,0
37603,Richard Smith,richard.smith408@company.com,Web Portal,Performance Issue,Two-factor authentication codes are not being delivered to my phone.,Subscription status corrected and confirmation email sent to customer.,Urgent,Resolved,Web Form,Africa,24,Other,Enterprise,32,5,1,50.22,104.27,2023-04-14,2023-04-28,Yes,No,Linux,Chrome,Bank Transfer,Chinese,Evening,3,Corporate,richard.smith408@company.com,,0
87499,Joseph Martinez,joseph.martinez109@company.com,Mobile App,Subscription Cancellation,I am unable to access my account after entering the correct credentials.,Explained billing breakdown and clarified applicable charges.,Urgent,Closed,Chat,North America,40,Female,Premium,35,11,5,7.09,109.37,2023-10-15,2023-10-28,No,Yes,Windows,Chrome,Bank Transfer,German,Evening,4,Corporate,joseph.martinez109@company.com,,0
99613,Richard Jackson,richard.jackson748@hotmail.com,Mobile App,Bug Report,There seems to be a discrepancy in my billing statement for this month.,Bug logged internally and workaround shared with the customer.,Medium,In Progress,Chat,Australia,73,Male,Premium,28,1,1,19.32,149.77,2023-04-28,2023-05-12,No,Yes,Windows,Safari,Debit Card,Japanese,Night,3,Corporate,richard.jackson748@hotmail.com,,0
112338,James Taylor,james.taylor279@company.com,Subscription Service,Performance Issue,I would like to request a refund for the recent charge.,Bug logged internally and workaround shared with the customer.,High,Open,Web Form,Asia,27,Female,Premium,23,12,2,54.59,216.42,2023-09-23,2023-09-24,No,No,MacOS,Unknown,Bank Transfer,English,Afternoon,2,Small Business,james.taylor279@company.com,,0
59289,John Davis,john.davis738@yahoo.com,Analytics Dashboard,Data Sync Issue,The system is not syncing data across devices properly.,Data synchronization restored after backend service restart.,Low,Resolved,Phone,South America,48,Other,Enterprise,18,19,3,14.11,231.11,2022-12-26,2022-12-29,No,Yes,MacOS,Safari,Bank Transfer,Japanese,Night,9,Corporate,john.davis738@yahoo.com,,0
129843,Mary Garcia,mary.garcia808@yahoo.com,Mobile App,Subscription Cancellation,I am unable to access my account after entering the correct credentials.,Explained billing breakdown and clarified applicable charges.,Urgent,Open,Social Media,Europe,75,Female,Enterprise,33,3,4,29.81,183.15,2023-09-23,2023-09-23,Yes,No,Android,Safari,Bank Transfer,Spanish,Night,1,Corporate,mary.garcia808@yahoo.com,,0
137401,Patricia Anderson,patricia.anderson33@gmail.com,Web Portal,Account Suspension,There seems to be a discrepancy in my billing statement for this month.,Payment gateway timeout issue fixed and monitoring implemented.,Urgent,In Progress,Chat,Australia,71,Other,Enterprise,27,6,5,63.8,177.91,2024-04-23,2024-05-07,No,Yes,Android,Unknown,Crypto,French,Afternoon,6,Individual,patricia.anderson33@gmail.com,,0
5063,Robert Thomas,robert.thomas680@yahoo.com,Subscription Service,Subscription Cancellation,There seems to be a discrepancy in my billing statement for this month.,We have reset the account credentials and advised the customer to retry login.,High,In Progress,Web Form,Europe,58,Other,Premium,56,15,1,32.68,84.85,2023-12-10,2023-12-16,No,Yes,MacOS,Unknown,Credit Card,French,Afternoon,10,Small Business,robert.thomas680@yahoo.com,,0
198637,Karen Thomas,karen.thomas106@hotmail.com,CRM Platform,Refund Request,I am experiencing very slow performance while using the dashboard.,Data synchronization restored after backend service restart.,Low,In Progress,Web Form,North America,67,Other,Enterprise,3,4,2,30.5,82.28,2024-05-01,2024-05-14,Yes,Yes,MacOS,Chrome,Crypto,English,Morning,8,Small Business,karen.thomas106@hotmail.com,,0
119890,Michael Jackson,michael.jackson28@icloud.com,Mobile App,Bug Report,I am unable to access my account after entering the correct credentials.,Security settings updated and customer notified of precautionary measures.,Urgent,Closed,Email,Asia,25,Other,Premium,40,3,2,59.43,215.2,2023-05-22,2023-05-26,Yes,Yes,MacOS,Safari,Debit Card,German,Evening,7,Corporate,michael.jackson28@icloud.com,,0
83050,Patricia Wilson,patricia.wilson550@icloud.com,Mobile App,Refund Request,Two-factor authentication codes are not being delivered to my phone.,The issue was escalated to engineering and resolved in the latest patch.,High,Resolved,Social Media,Europe,69,Other,Free,33,16,3,69.27,103.17,2022-12-26,2023-01-08,No,Yes,Linux,Edge,Bank Transfer,French,Morning,2,Individual,patricia.wilson550@icloud.com,,0
199268,Linda Miller,linda.miller819@hotmail.com,CRM Platform,Bug Report,I would like to request a refund for the recent charge.,Security settings updated and customer notified of precautionary measures.,High,Open,Phone,Asia,37,Other,Basic,53,8,3,38.88,60.26,2022-09-15,2022-09-29,No,Yes,Linux,Edge,Credit Card,German,Night,1,Individual,linda.miller819@hotmail.com,,0
170605,Sarah Moore,sarah.moore526@yahoo.com,Mobile App,Subscription Cancellation,My subscription was cancelled without my request and I need clarification.,Provided step-by-step troubleshooting instructions and issue resolved.,High,In Progress,Chat,Europe,18,Female,Enterprise,46,11,2,38.51,212.92,2023-12-10,2023-12-21,Yes,No,iOS,Chrome,Bank Transfer,Spanish,Morning,6,Corporate,sarah.moore526@yahoo.com,,0
10969,John Hernandez,john.hernandez834@yahoo.com,E-commerce Store,Payment Problem,There seems to be a discrepancy in my billing statement for this month.,Explained billing breakdown and clarified applicable charges.,Urgent,Pending Customer,Chat,Australia,68,Other,Enterprise,58,3,1,32.28,48.92,2023-12-15,2023-12-29,Yes,No,Linux,Unknown,Bank Transfer,English,Night,2,Small Business,john.hernandez834@yahoo.com,,0
106821,Mary Brown,mary.brown472@yahoo.com,Cloud Storage,Performance Issue,I would like to request a refund for the recent charge.,Data synchronization restored after backend service restart.,Medium,Pending Customer,Web Form,South America,70,Female,Premium,29,14,4,57.09,182.92,2023-05-18,2023-05-26,No,Yes,MacOS,Edge,PayPal,French,Night,2,Corporate,mary.brown472@yahoo.com,,0
6139,Michael Smith,michael.smith117@icloud.com,E-commerce Store,Security Concern,The application crashes whenever I try to upload a file.,Data synchronization restored after backend service restart.,Medium,Open,Social Media,Africa,26,Male,Premium,21,13,4,23.51,43.41,2023-01-23,2023-02-03,No,No,Android,Unknown,Debit Card,Chinese,Night,6,Small Business,michael.smith117@icloud.com,,0
76348,Barbara Gonzalez,barbara.gonzalez12@outlook.com,CRM Platform,Data Sync Issue,I would like to request a refund for the recent charge.,Subscription status corrected and confirmation email sent to customer.,High,Resolved,Email,Europe,73,Female,Basic,21,17,3,20.37,182.48,2022-05-29,2022-06-07,Yes,No,Windows,Unknown,Crypto,Spanish,Night,2,Individual,barbara.gonzalez12@outlook.com,2022-01-16,0
61328,Richard Johnson,richard.johnson108@yahoo.com,API Service,Subscription Cancellation,I would like to request a refund for the recent charge.,Bug logged internally and workaround shared with the customer.,High,Resolved,Social Media,Europe,30,Male,Free,19,19,5,29.47,232.05,2023-12-11,2023-12-14,Yes,Yes,iOS,Edge,Crypto,English,Night,10,Small Business,richard.johnson108@yahoo.com,,0
115613,Charles Taylor,charles.taylor174@yahoo.com,Billing System,Subscription Cancellation,The system is not syncing data across devices properly.,The duplicate charge was reversed and refund processed within 3-5 business days.,Medium,Closed,Phone,Europe,43,Other,Enterprise,14,17,1,13.9,49.57,2024-05-11,2024-05-25,No,No,Linux,Edge,Crypto,French,Evening,5,Individual,charles.taylor174@yahoo.com,,0
101392,Mary Martinez,mary.martinez323@hotmail.com,Web Portal,Account Suspension,I found a bug in the latest update affecting report generation.,Data synchronization restored after backend service restart.,Low,Resolved,Chat,North America,73,Other,Free,38,19,1,34.09,65.77,2024-01-21,2024-01-31,Yes,Yes,Linux,Unknown,Bank Transfer,Spanish,Night,8,Individual,mary.martinez323@hotmail.com,,0
192656,James Taylor,james.taylor330@outlook.com,Billing System,Security Concern,The payment was deducted from my bank account but the transaction shows failed.,Bug logged internally and workaround shared with the customer.,Low,In Progress,Email,North America,59,Female,Premium,7,0,3,14.72,111.77,2023-03-01,2023-03-15,No,No,iOS,Chrome,PayPal,Japanese,Evening,4,Individual,james.taylor330@outlook.com,,0
131365,Elizabeth Miller,elizabeth.miller224@gmail.com,Subscription Service,Payment Problem,The system is not syncing data across devices properly.,Data synchronization restored after backend service restart.,Urgent,In Progress,Phone,Europe,70,Other,Enterprise,49,16,4,19.43,46.78,2024-09-21,2024-10-01,Yes,No,MacOS,Safari,Debit Card,French,Evening,1,Individual,elizabeth.miller224@gmail.com,,0
162131,James Jones,james.jones365@yahoo.com,Web Portal,Subscription Cancellation,The application crashes whenever I try to upload a file.,Payment gateway timeout issue fixed and monitoring implemented.,Low,Closed,Email,Asia,45,Male,Free,40,1,1,6.02,199.28,2022-04-25,2022-05-05,No,No,iOS,Safari,Crypto,Chinese,Evening,5,Corporate,james.jones365@yahoo.com,,0
102653,John Taylor,john.taylor870@yahoo.com,Mobile App,Bug Report,The application crashes whenever I try to upload a file.,Provided step-by-step troubleshooting instructions and issue resolved.,Low,Pending Customer,Web Form,Africa,63,Other,Basic,7,10,4,71.93,21.13,2022-11-13,2022-11-25,No,No,MacOS,Firefox,Crypto,Japanese,Afternoon,1,Individual,john.taylor870@yahoo.com,,0
37790,Barbara Moore,barbara.moore402@company.com,Web Portal,Account Suspension,I am unable to access my account after entering the correct credentials.,Security settings updated and customer notified of precautionary measures.,Low,In Progress,Social Media,Australia,63,Male,Premium,15,5,3,54.45,6.04,2024-08-01,2024-08-10,Yes,Yes,Linux,Chrome,Debit Card,Japanese,Morning,7,Individual,barbara.moore402@company.com,,0
103920,Richard Jackson,richard.jackson351@hotmail.com,Analytics Dashboard,Security Concern,I found a bug in the latest update affecting report generation.,Payment gateway timeout issue fixed and monitoring implemented.,Low,Open,Phone,Asia,29,Male,Basic,36,10,4,17.38,134.49,2023-11-08,2023-11-11,No,Yes,Android,Edge,PayPal,French,Morning,7,Small Business,richard.jackson351@hotmail.com,,0
128140,Elizabeth Martin,elizabeth.martin600@yahoo.com,CRM Platform,Performance Issue,The system is not syncing data across devices properly.,The issue was escalated to engineering and resolved in the latest patch.,High,Resolved,Phone,Europe,40,Female,Premium,7,3,3,17.06,107.56,2024-06-12,2024-06-23,Yes,No,Android,Unknown,Credit Card,Japanese,Night,7,Small Business,elizabeth.martin600@yahoo.com,,0
180847,Richard Anderson,richard.anderson282@hotmail.com,Payment Gateway,Account Suspension,The payment was deducted from my bank account but the transaction shows failed.,Payment gateway timeout issue fixed and monitoring implemented.,Low,Closed,Phone,Africa,51,Male,Basic,45,15,3,46.07,213.87,2023-01-25,2023-01-27,Yes,No,Android,Firefox,Debit Card,Chinese,Night,8,Individual,richard.anderson282@hotmail.com,,0
67763,William Miller,william.miller572@gmail.com,CRM Platform,Payment Problem,Two-factor authentication codes are not being delivered to my phone.,Subscription status corrected and confirmation email sent to customer.,Low,Resolved,Email,South America,22,Other,Free,17,0,1,54.12,192.59,2023-07-19,2023-07-26,Yes,No,iOS,Unknown,Debit Card,Spanish,Morning,6,Small Business,william.miller572@gmail.com,,0
139982,Michael Moore,michael.moore113@hotmail.com,Analytics Dashboard,Security Concern,I am experiencing very slow performance while using the dashboard.,Payment gateway timeout issue fixed and monitoring implemented.,Urgent,Resolved,Email,Europe,46,Other,Enterprise,8,12,5,42.76,173.28,2024-04-20,2024-05-04,Yes,Yes,iOS,Firefox,Credit Card,English,Afternoon,1,Corporate,michael.moore113@hotmail.com,,0
130845,Michael Garcia,michael.garcia272@gmail.com,Subscription Service,Payment Problem,There seems to be a discrepancy in my billing statement for this month.,Subscription status corrected and confirmation email sent to customer.,Medium,Pending Customer,Email,Asia,30,Male,Basic,1,3,3,71.61,167.59,2023-07-14,2023-07-15,No,Yes,Android,Safari,PayPal,French,Night,1,Individual,michael.garcia272@gmail.com,,0
29125,William Davis,william.davis415@icloud.com,Payment Gateway,Data Sync Issue,I would like to request a refund for the recent charge.,Explained billing breakdown and clarified applicable charges.,Low,Open,Email,Africa,75,Other,Free,44,15,4,46.65,12.3,2022-07-03,2022-07-04,Yes,Yes,MacOS,Edge,Bank Transfer,Spanish,Night,9,Individual,william.davis415@icloud.com,,0
23285,Susan Johnson,susan.johnson726@company.com,Analytics Dashboard,Account Suspension,I found a bug in the latest update affecting report generation.,Provided step-by-step troubleshooting instructions and issue resolved.,Urgent,Pending Customer,Social Media,Africa,41,Other,Basic,10,19,1,18.05,141.52,2022-12-30,2023-01-08,Yes,No,iOS,Edge,Crypto,Chinese,Evening,6,Corporate,susan.johnson726@company.com,,0
180653,Robert Jones,robert.jones85@outlook.com,Analytics Dashboard,Refund Request,I am unable to access my account after entering the correct credentials.,Data synchronization restored after backend service restart.,High,Pending Customer,Email,Africa,57,Female,Basic,22,8,4,57.78,16.83,2024-08-21,2024-08-22,Yes,Yes,MacOS,Chrome,Debit Card,Chinese,Afternoon,3,Individual,robert.jones85@outlook.com,,0
13169,Mary Williams,mary.williams22@company.com,Mobile App,Login Issue,The application crashes whenever I try to upload a file.,The issue was escalated to engineering and resolved in the latest patch.,High,Pending Customer,Email,North America,68,Other,Free,39,5,2,37.03,188.93,2024-07-08,2024-07-18,No,Yes,iOS,Safari,Credit Card,Chinese,Morning,7,Small Business,mary.williams22@company.com,,0
192523,Patricia Martin,patricia.martin698@company.com,Analytics Dashboard,Data Sync Issue,The payment was deducted from my bank account but the transaction shows failed.,Payment gateway timeout issue fixed and monitoring implemented.,Low,In Progress,Web Form,Asia,31,Other,Basic,57,5,1,15.35,13.73,2022-12-17,2022-12-17,Yes,No,MacOS,Unknown,PayPal,English,Morning,2,Small Business,patricia.martin698@company.com,,0
98275,Charles Smith,charles.smith458@hotmail.com,E-commerce Store,Account Suspension,I found a bug in the latest update affecting report generation.,Data synchronization restored after backend service restart.,Urgent,Closed,Social Media,Asia,21,Other,Premium,43,9,4,7.62,224.41,2024-08-25,2024-09-01,Yes,Yes,MacOS,Firefox,Bank Transfer,Japanese,Morning,10,Corporate,charles.smith458@hotmail.com,,0
120630,Mary Johnson,mary.johnson518@gmail.com,E-commerce Store,Subscription Cancellation,My subscription was cancelled without my request and I need clarification.,The duplicate charge was reversed and refund processed within 3-5 business days.,High,Open,Web Form,Europe,57,Male,Enterprise,33,8,3,42.66,208.23,2022-01-07,2022-01-07,No,Yes,Android,Edge,Bank Transfer,French,Morning,4,Corporate,mary.johnson518@gmail.com,,0
148500,Michael Anderson,michael.anderson297@outlook.com,Mobile App,Data Sync Issue,I would like to request a refund for the recent charge.,Payment gateway timeout issue fixed and monitoring implemented.,Urgent,Open,Web Form,Australia,45,Male,Free,57,10,5,48.47,38.02,2023-07-16,2023-07-16,No,No,iOS,Chrome,Debit Card,German,Evening,1,Individual,michael.anderson297@outlook.com,,0
26869,Barbara Wilson,barbara.wilson870@gmail.com,Subscription Service,Subscription Cancellation,Two-factor authentication codes are not being delivered to my phone.,Subscription status corrected and confirmation email sent to customer.,Low,Closed,Social Media,North America,50,Male,Free,15,19,4,3.81,231.21,2022-02-12,2022-02-24,No,Yes,iOS,Unknown,Bank Transfer,English,Morning,1,Corporate,barbara.wilson870@gmail.com,,0
89595,Jessica Williams,jessica.williams329@hotmail.com,Mobile App,Security Concern,I would like to request a refund for the recent charge.,Explained billing breakdown and clarified applicable charges.,Medium,Open,Phone,Asia,27,Male,Basic,36,9,5,53.41,125.63,2024-09-05,2024-09-15,No,Yes,MacOS,Chrome,PayPal,Chinese,Morning,7,Corporate,jessica.williams329@hotmail.com,,0
134292,Jessica Jones,jessica.jones450@company.com,E-commerce Store,Performance Issue,The payment was deducted from my bank account but the transaction shows failed.,The duplicate charge was reversed and refund processed within 3-5 business days.,Urgent,Closed,Social Media,Asia,56,Other,Basic,4,17,1,45.3,123.44,2022-03-03,2022-03-11,No,Yes,iOS,Safari,Credit Card,Spanish,Afternoon,1,Individual,jessica.jones450@company.com,,0
121037,Sarah Taylor,sarah.taylor156@company.com,Payment Gateway,Performance Issue,Two-factor authentication codes are not being delivered to my phone.,We have reset the account credentials and advised the customer to retry login.,Medium,Open,Social Media,South America,26,Male,Basic,54,18,3,6.74,232.23,2022-02-01,2022-02-06,Yes,No,MacOS,Unknown,Debit Card,English,Evening,2,Corporate,sarah.taylor156@company.com,,0
127616,Richard Smith,richard.smith575@icloud.com,E-commerce Store,Data Sync Issue,I found a bug in the latest update affecting report generation.,Provided step-by-step troubleshooting instructions and issue resolved.,Low,Open,Email,North America,69,Female,Enterprise,46,20,5,64.36,228.94,2023-07-10,2023-07-16,No,No,MacOS,Unknown,Credit Card,German,Evening,2,Corporate,richard.smith575@icloud.com,,0
11626,Patricia Anderson,patricia.anderson858@outlook.com,Payment Gateway,Data Sync Issue,I am unable to access my account after entering the correct credentials.,We have reset the account credentials and advised the customer to retry login.,Urgent,Resolved,Phone,Europe,57,Male,Free,20,15,4,34.69,56.45,2023-08-16,2023-08-26,No,Yes,Android,Unknown,Credit Card,French,Afternoon,2,Small Business,patricia.anderson858@outlook.com,,0
70699,Sarah Rodriguez,sarah.rodriguez269@gmail.com,Analytics Dashboard,Data Sync Issue,My subscription was cancelled without my request and I need clarification.,Bug logged internally and workaround shared with the customer.,Low,In Progress,Phone,Australia,18,Other,Premium,60,13,1,35.66,103.17,2023-09-05,2023-09-10,No,No,Windows,Firefox,Bank Transfer,French,Night,9,Corporate,sarah.rodriguez269@gmail.com,2022-06-18,0
77422,Jessica Garcia,jessica.garcia963@outlook.com,Subscription Service,Performance Issue,I would like to request a refund for the recent charge.,Explained billing breakdown and clarified applicable charges.,Low,Resolved,Chat,South America,74,Other,Free,51,16,5,63.8,129.62,2024-02-06,2024-02-16,Yes,Yes,Windows,Chrome,PayPal,French,Night,1,Small Business,jessica.garcia963@outlook.com,,0
120129,John Jones,john.jones192@gmail.com,API Service,Security Concern,The system is not syncing data across devices properly.,Security settings updated and customer notified of precautionary measures.,High,Resolved,Phone,North America,38,Male,Free,47,15,2,36.99,178.21,2024-05-27,2024-06-10,Yes,Yes,Windows,Safari,Bank Transfer,German,Afternoon,2,Small Business,john.jones192@gmail.com,,0
92510,James Martin,james.martin787@icloud.com,CRM Platform,Performance Issue,I am unable to access my account after entering the correct credentials.,We have reset the account credentials and advised the customer to retry login.,High,In Progress,Phone,North America,48,Other,Free,17,11,3,55.78,60.9,2023-09-23,2023-10-06,No,Yes,MacOS,Firefox,Debit Card,German,Night,8,Individual,james.martin787@icloud.com,,0
22559,John Wilson,john.wilson145@yahoo.com,Payment Gateway,Refund Request,The payment was deducted from my bank account but the transaction shows failed.,Provided step-by-step troubleshooting instructions and issue resolved.,Medium,Closed,Chat,South America,75,Female,Free,25,15,1,9.36,49.16,2023-08-26,2023-08-29,Yes,No,MacOS,Edge,Bank Transfer,Chinese,Night,8,Corporate,john.wilson145@yahoo.com,,0
169679,John Smith,john.smith746@company.com,Payment Gateway,Payment Problem,There seems to be a discrepancy in my billing statement for this month.,Data synchronization restored after backend service restart.,Low,Resolved,Email,Australia,38,Male,Basic,41,17,2,37.25,97.75,2023-06-23,2023-06-26,No,No,MacOS,Safari,Credit Card,French,Evening,5,Individual,john.smith746@company.com,,0
137088,Jennifer Brown,jennifer.brown416@gmail.com,Mobile App,Data Sync Issue,The payment was deducted from my bank account but the transaction shows failed.,Data synchronization restored after backend service restart.,Medium,Resolved,Email,South America,49,Male,Premium,7,6,5,68.81,238.49,2023-03-25,2023-04-08,Yes,No,Linux,Firefox,Bank Transfer,German,Afternoon,7,Corporate,jennifer.brown416@gmail.com,2022-09-08,0
119148,Jennifer Martin,jennifer.martin232@icloud.com,Analytics Dashboard,Performance Issue,The payment was deducted from my bank account but the transaction shows failed.,Bug logged internally and workaround shared with the customer.,Low,Open,Phone,Australia,46,Other,Basic,55,2,5,26.87,186.36,2022-02-19,2022-02-27,No,Yes,Android,Firefox,PayPal,Spanish,Morning,2,Corporate,jennifer.martin232@icloud.com,,0
173851,Karen Williams,karen.williams628@yahoo.com,Mobile App,Refund Request,The system is not syncing data across devices properly.,Data synchronization restored after backend service restart.,Medium,Pending Customer,Chat,Australia,63,Other,Premium,46,14,2,62.73,217.19,2022-10-29,2022-10-30,Yes,No,Android,Safari,Debit Card,German,Morning,4,Corporate,karen.williams628@yahoo.com,,0
15107,Charles Anderson,charles.anderson522@yahoo.com,Payment Gateway,Security Concern,The payment was deducted from my bank account but the transaction shows failed.,We have reset the account credentials and advised the customer to retry login.,Medium,Closed,Email,North America,60,Other,Enterprise,22,9,4,9.4,49.11,2022-05-26,2022-06-01,No,No,MacOS,Unknown,Debit Card,Chinese,Evening,4,Small Business,charles.anderson522@yahoo.com,,0
1472,Jessica Hernandez,jessica.hernandez237@outlook.com,CRM Platform,Bug Report,I found a bug in the latest update affecting report generation.,Explained billing breakdown and clarified applicable charges.,High,Resolved,Social Media,Africa,67,Male,Basic,58,4,5,1.77,206.75,2022-09-09,2022-09-17,No,Yes,Windows,Edge,Debit Card,Chinese,Evening,6,Individual,jessica.hernandez237@outlook.com,,0
157921,Karen Davis,karen.davis802@outlook.com,E-commerce Store,Payment Problem,There seems to be a discrepancy in my billing statement for this month.,Provided step-by-step troubleshooting instructions and issue resolved.,Low,Open,Chat,Europe,31,Male,Basic,50,7,5,12.24,208.54,2023-05-14,2023-05-17,No,No,iOS,Edge,PayPal,Spanish,Morning,8,Small Business,karen.davis802@outlook.com,,0
65827,Patricia Taylor,patricia.taylor437@hotmail.com,Web Portal,Payment Problem,There seems to be a discrepancy in my billing statement for this month.,Data synchronization restored after backend service restart.,Urgent,Resolved,Web Form,Europe,31,Female,Basic,16,0,1,60.49,67.95,2023-02-28,2023-03-10,Yes,Yes,Linux,Unknown,Credit Card,French,Evening,6,Small Business,patricia.taylor437@hotmail.com,,0
97858,Jennifer Anderson,jennifer.anderson252@outlook.com,Mobile App,Bug Report,The payment was deducted from my bank account but the transaction shows failed.,Provided step-by-step troubleshooting instructions and issue resolved.,High,Pending Customer,Phone,South America,48,Female,Basic,29,12,1,31.23,53.28,2022-08-16,2022-08-16,No,No,Linux,Chrome,Credit Card,French,Afternoon,7,Corporate,jennifer.anderson252@outlook.com,,0
164539,James Thomas,james.thomas331@outlook.com,Billing System,Account Suspension,There seems to be a discrepancy in my billing statement for this month.,Provided step-by-step troubleshooting instructions and issue resolved.,Medium,Open,Chat,North America,62,Other,Premium,25,10,3,28.89,174.81,2023-05-17,2023-05-17,No,No,Android,Safari,Crypto,Chinese,Night,4,Individual,james.thomas331@outlook.com,,0
90779,Karen Jones,karen.jones294@outlook.com,E-commerce Store,Subscription Cancellation,The payment was deducted from my bank account but the transaction shows failed.,We have reset the account credentials and advised the customer to retry login.,High,Resolved,Web Form,South America,20,Male,Premium,33,3,5,56.53,75.61,2024-04-09,2024-04-11,Yes,Yes,MacOS,Safari,PayPal,German,Afternoon,1,Individual,karen.jones294@outlook.com,,0
180560,David Jackson,david.jackson218@yahoo.com,Web Portal,Bug Report,I found a bug in the latest update affecting report generation.,The duplicate charge was reversed and refund processed within 3-5 business days.,High,Pending Customer,Web Form,Europe,54,Male,Enterprise,5,7,3,43.05,157.75,2024-08-21,2024-08-26,No,Yes,iOS,Edge,Crypto,Chinese,Evening,1,Individual,david.jackson218@yahoo.com,,0
193810,William Davis,william.davis842@company.com,Payment Gateway,Bug Report,The application crashes whenever I try to upload a file.,We have reset the account credentials and advised the customer to retry login.,Urgent,In Progress,Social Media,Europe,35,Female,Premium,27,17,1,1.17,59.07,2023-07-03,2023-07-07,No,No,MacOS,Firefox,Crypto,German,Night,7,Corporate,william.davis842@company.com,2022-10-06,0
36923,Thomas Lopez,thomas.lopez8@gmail.com,Subscription Service,Performance Issue,I am unable to access my account after entering the correct credentials.,Provided step-by-step troubleshooting instructions and issue resolved.,Medium,Resolved,Chat,Africa,29,Female,Enterprise,58,13,1,24.83,166.58,2024-04-21,2024-05-02,No,No,Windows,Firefox,Bank Transfer,Chinese,Night,7,Small Business,thomas.lopez8@gmail.com,,0
111085,Michael Anderson,michael.anderson543@outlook.com,Mobile App,Payment Problem,The system is not syncing data across devices properly.,Security settings updated and customer notified of precautionary measures.,High,Closed,Web Form,Australia,32,Male,Enterprise,11,11,5,64.71,183.46,2024-02-13,2024-02-24,No,No,Linux,Safari,Credit Card,Japanese,Night,7,Small Business,michael.anderson543@outlook.com,,0
195550,John Wilson,john.wilson844@gmail.com,Mobile App,Bug Report,I am experiencing very slow performance while using the dashboard.,Subscription status corrected and confirmation email sent to customer.,Medium,Pending Customer,Social Media,Europe,32,Male,Enterprise,24,19,3,40.55,227.3,2024-01-21,2024-01-31,No,No,Linux,Safari,Debit Card,German,Evening,7,Corporate,john.wilson844@gmail.com,,0
162096,Thomas Anderson,thomas.anderson420@hotmail.com,Billing System,Refund Request,I am experiencing very slow performance while using the dashboard.,The issue was escalated to engineering and resolved in the latest patch.,Urgent,Resolved,Chat,Europe,25,Other,Free,13,7,4,20.35,95.49,2024-02-23,2024-03-01,Yes,No,Linux,Edge,Debit Card,Spanish,Evening,9,Individual,thomas.anderson420@hotmail.com,,0
96848,Jessica Martinez,jessica.martinez913@gmail.com,Subscription Service,Bug Report,There seems to be a discrepancy in my billing statement for this month.,Explained billing breakdown and clarified applicable charges.,High,Pending Customer,Phone,North America,59,Other,Free,55,6,4,24.93,61.3,2022-11-17,2022-11-21,No,Yes,iOS,Edge,Crypto,Spanish,Night,2,Corporate,jessica.martinez913@gmail.com,,0
109781,Charles Davis,charles.davis545@outlook.com,Web Portal,Refund Request,I found a bug in the latest update affecting report generation.,Explained billing breakdown and clarified applicable charges.,Low,In Progress,Web Form,Europe,26,Male,Premium,25,12,1,53.52,228.22,2024-10-28,2024-11-09,Yes,No,MacOS,Unknown,Crypto,German,Evening,8,Small Business,charles.davis545@outlook.com,,0
195463,Mary Garcia,mary.garcia593@icloud.com,API Service,Account Suspension,I found a bug in the latest update affecting report generation.,Data synchronization restored after backend service restart.,Urgent,Resolved,Social Media,Asia,25,Female,Basic,34,10,3,57.04,42.69,2024-08-21,2024-08-21,No,No,iOS,Safari,PayPal,Japanese,Evening,3,Individual,mary.garcia593@icloud.com,2022-07-25,0
161889,Michael Miller,michael.miller440@hotmail.com,API Service,Data Sync Issue,I would like to request a refund for the recent charge.,Provided step-by-step troubleshooting instructions and issue resolved.,Urgent,Pending Customer,Chat,North America,33,Other,Premium,18,11,2,56.36,222.19,2023-08-30,2023-09-05,No,No,Windows,Chrome,Credit Card,Chinese,Night,3,Individual,michael.miller440@hotmail.com,,0
198853,Susan Lopez,susan.lopez50@outlook.com,Mobile App,Login Issue,The payment was deducted from my bank account but the transaction shows failed.,Subscription status corrected and confirmation email sent to customer.,Urgent,In Progress,Email,South America,23,Female,Enterprise,1,9,5,20.89,31.53,2022-07-07,2022-07-20,No,No,Windows,Chrome,Debit Card,English,Night,10,Corporate,susan.lopez50@outlook.com,,0
77759,Susan Hernandez,susan.hernandez897@gmail.com,CRM Platform,Refund Request,The system is not syncing data across devices properly.,Data synchronization restored after backend service restart.,Urgent,Resolved,Social Media,North America,68,Male,Basic,34,18,5,25.59,199.12,2022-12-04,2022-12-15,No,Yes,iOS,Unknown,Bank Transfer,English,Morning,6,Corporate,susan.hernandez897@gmail.com,,0
182227,Linda Miller,linda.miller637@yahoo.com,Analytics Dashboard,Payment Problem,I am unable to access my account after entering the correct credentials.,Payment gateway timeout issue fixed and monitoring implemented.,High,In Progress,Phone,Africa,19,Other,Free,52,16,3,36.66,103.79,2023-12-23,2023-12-27,Yes,Yes,Linux,Edge,Crypto,Spanish,Night,1,Corporate,linda.miller637@yahoo.com,,0
36932,Jennifer Williams,jennifer.williams817@yahoo.com,Subscription Service,Account Suspension,There seems to be a discrepancy in my billing statement for this month.,Provided step-by-step troubleshooting instructions and issue resolved.,High,Closed,Web Form,South America,69,Female,Enterprise,1,8,3,17.16,66.87,2024-02-09,2024-02-11,No,Yes,Linux,Unknown,PayPal,Spanish,Evening,3,Individual,jennifer.williams817@yahoo.com,,0
150171,Patricia Garcia,patricia.garcia788@icloud.com,Analytics Dashboard,Refund Request,I am unable to access my account after entering the correct credentials.,Provided step-by-step troubleshooting instructions and issue resolved.,High,Closed,Social Media,Australia,50,Other,Enterprise,3,15,1,47.92,18.19,2023-07-06,2023-07-10,No,Yes,Windows,Unknown,Debit Card,English,Night,5,Individual,patricia.garcia788@icloud.com,,0
126840,Robert Wilson,robert.wilson489@outlook.com,API Service,Bug Report,I am experiencing very slow performance while using the dashboard.,Provided step-by-step troubleshooting instructions and issue resolved.,Urgent,Pending Customer,Chat,South America,24,Other,Enterprise,52,14,1,58.96,145.52,2023-11-18,2023-11-30,Yes,Yes,iOS,Safari,PayPal,German,Night,3,Corporate,robert.wilson489@outlook.com,2023-05-19,0
185953,Thomas Smith,thomas.smith452@hotmail.com,Web Portal,Data Sync Issue,My subscription was cancelled without my request and I need clarification.,Bug logged internally and workaround shared with the customer.,Low,Closed,Email,Australia,75,Female,Premium,13,4,2,5.44,19.25,2022-08-04,2022-08-10,Yes,No,iOS,Firefox,Crypto,Japanese,Morning,8,Corporate,thomas.smith452@hotmail.com,,0
26073,William Miller,william.miller741@hotmail.com,CRM Platform,Feature Request,The system is not syncing data across devices properly.,Payment gateway timeout issue fixed and monitoring implemented.,Low,Pending Customer,Phone,Australia,23,Other,Enterprise,33,14,2,23.52,153.74,2022-09-15,2022-09-27,No,Yes,Linux,Safari,Debit Card,German,Evening,9,Individual,william.miller741@hotmail.com,,0
165083,Karen Garcia,karen.garcia451@yahoo.com,Analytics Dashboard,Login Issue,The application crashes whenever I try to upload a file.,The issue was escalated to engineering and resolved in the latest patch.,High,Pending Customer,Web Form,Asia,75,Female,Basic,5,2,2,20.65,33.59,2023-08-08,2023-08-19,No,No,Linux,Firefox,Crypto,English,Night,6,Corporate,karen.garcia451@yahoo.com,,0
190226,Robert Jackson,robert.jackson608@hotmail.com,CRM Platform,Subscription Cancellation,My subscription was cancelled without my request and I need clarification.,Data synchronization restored after backend service restart.,Low,Open,Chat,North America,72,Male,Free,8,11,2,52.28,180.03,2022-05-01,2022-05-01,Yes,No,Android,Firefox,Debit Card,German,Night,2,Individual,robert.jackson608@hotmail.com,,0
180060,Mary Thomas,mary.thomas565@gmail.com,Subscription Service,Feature Request,The application crashes whenever I try to upload a file.,We have reset the account credentials and advised the customer to retry login.,Medium,Resolved,Web Form,Asia,22,Female,Enterprise,49,10,2,26.83,156.23,2023-04-05,2023-04-13,Yes,No,Linux,Safari,Credit Card,English,Morning,6,Individual,mary.thomas565@gmail.com,,0
88014,William Miller,william.miller264@gmail.com,Billing System,Security Concern,I would like to request a refund for the recent charge.,Subscription status corrected and confirmation email sent to customer.,Urgent,Closed,Phone,Africa,67,Female,Enterprise,10,15,1,31.86,59.82,2023-11-20,2023-11-28,Yes,Yes,Windows,Edge,Credit Card,English,Night,1,Individual,william.miller264@gmail.com,,0
44238,James Rodriguez,james.rodriguez649@yahoo.com,Web Portal,Security Concern,There seems to be a discrepancy in my billing statement for this month.,The duplicate charge was reversed and refund processed within 3-5 business days.,Low,In Progress,Phone,South America,48,Other,Enterprise,7,5,5,31.54,120.26,2024-09-06,2024-09-20,No,No,MacOS,Edge,Bank Transfer,Spanish,Morning,3,Corporate,james.rodriguez649@yahoo.com,,0
113854,Patricia Taylor,patricia.taylor618@icloud.com,Web Portal,Security Concern,I am unable to access my account after entering the correct credentials.,Payment gateway timeout issue fixed and monitoring implemented.,Urgent,Open,Chat,Africa,31,Male,Enterprise,39,13,2,60.14,116.24,2022-02-16,2022-02-16,No,No,Linux,Safari,Debit Card,Japanese,Morning,7,Small Business,patricia.taylor618@icloud.com,,0
138242,Michael Taylor,michael.taylor600@icloud.com,Cloud Storage,Data Sync Issue,I would like to request a refund for the recent charge.,Subscription status corrected and confirmation email sent to customer.,Medium,Pending Customer,Chat,Australia,43,Male,Enterprise,9,17,2,9.62,88.54,2022-06-28,2022-06-28,Yes,Yes,Linux,Edge,PayPal,German,Night,8,Corporate,michael.taylor600@icloud.com,,0
180663,Mary Moore,mary.moore20@yahoo.com,Cloud Storage,Bug Report,The system is not syncing data across devices properly.,Bug logged internally and workaround shared with the customer.,High,Closed,Web Form,Europe,61,Male,Free,57,3,2,53.09,208.93,2023-01-21,2023-02-02,No,Yes,Linux,Unknown,Crypto,Spanish,Morning,5,Corporate,mary.moore20@yahoo.com,,0
61031,William Garcia,william.garcia465@gmail.com,Mobile App,Login Issue,I would like to request a refund for the recent charge.,The issue was escalated to engineering and resolved in the latest patch.,Urgent,Pending Customer,Email,South America,65,Male,Free,21,9,5,63.63,150.91,2023-01-18,2023-01-21,Yes,No,MacOS,Unknown,Bank Transfer,Chinese,Morning,6,Small Business,william.garcia465@gmail.com,,0
160157,Robert Johnson,robert.johnson595@hotmail.com,Mobile App,Login Issue,Two-factor authentication codes are not being delivered to my phone.,The duplicate charge was reversed and refund processed within 3-5 business days.,Low,In Progress,Web Form,Australia,54,Other,Basic,53,19,3,22.19,12.2,2024-02-21,2024-02-24,No,No,iOS,Chrome,Debit Card,Chinese,Night,2,Small Business,robert.johnson595@hotmail.com,,0
114399,James Lopez,james.lopez429@icloud.com,Mobile App,Performance Issue,The application crashes whenever I try to upload a file.,Subscription status corrected and confirmation email sent to customer.,Low,Resolved,Chat,Europe,61,Other,Premium,26,8,2,56.81,149.01,2024-06-19,2024-07-03,No,No,Linux,Firefox,Debit Card,French,Night,4,Individual,james.lopez429@icloud.com,,0
76197,Robert Johnson,robert.johnson542@hotmail.com,Subscription Service,Refund Request,Two-factor authentication codes are not being delivered to my phone.,Data synchronization restored after backend service restart.,Low,In Progress,Social Media,Australia,30,Other,Basic,15,20,3,22.0,162.3,2022-12-09,2022-12-09,No,No,Linux,Unknown,Debit Card,Spanish,Morning,3,Small Business,robert.johnson542@hotmail.com,,0
73557,Susan Martin,susan.martin513@outlook.com,CRM Platform,Performance Issue,The application crashes whenever I try to upload a file.,Bug logged internally and workaround shared with the customer.,Medium,Pending Customer,Web Form,North America,71,Female,Enterprise,6,10,1,55.94,17.7,2023-08-12,2023-08-23,No,No,Linux,Safari,Bank Transfer,Chinese,Night,7,Corporate,susan.martin513@outlook.com,,0
21401,Patricia Anderson,patricia.anderson223@outlook.com,Mobile App,Feature Request,There seems to be a discrepancy in my billing statement for this month.,The duplicate charge was reversed and refund processed within 3-5 business days.,Urgent,Open,Social Media,Africa,66,Female,Free,14,9,2,11.92,98.85,2024-11-24,2024-12-03,No,Yes,MacOS,Unknown,Bank Transfer,German,Morning,7,Small Business,patricia.anderson223@outlook.com,,0
50475,William Moore,william.moore705@yahoo.com,Billing System,Performance Issue,I am experiencing very slow performance while using the dashboard.,Payment gateway timeout issue fixed and monitoring implemented.,Low,Open,Social Media,South America,38,Female,Free,37,18,2,58.79,64.62,2023-11-09,2023-11-10,Yes,No,Android,Firefox,Credit Card,Spanish,Afternoon,3,Corporate,william.moore705@yahoo.com,,0
91628,Karen Wilson,karen.wilson582@yahoo.com,Payment Gateway,Refund Request,The system is not syncing data across devices properly.,Data synchronization restored after backend service restart.,Urgent,Closed,Email,North America,23,Male,Enterprise,19,13,1,58.73,11.39,2023-12-05,2023-12-07,Yes,No,MacOS,Edge,PayPal,Spanish,Night,7,Individual,karen.wilson582@yahoo.com,,0
31716,Mary Lopez,mary.lopez573@yahoo.com,API Service,Bug Report,I am experiencing very slow performance while using the dashboard.,Explained billing breakdown and clarified applicable charges.,Low,Resolved,Chat,Australia,33,Female,Free,20,3,1,40.22,144.36,2024-08-13,2024-08-25,No,No,Windows,Chrome,Credit Card,English,Night,10,Individual,mary.lopez573@yahoo.com,,0
129558,Thomas Thomas,thomas.thomas660@outlook.com,Subscription Service,Performance Issue,Two-factor authentication codes are not being delivered to my phone.,The issue was escalated to engineering and resolved in the latest patch.,Medium,Closed,Web Form,South America,50,Female,Free,59,7,3,13.33,18.18,2024-08-24,2024-09-07,No,Yes,Android,Firefox,Credit Card,English,Morning,4,Individual,thomas.thomas660@outlook.com,2023-01-25,0
78902,Mary Miller,mary.miller207@outlook.com,Subscription Service,Performance Issue,There seems to be a discrepancy in my billing statement for this month.,Data synchronization restored after backend service restart.,Urgent,Resolved,Web Form,Australia,54,Female,Enterprise,32,10,4,44.07,5.92,2024-08-30,2024-09-13,No,No,MacOS,Chrome,PayPal,French,Afternoon,3,Small Business,mary.miller207@outlook.com,,0
195482,Sarah Thomas,sarah.thomas412@gmail.com,API Service,Subscription Cancellation,I found a bug in the latest update affecting report generation.,Security settings updated and customer notified of precautionary measures.,Low,Pending Customer,Phone,Africa,41,Other,Premium,45,0,2,8.98,31.91,2022-06-30,2022-07-09,No,No,Windows,Unknown,Crypto,French,Evening,8,Small Business,sarah.thomas412@gmail.com,,0
43938,Joseph Hernandez,joseph.hernandez898@hotmail.com,Web Portal,Security Concern,I found a bug in the latest update affecting report generation.,Explained billing breakdown and clarified applicable charges.,Urgent,Pending Customer,Chat,North America,22,Female,Premium,1,19,5,31.94,8.13,2023-06-04,2023-06-18,No,No,Android,Safari,Bank Transfer,Chinese,Morning,1,Small Business,joseph.hernandez898@hotmail.com,,0
11524,Karen Martinez,karen.martinez157@gmail.com,Analytics Dashboard,Payment Problem,My subscription was cancelled without my request and I need clarification.,Explained billing breakdown and clarified applicable charges.,Low,Closed,Chat,North America,57,Other,Premium,18,12,3,61.04,111.64,2022-10-07,2022-10-14,No,Yes,Android,Chrome,Crypto,Chinese,Evening,9,Corporate,karen.martinez157@gmail.com,,0
193478,Sarah Jackson,sarah.jackson594@gmail.com,Billing System,Account Suspension,The payment was deducted from my bank account but the transaction shows failed.,Security settings updated and customer notified of precautionary measures.,Medium,Pending Customer,Email,Australia,49,Other,Premium,8,16,1,53.66,183.05,2024-11-23,2024-11-25,Yes,No,MacOS,Unknown,Crypto,French,Morning,8,Individual,sarah.jackson594@gmail.com,,0
124821,Joseph Garcia,joseph.garcia41@hotmail.com,Billing System,Bug Report,My subscription was cancelled without my request and I need clarification.,Subscription status corrected and confirmation email sent to customer.,High,Closed,Chat,Africa,24,Other,Enterprise,20,0,4,60.66,200.48,2024-03-16,2024-03-19,Yes,Yes,MacOS,Edge,Bank Transfer,Spanish,Afternoon,1,Corporate,joseph.garcia41@hotmail.com,,0
142527,Barbara Brown,barbara.brown223@company.com,Payment Gateway,Account Suspension,Two-factor authentication codes are not being delivered to my phone.,The duplicate charge was reversed and refund processed within 3-5 business days.,Medium,Closed,Web Form,Africa,52,Male,Premium,36,8,2,44.64,210.4,2024-12-29,2024-12-30,No,No,Windows,Edge,Crypto,Chinese,Morning,1,Corporate,barbara.brown223@company.com,,0
178612,Michael Miller,michael.miller400@gmail.com,Web Portal,Bug Report,The payment was deducted from my bank account but the transaction shows failed.,Explained billing breakdown and clarified applicable charges.,Medium,Resolved,Email,North America,53,Female,Enterprise,41,16,5,24.29,146.63,2022-03-04,2022-03-18,No,No,iOS,Edge,Credit Card,French,Afternoon,1,Individual,michael.miller400@gmail.com,,0
122756,William Taylor,william.taylor603@icloud.com,Payment Gateway,Bug Report,The system is not syncing data across devices properly.,Security settings updated and customer notified of precautionary measures.,High,Resolved,Social Media,Australia,31,Female,Basic,9,18,3,27.86,216.51,2022-07-07,2022-07-08,Yes,Yes,Linux,Firefox,Debit Card,English,Evening,8,Individual,william.taylor603@icloud.com,,0
14125,David Miller,david.miller934@icloud.com,Billing System,Refund Request,I am unable to access my account after entering the correct credentials.,Bug logged internally and workaround shared with the customer.,Low,In Progress,Email,North America,39,Other,Basic,2,4,1,64.82,202.19,2023-01-28,2023-02-08,Yes,Yes,Android,Firefox,PayPal,German,Morning,8,Individual,david.miller934@icloud.com,,0
161170,Sarah Hernandez,sarah.hernandez23@company.com,API Service,Login Issue,My subscription was cancelled without my request and I need clarification.,The duplicate charge was reversed and refund processed within 3-5 business days.,Low,Pending Customer,Web Form,Europe,63,Female,Free,16,5,4,45.87,218.88,2022-10-15,2022-10-19,No,Yes,MacOS,Firefox,PayPal,English,Night,8,Small Business,sarah.hernandez23@company.com,2022-04-21,0
114317,James Gonzalez,james.gonzalez732@company.com,Mobile App,Bug Report,I am experiencing very slow performance while using the dashboard.,The duplicate charge was reversed and refund processed within 3-5 business days.,Medium,Resolved,Chat,North America,75,Male,Premium,58,16,4,1.48,41.59,2023-02-26,2023-03-04,Yes,Yes,Android,Firefox,PayPal,Spanish,Morning,4,Corporate,james.gonzalez732@company.com,,0
144986,Barbara Martin,barbara.martin843@outlook.com,Analytics Dashboard,Payment Problem,I would like to request a refund for the recent charge.,Security settings updated and customer notified of precautionary measures.,Low,Closed,Social Media,North America,52,Female,Basic,40,9,1,37.77,237.26,2024-11-23,2024-11-25,Yes,Yes,Android,Edge,PayPal,Spanish,Afternoon,1,Small Business,barbara.martin843@outlook.com,,0
161146,David Gonzalez,david.gonzalez752@icloud.com,E-commerce Store,Subscription Cancellation,I would like to request a refund for the recent charge.,The duplicate charge was reversed and refund processed within 3-5 business days.,Low,In Progress,Chat,Africa,41,Female,Premium,18,1,5,64.42,162.94,2024-10-13,2024-10-25,Yes,No,Windows,Firefox,Debit Card,Spanish,Morning,8,Small Business,david.gonzalez752@icloud.com,2023-04-17,0
189852,Mary Gonzalez,mary.gonzalez686@company.com,Billing System,Subscription Cancellation,The system is not syncing data across devices properly.,The issue was escalated to engineering and resolved in the latest patch.,High,In Progress,Web Form,North America,31,Female,Free,29,5,1,71.72,105.11,2022-08-11,2022-08-12,No,Yes,Windows,Edge,Bank Transfer,Chinese,Evening,9,Corporate,mary.gonzalez686@company.com,,0
23198,Sarah Lopez,sarah.lopez461@yahoo.com,Subscription Service,Account Suspension,The payment was deducted from my bank account but the transaction shows failed.,Payment gateway timeout issue fixed and monitoring implemented.,High,Resolved,Web Form,Australia,38,Female,Premium,3,0,1,17.04,36.53,2024-04-03,2024-04-15,Yes,Yes,Linux,Chrome,PayPal,French,Afternoon,4,Small Business,sarah.lopez461@yahoo.com,,0
42804,Jennifer Martinez,jennifer.martinez264@yahoo.com,Mobile App,Refund Request,I am experiencing very slow performance while using the dashboard.,The issue was escalated to engineering and resolved in the latest patch.,High,In Progress,Phone,Australia,62,Female,Free,29,14,2,16.12,189.77,2022-08-09,2022-08-12,No,No,MacOS,Chrome,Credit Card,Japanese,Evening,3,Small Business,jennifer.martinez264@yahoo.com,,0
40516,Patricia Smith,patricia.smith909@company.com,Cloud Storage,Bug Report,The system is not syncing data across devices properly.,We have reset the account credentials and advised the customer to retry login.,Urgent,Resolved,Chat,Europe,60,Male,Premium,11,0,5,32.33,202.96,2024-07-02,2024-07-05,No,No,Windows,Safari,Credit Card,German,Afternoon,6,Individual,patricia.smith909@company.com,,0
177289,Mary Rodriguez,mary.rodriguez771@yahoo.com,Analytics Dashboard,Feature Request,The payment was deducted from my bank account but the transaction shows failed.,The issue was escalated to engineering and resolved in the latest patch.,Low,In Progress,Chat,Asia,22,Female,Enterprise,46,18,4,25.71,79.03,2023-01-05,2023-01-11,Yes,No,iOS,Firefox,Crypto,English,Morning,5,Corporate,mary.rodriguez771@yahoo.com,,0
169389,David Miller,david.miller659@gmail.com,Analytics Dashboard,Bug Report,I found a bug in the latest update affecting report generation.,We have reset the account credentials and advised the customer to retry login.,High,Pending Customer,Chat,Europe,43,Female,Basic,43,14,4,42.91,27.17,2024-11-12,2024-11-12,Yes,No,MacOS,Unknown,Debit Card,German,Evening,3,Small Business,david.miller659@gmail.com,,0
127606,David Martin,david.martin969@icloud.com,Analytics Dashboard,Login Issue,My subscription was cancelled without my request and I need clarification.,Provided step-by-step troubleshooting instructions and issue resolved.,Urgent,In Progress,Web Form,Asia,33,Other,Free,50,16,2,20.44,124.42,2023-10-14,2023-10-26,No,Yes,iOS,Edge,Bank Transfer,Chinese,Morning,2,Corporate,david.martin969@icloud.com,,0
65896,Thomas Davis,thomas.davis23@icloud.com,Billing System,Payment Problem,The system is not syncing data across devices properly.,The duplicate charge was reversed and refund processed within 3-5 business days.,Low,Resolved,Phone,Europe,38,Other,Free,19,17,4,19.9,142.49,2023-11-09,2023-11-20,No,No,Windows,Firefox,PayPal,English,Morning,7,Corporate,thomas.davis23@icloud.com,,0
74654,Thomas Anderson,thomas.anderson611@yahoo.com,E-commerce Store,Data Sync Issue,The payment was deducted from my bank account but the transaction shows failed.,Subscription status corrected and confirmation email sent to customer.,Low,Open,Email,Asia,56,Other,Free,21,7,1,14.61,59.5,2023-12-13,2023-12-25,No,No,MacOS,Edge,PayPal,French,Evening,3,Small Business,thomas.anderson611@yahoo.com,,0
68707,Jessica Johnson,jessica.johnson151@hotmail.com,E-commerce Store,Login Issue,I am unable to access my account after entering the correct credentials.,Data synchronization restored after backend service restart.,Medium,Resolved,Email,Asia,67,Female,Enterprise,11,20,2,24.25,82.56,2024-09-29,2024-09-29,No,No,Linux,Edge,Crypto,Chinese,Morning,6,Small Business,jessica.johnson151@hotmail.com,,0
112780,William Gonzalez,william.gonzalez192@icloud.com,Cloud Storage,Refund Request,The system is not syncing data across devices properly.,Provided step-by-step troubleshooting instructions and issue resolved.,Low,Pending Customer,Phone,Asia,45,Other,Free,16,10,2,3.33,1.73,2024-06-20,2024-06-30,No,Yes,Windows,Firefox,Crypto,Chinese,Morning,2,Individual,william.gonzalez192@icloud.com,,0
172988,David Hernandez,david.hernandez305@icloud.com,API Service,Performance Issue,Two-factor authentication codes are not being delivered to my phone.,Bug logged internally and workaround shared with the customer.,Medium,In Progress,Phone,Europe,50,Female,Premium,35,1,2,6.61,208.56,2024-01-22,2024-01-27,No,Yes,Windows,Firefox,PayPal,English,Afternoon,6,Corporate,david.hernandez305@icloud.com,,0
155718,Mary Wilson,mary.wilson631@icloud.com,Web Portal,Subscription Cancellation,I am unable to access my account after entering the correct credentials.,Data synchronization restored after backend service restart.,Urgent,Open,Email,North America,40,Male,Enterprise,16,10,1,59.86,42.75,2024-11-03,2024-11-11,Yes,Yes,Linux,Chrome,Bank Transfer,Japanese,Night,7,Individual,mary.wilson631@icloud.com,,0
58082,Jennifer Rodriguez,jennifer.rodriguez714@yahoo.com,Mobile App,Data Sync Issue,There seems to be a discrepancy in my billing statement for this month.,Data synchronization restored after backend service restart.,Low,Pending Customer,Phone,North America,53,Other,Basic,7,3,5,52.88,66.12,2024-02-14,2024-02-28,Yes,Yes,Windows,Edge,PayPal,Spanish,Night,4,Individual,jennifer.rodriguez714@yahoo.com,,0
167734,Joseph Wilson,joseph.wilson155@outlook.com,API Service,Performance Issue,My subscription was cancelled without my request and I need clarification.,Explained billing breakdown and clarified applicable charges.,High,Open,Chat,North America,67,Female,Enterprise,26,13,1,25.12,173.04,2022-11-02,2022-11-03,No,Yes,Linux,Chrome,Bank Transfer,English,Night,10,Small Business,joseph.wilson155@outlook.com,,0
140219,Barbara Jackson,barbara.jackson996@company.com,Web Portal,Security Concern,My subscription was cancelled without my request and I need clarification.,Provided step-by-step troubleshooting instructions and issue resolved.,Low,In Progress,Social Media,Europe,48,Female,Enterprise,58,6,5,32.83,73.7,2023-12-31,2024-01-13,Yes,No,Android,Safari,Credit Card,Spanish,Night,2,Corporate,barbara.jackson996@company.com,,0
21190,Thomas Garcia,thomas.garcia983@outlook.com,Mobile App,Data Sync Issue,My subscription was cancelled without my request and I need clarification.,Subscription status corrected and confirmation email sent to customer.,Low,Pending Customer,Web Form,Asia,33,Male,Premium,48,2,3,37.33,148.22,2022-01-21,2022-01-28,Yes,Yes,Android,Firefox,Bank Transfer,English,Morning,1,Small Business,thomas.garcia983@outlook.com,,0
40523,Karen Hernandez,karen.hernandez529@gmail.com,Analytics Dashboard,Payment Problem,Two-factor authentication codes are not being delivered to my phone.,Payment gateway timeout issue fixed and monitoring implemented.,Urgent,Closed,Social Media,North America,63,Female,Enterprise,46,9,2,70.17,7.34,2023-03-18,2023-03-26,No,No,Linux,Unknown,Bank Transfer,Japanese,Night,3,Corporate,karen.hernandez529@gmail.com,,0
164840,Mary Miller,mary.miller845@company.com,E-commerce Store,Data Sync Issue,I am experiencing very slow performance while using the dashboard.,Subscription status corrected and confirmation email sent to customer.,Medium,Closed,Phone,Europe,60,Female,Basic,29,2,3,58.75,98.57,2022-10-10,2022-10-23,No,Yes,Windows,Chrome,Debit Card,German,Evening,2,Corporate,mary.miller845@company.com,,0
162532,John Brown,john.brown213@icloud.com,Analytics Dashboard,Refund Request,The system is not syncing data across devices properly.,We have reset the account credentials and advised the customer to retry login.,Medium,In Progress,Phone,South America,62,Female,Premium,49,20,2,57.38,202.09,2024-11-15,2024-11-24,No,No,Linux,Unknown,PayPal,English,Afternoon,8,Corporate,john.brown213@icloud.com,,0
100950,James Thomas,james.thomas340@outlook.com,Payment Gateway,Security Concern,The payment was deducted from my bank account but the transaction shows failed.,Data synchronization restored after backend service restart.,Medium,Closed,Web Form,Australia,33,Female,Free,44,18,4,15.22,10.92,2024-06-11,2024-06-22,Yes,No,Android,Firefox,PayPal,German,Morning,8,Individual,james.thomas340@outlook.com,,0
195422,Susan Moore,susan.moore298@hotmail.com,Payment Gateway,Login Issue,There seems to be a discrepancy in my billing statement for this month.,Explained billing breakdown and clarified applicable charges.,High,Closed,Email,Europe,43,Female,Enterprise,13,14,3,27.88,38.16,2024-09-03,2024-09-11,Yes,Yes,Android,Unknown,Debit Card,Japanese,Morning,5,Small Business,susan.moore298@hotmail.com,,0
182262,Karen Hernandez,karen.hernandez117@gmail.com,Billing System,Feature Request,My subscription was cancelled without my request and I need clarification.,The duplicate charge was reversed and refund processed within 3-5 business days.,High,Pending Customer,Web Form,Asia,47,Other,Basic,17,8,3,38.44,152.0,2024-02-07,2024-02-12,Yes,Yes,Android,Unknown,Bank Transfer,Spanish,Morning,2,Corporate,karen.hernandez117@gmail.com,,0
40543,Jessica Anderson,jessica.anderson776@company.com,Web Portal,Account Suspension,I am experiencing very slow performance while using the dashboard.,We have reset the account credentials and advised the customer to retry login.,High,Open,Chat,Africa,27,Other,Premium,52,14,5,45.96,150.58,2024-05-28,2024-06-05,No,Yes,MacOS,Edge,Credit Card,French,Evening,9,Corporate,jessica.anderson776@company.com,,0
78956,James Martinez,james.martinez715@company.com,Subscription Service,Subscription Cancellation,I am experiencing very slow performance while using the dashboard.,The duplicate charge was reversed and refund processed within 3-5 business days.,Urgent,In Progress,Social Media,South America,65,Male,Enterprise,3,12,5,52.5,203.21,2024-05-07,2024-05-14,No,Yes,Android,Unknown,Bank Transfer,German,Night,8,Individual,james.martinez715@company.com,,0
124958,Sarah Miller,sarah.miller978@hotmail.com,Subscription Service,Performance Issue,The application crashes whenever I try to upload a file.,Provided step-by-step troubleshooting instructions and issue resolved.,Urgent,In Progress,Chat,Africa,36,Male,Free,57,6,4,22.36,50.58,2022-03-28,2022-03-29,Yes,Yes,Android,Edge,Debit Card,Chinese,Afternoon,8,Individual,sarah.miller978@hotmail.com,,0
97925,David Taylor,david.taylor395@gmail.com,Billing System,Data Sync Issue,Two-factor authentication codes are not being delivered to my phone.,The duplicate charge was reversed and refund processed within 3-5 business days.,Medium,Closed,Social Media,Asia,24,Male,Enterprise,18,20,5,9.9,153.36,2024-09-18,2024-10-02,No,No,Android,Unknown,PayPal,German,Afternoon,4,Corporate,david.taylor395@gmail.com,,0
99679,Mary Davis,mary.davis997@company.com,E-commerce Store,Refund Request,I am experiencing very slow performance while using the dashboard.,Subscription status corrected and confirmation email sent to customer.,Urgent,In Progress,Email,South America,50,Female,Basic,42,11,2,19.74,222.62,2024-12-14,2024-12-19,No,Yes,iOS,Safari,Crypto,French,Morning,9,Corporate,mary.davis997@company.com,2024-06-09,0
194926,Michael Jones,michael.jones740@gmail.com,Cloud Storage,Subscription Cancellation,The application crashes whenever I try to upload a file.,Explained billing breakdown and clarified applicable charges.,Urgent,Open,Social Media,North America,20,Other,Basic,47,4,4,50.04,39.37,2024-08-29,2024-08-29,Yes,No,Linux,Chrome,Debit Card,Chinese,Morning,8,Individual,michael.jones740@gmail.com,,0
128757,Thomas Miller,thomas.miller56@hotmail.com,CRM Platform,Payment Problem,Two-factor authentication codes are not being delivered to my phone.,The issue was escalated to engineering and resolved in the latest patch.,High,Closed,Social Media,North America,36,Female,Free,16,9,1,62.98,120.77,2023-05-17,2023-05-25,No,No,Windows,Edge,Crypto,English,Evening,10,Small Business,thomas.miller56@hotmail.com,,0
168390,John Brown,john.brown122@icloud.com,Subscription Service,Feature Request,There seems to be a discrepancy in my billing statement for this month.,The issue was escalated to engineering and resolved in the latest patch.,High,Closed,Email,Africa,41,Female,Premium,41,11,1,19.54,113.73,2022-09-05,2022-09-08,No,No,iOS,Chrome,Bank Transfer,Japanese,Afternoon,10,Corporate,john.brown122@icloud.com,,0
74806,Linda Anderson,linda.anderson995@outlook.com,Payment Gateway,Data Sync Issue,Two-factor authentication codes are not being delivered to my phone.,The duplicate charge was reversed and refund processed within 3-5 business days.,Urgent,Closed,Chat,Europe,74,Male,Basic,8,14,5,2.59,52.01,2024-08-27,2024-08-29,No,No,MacOS,Safari,Credit Card,German,Afternoon,9,Corporate,linda.anderson995@outlook.com,,0
55799,Sarah Hernandez,sarah.hernandez607@yahoo.com,E-commerce Store,Payment Problem,I found a bug in the latest update affecting report generation.,The duplicate charge was reversed and refund processed within 3-5 business days.,Urgent,Open,Social Media,Europe,42,Male,Free,60,7,4,65.97,107.06,2024-03-21,2024-03-27,No,Yes,iOS,Edge,Debit Card,Chinese,Afternoon,3,Small Business,sarah.hernandez607@yahoo.com,,0
186610,Barbara Johnson,barbara.johnson376@outlook.com,Web Portal,Performance Issue,I am unable to access my account after entering the correct credentials.,Payment gateway timeout issue fixed and monitoring implemented.,Low,Pending Customer,Social Media,Australia,69,Male,Basic,11,13,5,70.96,44.95,2023-03-31,2023-04-11,Yes,Yes,Linux,Chrome,Bank Transfer,Chinese,Morning,9,Individual,barbara.johnson376@outlook.com,,0
197567,Robert Gonzalez,robert.gonzalez824@outlook.com,Billing System,Performance Issue,I found a bug in the latest update affecting report generation.,Payment gateway timeout issue fixed and monitoring implemented.,High,Pending Customer,Chat,Africa,63,Female,Basic,13,10,4,16.48,68.28,2024-07-18,2024-07-30,Yes,Yes,Windows,Edge,Crypto,Chinese,Night,3,Small Business,robert.gonzalez824@outlook.com,,0
31899,Richard Jackson,richard.jackson549@company.com,E-commerce Store,Feature Request,Two-factor authentication codes are not being delivered to my phone.,Data synchronization restored after backend service restart.,Medium,Closed,Chat,Africa,37,Female,Basic,14,3,4,3.24,113.95,2022-06-09,2022-06-17,Yes,No,Android,Unknown,Credit Card,Spanish,Night,6,Small Business,richard.jackson549@company.com,,0
8611,Susan Jackson,susan.jackson497@hotmail.com,E-commerce Store,Performance Issue,The application crashes whenever I try to upload a file.,Explained billing breakdown and clarified applicable charges.,High,Pending Customer,Chat,South America,66,Other,Enterprise,50,13,3,10.11,164.25,2022-03-10,2022-03-20,No,No,MacOS,Unknown,Bank Transfer,English,Evening,2,Small Business,susan.jackson497@hotmail.com,,0
139835,Elizabeth Johnson,elizabeth.johnson871@hotmail.com,Subscription Service,Account Suspension,There seems to be a discrepancy in my billing statement for this month.,Payment gateway timeout issue fixed and monitoring implemented.,Urgent,Closed,Web Form,Australia,39,Female,Basic,37,17,1,11.05,234.61,2022-11-10,2022-11-14,No,Yes,Android,Safari,Debit Card,Japanese,Evening,9,Individual,elizabeth.johnson871@hotmail.com,,0
17737,Karen Miller,karen.miller198@icloud.com,E-commerce Store,Security Concern,There seems to be a discrepancy in my billing statement for this month.,Payment gateway timeout issue fixed and monitoring implemented.,High,In Progress,Phone,North America,69,Female,Basic,50,14,1,50.57,178.64,2024-12-05,2024-12-05,No,No,Linux,Safari,Bank Transfer,Spanish,Afternoon,6,Individual,karen.miller198@icloud.com,,0
52543,Barbara Martin,barbara.martin809@hotmail.com,E-commerce Store,Feature Request,The application crashes whenever I try to upload a file.,Explained billing breakdown and clarified applicable charges.,Medium,Pending Customer,Web Form,North America,73,Male,Premium,11,10,1,52.28,21.45,2022-09-16,2022-09-22,Yes,Yes,iOS,Firefox,PayPal,Chinese,Afternoon,3,Corporate,barbara.martin809@hotmail.com,,0
39364,Sarah Jackson,sarah.jackson480@company.com,Payment Gateway,Account Suspension,I am experiencing very slow performance while using the dashboard.,Subscription status corrected and confirmation email sent to customer.,Medium,Resolved,Social Media,South America,53,Female,Enterprise,57,0,2,36.01,39.91,2024-07-17,2024-07-27,No,Yes,Windows,Edge,Debit Card,French,Night,8,Small Business,sarah.jackson480@company.com,,0
175010,Barbara Martin,barbara.martin295@gmail.com,Mobile App,Subscription Cancellation,I am unable to access my account after entering the correct credentials.,Provided step-by-step troubleshooting instructions and issue resolved.,Urgent,Open,Social Media,South America,21,Male,Basic,35,9,3,49.46,109.58,2022-08-05,2022-08-07,Yes,No,MacOS,Firefox,Debit Card,Spanish,Evening,9,Corporate,barbara.martin295@gmail.com,,0
168981,Jennifer Miller,jennifer.miller938@icloud.com,E-commerce Store,Subscription Cancellation,The system is not syncing data across devices properly.,Provided step-by-step troubleshooting instructions and issue resolved.,Urgent,In Progress,Chat,Africa,63,Female,Free,31,16,1,28.54,188.96,2024-08-06,2024-08-12,Yes,No,Android,Chrome,Credit Card,Chinese,Evening,3,Corporate,jennifer.miller938@icloud.com,,0
84057,Susan Brown,susan.brown726@hotmail.com,CRM Platform,Bug Report,The payment was deducted from my bank account but the transaction shows failed.,Bug logged internally and workaround shared with the customer.,Low,Closed,Web Form,North America,26,Other,Premium,22,9,3,1.72,22.54,2022-05-15,2022-05-25,Yes,Yes,Linux,Edge,Credit Card,German,Night,5,Corporate,susan.brown726@hotmail.com,,0
51281,Jessica Thomas,jessica.thomas583@outlook.com,API Service,Account Suspension,The system is not syncing data across devices properly.,Explained billing breakdown and clarified applicable charges.,Medium,Open,Email,North America,43,Male,Enterprise,45,7,1,68.14,129.23,2022-09-12,2022-09-21,No,No,Android,Chrome,Crypto,Japanese,Evening,6,Individual,jessica.thomas583@outlook.com,2022-03-11,0
175623,Linda Thomas,linda.thomas447@outlook.com,Mobile App,Subscription Cancellation,The application crashes whenever I try to upload a file.,Security settings updated and customer notified of precautionary measures.,High,Resolved,Phone,Europe,23,Male,Enterprise,5,10,2,9.1,17.34,2024-08-23,2024-09-01,Yes,Yes,Windows,Edge,Credit Card,English,Evening,10,Individual,linda.thomas447@outlook.com,,0
140720,Elizabeth Davis,elizabeth.davis553@hotmail.com,API Service,Refund Request,I am experiencing very slow performance while using the dashboard.,The duplicate charge was reversed and refund processed within 3-5 business days.,High,Closed,Email,Australia,69,Other,Free,20,0,4,28.89,161.48,2024-06-22,2024-06-30,Yes,Yes,Linux,Safari,Debit Card,Japanese,Morning,10,Corporate,elizabeth.davis553@hotmail.com,2023-09-25,0
58425,Joseph Jones,joseph.jones316@icloud.com,Mobile App,Refund Request,I found a bug in the latest update affecting report generation.,Payment gateway timeout issue fixed and monitoring implemented.,Medium,In Progress,Chat,South America,36,Male,Enterprise,28,19,5,55.75,161.97,2023-02-26,2023-02-26,Yes,Yes,MacOS,Safari,Bank Transfer,Japanese,Evening,2,Individual,joseph.jones316@icloud.com,,0
65044,Richard Martinez,richard.martinez38@gmail.com,API Service,Data Sync Issue,The payment was deducted from my bank account but the transaction shows failed.,The duplicate charge was reversed and refund processed within 3-5 business days.,Medium,Resolved,Chat,Africa,74,Other,Free,49,0,4,52.14,148.03,2022-10-01,2022-10-07,No,Yes,Windows,Unknown,Debit Card,English,Afternoon,9,Small Business,richard.martinez38@gmail.com,,0
119987,Mary Lopez,mary.lopez682@company.com,Billing System,Account Suspension,The application crashes whenever I try to upload a file.,We have reset the account credentials and advised the customer to retry login.,High,Open,Chat,Australia,44,Male,Basic,15,16,5,58.75,180.87,2023-01-11,2023-01-14,Yes,No,Android,Unknown,Bank Transfer,Japanese,Afternoon,8,Individual,mary.lopez682@company.com,,0
81468,Joseph Gonzalez,joseph.gonzalez198@company.com,Analytics Dashboard,Performance Issue,I am unable to access my account after entering the correct credentials.,The issue was escalated to engineering and resolved in the latest patch.,Medium,Open,Email,South America,30,Male,Enterprise,11,6,2,63.52,59.76,2023-11-02,2023-11-11,Yes,No,Windows,Edge,Credit Card,Spanish,Night,7,Small Business,joseph.gonzalez198@company.com,,0
82216,Elizabeth Miller,elizabeth.miller106@company.com,Payment Gateway,Bug Report,The system is not syncing data across devices properly.,Bug logged internally and workaround shared with the customer.,Low,Resolved,Web Form,North America,43,Male,Enterprise,35,19,5,28.17,46.42,2024-01-18,2024-01-31,No,Yes,iOS,Edge,PayPal,German,Morning,10,Individual,elizabeth.miller106@company.com,,0
146221,Barbara Taylor,barbara.taylor68@outlook.com,Payment Gateway,Data Sync Issue,My subscription was cancelled without my request and I need clarification.,Subscription status corrected and confirmation email sent to customer.,Medium,Resolved,Email,Africa,23,Other,Premium,23,13,2,66.86,63.37,2022-11-04,2022-11-08,Yes,No,iOS,Unknown,Crypto,German,Morning,3,Individual,barbara.taylor68@outlook.com,,0
61670,Barbara Martin,barbara.martin670@yahoo.com,Subscription Service,Performance Issue,Two-factor authentication codes are not being delivered to my phone.,The issue was escalated to engineering and resolved in the latest patch.,Low,Pending Customer,Social Media,Europe,73,Male,Basic,54,12,1,52.94,134.41,2022-07-03,2022-07-14,Yes,Yes,MacOS,Chrome,Debit Card,Spanish,Night,1,Small Business,barbara.martin670@yahoo.com,,0
53795,Mary Hernandez,mary.hernandez833@icloud.com,E-commerce Store,Refund Request,Two-factor authentication codes are not being delivered to my phone.,Security settings updated and customer notified of precautionary measures.,Medium,Closed,Email,North America,24,Other,Basic,57,20,1,11.84,207.45,2024-05-05,2024-05-05,Yes,Yes,Android,Firefox,Credit Card,German,Night,4,Small Business,mary.hernandez833@icloud.com,,0
60001,William Jackson,william.jackson846@outlook.com,Analytics Dashboard,Feature Request,The application crashes whenever I try to upload a file.,The issue was escalated to engineering and resolved in the latest patch.,Medium,Open,Email,Asia,56,Male,Basic,21,2,3,34.03,117.73,2022-09-11,2022-09-11,Yes,No,MacOS,Firefox,Debit Card,English,Evening,6,Individual,william.jackson846@outlook.com,,0
82320,Michael Martinez,michael.martinez284@icloud.com,API Service,Payment Problem,My subscription was cancelled without my request and I need clarification.,Data synchronization restored after backend service restart.,Medium,Closed,Email,Europe,30,Female,Premium,53,18,5,10.38,210.73,2023-06-09,2023-06-22,No,Yes,MacOS,Unknown,Bank Transfer,Spanish,Afternoon,2,Individual,michael.martinez284@icloud.com,,0
56069,Richard Thomas,richard.thomas571@icloud.com,Payment Gateway,Data Sync Issue,I am unable to access my account after entering the correct credentials.,Payment gateway timeout issue fixed and monitoring implemented.,Low,Resolved,Chat,South America,28,Female,Enterprise,20,10,3,16.26,80.62,2024-02-05,2024-02-13,Yes,No,Linux,Edge,PayPal,English,Night,1,Corporate,richard.thomas571@icloud.com,,0
20241,Joseph Brown,joseph.brown487@yahoo.com,Mobile App,Security Concern,I would like to request a refund for the recent charge.,Explained billing breakdown and clarified applicable charges.,Medium,Closed,Chat,South America,74,Female,Basic,39,11,4,3.99,148.6,2022-07-24,2022-07-30,Yes,No,Linux,Chrome,PayPal,German,Morning,5,Corporate,joseph.brown487@yahoo.com,,0
27312,Robert Smith,robert.smith93@gmail.com,API Service,Bug Report,I am unable to access my account after entering the correct credentials.,The issue was escalated to engineering and resolved in the latest patch.,High,Pending Customer,Email,Asia,27,Male,Basic,33,6,4,48.44,183.93,2022-02-19,2022-03-04,Yes,Yes,Windows,Edge,Debit Card,English,Afternoon,4,Individual,robert.smith93@gmail.com,,0
196201,Elizabeth Hernandez,elizabeth.hernandez734@gmail.com,API Service,Data Sync Issue,The payment was deducted from my bank account but the transaction shows failed.,Data synchronization restored after backend service restart.,Urgent,In Progress,Email,Africa,55,Male,Premium,9,8,2,70.92,44.45,2024-02-24,2024-03-07,Yes,Yes,iOS,Unknown,Bank Transfer,Japanese,Evening,6,Small Business,elizabeth.hernandez734@gmail.com,,0
71054,Elizabeth Smith,elizabeth.smith193@hotmail.com,Cloud Storage,Subscription Cancellation,My subscription was cancelled without my request and I need clarification.,Data synchronization restored after backend service restart.,Medium,Closed,Social Media,Australia,73,Male,Enterprise,27,17,1,29.97,91.92,2023-10-11,2023-10-19,No,Yes,Android,Chrome,Credit Card,English,Night,6,Small Business,elizabeth.smith193@hotmail.com,,0
89432,Karen Brown,karen.brown832@gmail.com,Web Portal,Bug Report,Two-factor authentication codes are not being delivered to my phone.,Security settings updated and customer notified of precautionary measures.,Urgent,Closed,Chat,South America,19,Female,Enterprise,30,6,2,52.21,26.01,2024-07-23,2024-07-30,Yes,No,Windows,Unknown,Bank Transfer,German,Afternoon,7,Corporate,karen.brown832@gmail.com,,0
32607,Robert Gonzalez,robert.gonzalez575@hotmail.com,E-commerce Store,Subscription Cancellation,The payment was deducted from my bank account but the transaction shows failed.,Security settings updated and customer notified of precautionary measures.,Urgent,Open,Social Media,Africa,74,Male,Free,9,11,5,55.08,149.52,2024-12-21,2024-12-27,Yes,No,MacOS,Chrome,Credit Card,Chinese,Night,10,Small Business,robert.gonzalez575@hotmail.com,,0
184904,Susan Moore,susan.moore88@gmail.com,Subscription Service,Data Sync Issue,The payment was deducted from my bank account but the transaction shows failed.,Payment gateway timeout issue fixed and monitoring implemented.,Medium,In Progress,Web Form,Africa,22,Female,Basic,21,2,1,47.59,93.32,2022-01-25,2022-02-06,Yes,Yes,iOS,Unknown,Credit Card,French,Afternoon,3,Corporate,susan.moore88@gmail.com,,0
199853,Patricia Davis,patricia.davis663@gmail.com,Billing System,Performance Issue,I found a bug in the latest update affecting report generation.,Subscription status corrected and confirmation email sent to customer.,Low,Resolved,Email,Africa,42,Male,Free,40,6,5,24.91,159.7,2024-12-03,2024-12-13,No,No,MacOS,Chrome,Credit Card,German,Morning,4,Small Business,patricia.davis663@gmail.com,,0
173294,Elizabeth Taylor,elizabeth.taylor78@icloud.com,Web Portal,Account Suspension,I am unable to access my account after entering the correct credentials.,The issue was escalated to engineering and resolved in the latest patch.,Low,Resolved,Phone,South America,39,Male,Premium,13,12,5,11.47,91.72,2022-06-20,2022-06-28,No,No,iOS,Edge,Bank Transfer,Japanese,Afternoon,2,Individual,elizabeth.taylor78@icloud.com,,0
152900,Joseph Martin,joseph.martin778@company.com,Payment Gateway,Login Issue,The application crashes whenever I try to upload a file.,We have reset the account credentials and advised the customer to retry login.,High,In Progress,Web Form,Australia,40,Female,Enterprise,7,5,2,48.33,27.69,2022-11-04,2022-11-07,No,Yes,Windows,Chrome,Credit Card,German,Evening,7,Small Business,joseph.martin778@company.com,,0
153524,Sarah Jones,sarah.jones253@yahoo.com,Subscription Service,Login Issue,There seems to be a discrepancy in my billing statement for this month.,The duplicate charge was reversed and refund processed within 3-5 business days.,Low,Resolved,Social Media,South America,55,Female,Enterprise,53,15,4,51.17,167.02,2022-04-01,2022-04-02,Yes,Yes,MacOS,Edge,Credit Card,French,Evening,10,Individual,sarah.jones253@yahoo.com,,0
88411,James Anderson,james.anderson744@yahoo.com,Subscription Service,Account Suspension,The application crashes whenever I try to upload a file.,Subscription status corrected and confirmation email sent to customer.,Urgent,Closed,Email,South America,72,Male,Basic,13,18,2,51.85,25.49,2024-09-16,2024-09-20,No,No,MacOS,Chrome,Bank Transfer,German,Night,10,Corporate,james.anderson744@yahoo.com,,0
20103,Charles Brown,charles.brown656@hotmail.com,Billing System,Security Concern,I am experiencing very slow performance while using the dashboard.,The duplicate charge was reversed and refund processed within 3-5 business days.,High,Closed,Chat,South America,20,Male,Enterprise,3,15,5,66.91,192.23,2024-08-08,2024-08-19,No,Yes,Windows,Edge,PayPal,Spanish,Morning,2,Corporate,charles.brown656@hotmail.com,,0
31907,Susan Williams,susan.williams380@icloud.com,E-commerce Store,Payment Problem,My subscription was cancelled without my request and I need clarification.,Bug logged internally and workaround shared with the customer.,Low,Pending Customer,Email,North America,18,Male,Basic,37,19,4,15.78,11.58,2022-04-08,2022-04-20,No,No,MacOS,Safari,Crypto,Spanish,Morning,2,Individual,susan.williams380@icloud.com,,0
86314,Susan Martin,susan.martin270@gmail.com,Cloud Storage,Subscription Cancellation,I found a bug in the latest update affecting report generation.,Payment gateway timeout issue fixed and monitoring implemented.,Low,Open,Email,Africa,52,Other,Premium,39,2,5,46.7,133.49,2023-11-20,2023-11-29,Yes,No,iOS,Firefox,Debit Card,German,Night,1,Corporate,susan.martin270@gmail.com,,0
107792,John Johnson,john.johnson390@outlook.com,Analytics Dashboard,Account Suspension,The system is not syncing data across devices properly.,Provided step-by-step troubleshooting instructions and issue resolved.,Urgent,Resolved,Chat,Asia,60,Female,Basic,50,20,4,38.16,208.95,2023-02-04,2023-02-15,Yes,Yes,MacOS,Unknown,Debit Card,Spanish,Morning,4,Corporate,john.johnson390@outlook.com,,0
194404,Joseph Miller,joseph.miller578@yahoo.com,Web Portal,Payment Problem,There seems to be a discrepancy in my billing statement for this month.,Payment gateway timeout issue fixed and monitoring implemented.,Low,Pending Customer,Phone,Asia,27,Other,Free,12,7,2,71.95,6.59,2023-11-12,2023-11-12,Yes,Yes,Android,Chrome,Bank Transfer,Spanish,Evening,9,Small Business,joseph.miller578@yahoo.com,,0
76326,Michael Taylor,michael.taylor751@outlook.com,Cloud Storage,Data Sync Issue,The payment was deducted from my bank account but the transaction shows failed.,Data synchronization restored after backend service restart.,Low,In Progress,Social Media,South America,48,Other,Free,37,5,5,56.46,184.62,2024-05-05,2024-05-06,Yes,No,Linux,Edge,Debit Card,Japanese,Afternoon,8,Individual,michael.taylor751@outlook.com,,0
84715,Joseph Garcia,joseph.garcia344@hotmail.com,Subscription Service,Feature Request,I am experiencing very slow performance while using the dashboard.,Provided step-by-step troubleshooting instructions and issue resolved.,Low,Closed,Phone,Africa,38,Other,Basic,2,18,1,7.15,187.03,2024-12-18,2024-12-20,Yes,No,Linux,Edge,Crypto,Chinese,Night,3,Small Business,joseph.garcia344@hotmail.com,,0
97369,Joseph Smith,joseph.smith928@icloud.com,Mobile App,Performance Issue,The application crashes whenever I try to upload a file.,The issue was escalated to engineering and resolved in the latest patch.,Urgent,Pending Customer,Chat,Asia,60,Other,Basic,38,15,2,47.72,167.84,2024-01-27,2024-02-03,Yes,Yes,Android,Firefox,Crypto,Chinese,Morning,10,Corporate,joseph.smith928@icloud.com,,0
27528,Thomas Lopez,thomas.lopez913@yahoo.com,Subscription Service,Payment Problem,The application crashes whenever I try to upload a file.,Subscription status corrected and confirmation email sent to customer.,Urgent,In Progress,Chat,Africa,37,Other,Premium,3,4,2,15.06,48.98,2022-11-10,2022-11-23,No,Yes,Windows,Safari,PayPal,Japanese,Morning,10,Individual,thomas.lopez913@yahoo.com,,0
196850,James Miller,james.miller37@gmail.com,Payment Gateway,Payment Problem,The system is not syncing data across devices properly.,Explained billing breakdown and clarified applicable charges.,High,Closed,Chat,Australia,32,Male,Free,33,11,1,68.7,3.14,2024-06-30,2024-07-11,Yes,Yes,iOS,Chrome,PayPal,French,Morning,5,Corporate,james.miller37@gmail.com,,0
2309,Barbara Wilson,barbara.wilson878@yahoo.com,Subscription Service,Refund Request,I am unable to access my account after entering the correct credentials.,The issue was escalated to engineering and resolved in the latest patch.,High,In Progress,Email,South America,58,Other,Basic,57,3,1,61.5,42.66,2023-04-17,2023-04-23,Yes,Yes,Windows,Safari,Credit Card,English,Afternoon,8,Individual,barbara.wilson878@yahoo.com,,0
133530,Thomas Wilson,thomas.wilson781@outlook.com,Payment Gateway,Performance Issue,Two-factor authentication codes are not being delivered to my phone.,Subscription status corrected and confirmation email sent to customer.,Urgent,Pending Customer,Email,North America,50,Female,Free,11,8,4,45.11,31.32,2024-01-23,2024-02-04,No,Yes,iOS,Safari,Crypto,English,Evening,10,Individual,thomas.wilson781@outlook.com,,0
79682,Sarah Wilson,sarah.wilson387@gmail.com,Payment Gateway,Security Concern,The payment was deducted from my bank account but the transaction shows failed.,Security settings updated and customer notified of precautionary measures.,Medium,In Progress,Social Media,Australia,54,Female,Enterprise,34,1,3,51.22,5.37,2024-04-12,2024-04-25,Yes,Yes,Android,Firefox,PayPal,English,Morning,4,Individual,sarah.wilson387@gmail.com,,0
94661,David Taylor,david.taylor747@gmail.com,Mobile App,Refund Request,My subscription was cancelled without my request and I need clarification.,The issue was escalated to engineering and resolved in the latest patch.,Urgent,Resolved,Phone,Australia,39,Male,Basic,22,2,3,48.13,73.27,2023-10-19,2023-10-23,Yes,Yes,MacOS,Edge,Debit Card,French,Afternoon,5,Corporate,david.taylor747@gmail.com,,0
151402,William Brown,william.brown378@company.com,Web Portal,Payment Problem,The system is not syncing data across devices properly.,Payment gateway timeout issue fixed and monitoring implemented.,Urgent,In Progress,Phone,Asia,37,Other,Free,37,9,3,32.15,185.98,2024-06-26,2024-06-26,Yes,Yes,iOS,Safari,Debit Card,French,Afternoon,10,Small Business,william.brown378@company.com,,0
65932,Joseph Davis,joseph.davis96@icloud.com,Billing System,Feature Request,My subscription was cancelled without my request and I need clarification.,Data synchronization restored after backend service restart.,High,Open,Chat,Australia,18,Other,Free,20,17,2,57.5,145.61,2022-04-07,2022-04-15,No,No,iOS,Chrome,Debit Card,Chinese,Afternoon,3,Corporate,joseph.davis96@icloud.com,,0
46030,Robert Rodriguez,robert.rodriguez125@outlook.com,CRM Platform,Refund Request,The application crashes whenever I try to upload a file.,Subscription status corrected and confirmation email sent to customer.,Urgent,Pending Customer,Email,South America,56,Female,Enterprise,31,11,1,59.52,145.25,2022-12-31,2023-01-01,Yes,No,iOS,Firefox,Bank Transfer,French,Night,4,Individual,robert.rodriguez125@outlook.com,,0
66730,Barbara Gonzalez,barbara.gonzalez139@company.com,Cloud Storage,Refund Request,Two-factor authentication codes are not being delivered to my phone.,Explained billing breakdown and clarified applicable charges.,High,Open,Phone,Australia,32,Female,Free,49,6,4,36.93,135.85,2023-08-11,2023-08-23,Yes,Yes,iOS,Unknown,Bank Transfer,German,Night,2,Individual,barbara.gonzalez139@company.com,,0
76443,Charles Wilson,charles.wilson964@outlook.com,Billing System,Feature Request,The payment was deducted from my bank account but the transaction shows failed.,Bug logged internally and workaround shared with the customer.,Medium,Resolved,Phone,Australia,56,Male,Basic,57,10,1,9.74,202.7,2023-08-20,2023-08-23,Yes,No,Windows,Edge,Credit Card,Spanish,Morning,6,Corporate,charles.wilson964@outlook.com,,0
182404,Linda Anderson,linda.anderson439@yahoo.com,E-commerce Store,Subscription Cancellation,I found a bug in the latest update affecting report generation.,Data synchronization restored after backend service restart.,Low,Closed,Email,Africa,24,Other,Free,58,15,1,6.23,130.44,2024-09-22,2024-09-23,No,No,iOS,Firefox,Crypto,Japanese,Night,7,Corporate,linda.anderson439@yahoo.com,,0
194333,Robert Martinez,robert.martinez851@yahoo.com,Mobile App,Performance Issue,Two-factor authentication codes are not being delivered to my phone.,Bug logged internally and workaround shared with the customer.,Medium,In Progress,Web Form,Africa,56,Male,Basic,13,10,5,18.62,4.81,2023-05-14,2023-05-18,Yes,Yes,Linux,Firefox,Debit Card,French,Night,1,Small Business,robert.martinez851@yahoo.com,,0
134615,Sarah Thomas,sarah.thomas729@company.com,Cloud Storage,Refund Request,There seems to be a discrepancy in my billing statement for this month.,Payment gateway timeout issue fixed and monitoring implemented.,Urgent,Open,Email,North America,31,Male,Basic,13,20,3,17.95,183.66,2023-04-04,2023-04-09,No,No,Windows,Firefox,Crypto,English,Afternoon,7,Small Business,sarah.thomas729@company.com,,0
101591,Thomas Thomas,thomas.thomas904@icloud.com,E-commerce Store,Data Sync Issue,I would like to request a refund for the recent charge.,The duplicate charge was reversed and refund processed within 3-5 business days.,High,Resolved,Email,North America,25,Other,Basic,38,10,4,64.13,224.67,2022-01-16,2022-01-24,No,Yes,Android,Firefox,Crypto,English,Morning,4,Individual,thomas.thomas904@icloud.com,,0
31900,Sarah Moore,sarah.moore551@icloud.com,Mobile App,Refund Request,My subscription was cancelled without my request and I need clarification.,The duplicate charge was reversed and refund processed within 3-5 business days.,Medium,Pending Customer,Chat,North America,50,Male,Basic,51,14,2,44.3,224.43,2022-10-26,2022-11-06,Yes,No,Windows,Edge,Bank Transfer,Chinese,Afternoon,5,Corporate,sarah.moore551@icloud.com,,0
29307,Sarah Williams,sarah.williams647@yahoo.com,Analytics Dashboard,Refund Request,The system is not syncing data across devices properly.,The issue was escalated to engineering and resolved in the latest patch.,High,Pending Customer,Email,Australia,54,Female,Free,15,15,2,7.87,112.68,2022-04-07,2022-04-20,No,No,Android,Safari,Debit Card,Japanese,Morning,9,Small Business,sarah.williams647@yahoo.com,,0
12683,Linda Smith,linda.smith846@company.com,E-commerce Store,Performance Issue,I would like to request a refund for the recent charge.,We have reset the account credentials and advised the customer to retry login.,Low,Pending Customer,Phone,Africa,50,Female,Free,27,0,1,15.95,217.59,2022-01-18,2022-01-25,Yes,No,iOS,Chrome,Bank Transfer,Spanish,Morning,1,Individual,linda.smith846@company.com,,0
116665,Charles Thomas,charles.thomas733@yahoo.com,CRM Platform,Data Sync Issue,I would like to request a refund for the recent charge.,Bug logged internally and workaround shared with the customer.,Low,Open,Web Form,South America,69,Male,Premium,36,5,5,54.94,164.9,2024-04-17,2024-04-22,Yes,No,Android,Edge,Bank Transfer,Spanish,Evening,5,Corporate,charles.thomas733@yahoo.com,,0
83838,Robert Moore,robert.moore456@gmail.com,Subscription Service,Performance Issue,My subscription was cancelled without my request and I need clarification.,Bug logged internally and workaround shared with the customer.,Urgent,Open,Phone,Asia,47,Other,Enterprise,15,19,3,36.29,200.49,2023-06-24,2023-07-04,Yes,No,Linux,Edge,Credit Card,Chinese,Evening,1,Corporate,robert.moore456@gmail.com,,0
85578,Patricia Anderson,patricia.anderson431@icloud.com,Mobile App,Payment Problem,My subscription was cancelled without my request and I need clarification.,Bug logged internally and workaround shared with the customer.,Urgent,Closed,Email,Europe,49,Female,Free,42,7,1,53.6,88.72,2024-07-23,2024-08-05,Yes,No,MacOS,Edge,Credit Card,French,Afternoon,6,Individual,patricia.anderson431@icloud.com,,0
61013,Thomas Johnson,thomas.johnson358@hotmail.com,Subscription Service,Refund Request,There seems to be a discrepancy in my billing statement for this month.,Provided step-by-step troubleshooting instructions and issue resolved.,Urgent,Pending Customer,Web Form,South America,38,Other,Free,9,9,3,29.79,218.79,2022-06-21,2022-07-03,Yes,Yes,Windows,Firefox,Debit Card,English,Evening,3,Individual,thomas.johnson358@hotmail.com,,0
111648,Sarah Anderson,sarah.anderson112@company.com,Web Portal,Payment Problem,There seems to be a discrepancy in my billing statement for this month.,Subscription status corrected and confirmation email sent to customer.,Medium,Pending Customer,Social Media,Europe,61,Female,Enterprise,4,14,5,45.86,82.05,2022-10-12,2022-10-21,Yes,Yes,MacOS,Edge,Bank Transfer,French,Evening,6,Corporate,sarah.anderson112@company.com,,0
128696,David Garcia,david.garcia999@hotmail.com,Web Portal,Login Issue,There seems to be a discrepancy in my billing statement for this month.,The issue was escalated to engineering and resolved in the latest patch.,Low,Open,Email,Asia,44,Female,Enterprise,43,4,1,43.51,180.54,2023-05-11,2023-05-15,Yes,Yes,iOS,Safari,Debit Card,Japanese,Morning,8,Corporate,david.garcia999@hotmail.com,,0
101872,Thomas Moore,thomas.moore537@company.com,Cloud Storage,Subscription Cancellation,There seems to be a discrepancy in my billing statement for this month.,The duplicate charge was reversed and refund processed within 3-5 business days.,Medium,Open,Chat,Asia,51,Male,Premium,43,8,2,42.81,222.91,2024-09-21,2024-09-22,Yes,Yes,Windows,Edge,Credit Card,Spanish,Afternoon,2,Individual,thomas.moore537@company.com,,0
81919,Patricia Anderson,patricia.anderson995@hotmail.com,API Service,Feature Request,The system is not syncing data across devices properly.,Explained billing breakdown and clarified applicable charges.,Urgent,In Progress,Social Media,Asia,58,Male,Basic,45,19,1,13.03,53.19,2022-11-02,2022-11-13,Yes,Yes,MacOS,Edge,Crypto,Spanish,Night,1,Corporate,patricia.anderson995@hotmail.com,2022-07-31,0
184138,Linda Rodriguez,linda.rodriguez417@yahoo.com,CRM Platform,Security Concern,The payment was deducted from my bank account but the transaction shows failed.,Data synchronization restored after backend service restart.,Low,Resolved,Web Form,Europe,29,Male,Enterprise,28,8,5,58.11,216.79,2022-06-26,2022-07-07,Yes,No,iOS,Firefox,Debit Card,Spanish,Morning,6,Individual,linda.rodriguez417@yahoo.com,,0
193601,Jennifer Thomas,jennifer.thomas936@company.com,Subscription Service,Refund Request,The system is not syncing data across devices properly.,Payment gateway timeout issue fixed and monitoring implemented.,Medium,Open,Chat,South America,74,Other,Free,40,17,5,34.75,9.84,2022-06-09,2022-06-20,Yes,Yes,Windows,Unknown,Credit Card,German,Morning,2,Small Business,jennifer.thomas936@company.com,,0
109769,Mary Johnson,mary.johnson885@company.com,Mobile App,Payment Problem,My subscription was cancelled without my request and I need clarification.,We have reset the account credentials and advised the customer to retry login.,Medium,Closed,Chat,Asia,70,Other,Free,11,9,2,54.04,59.83,2023-09-07,2023-09-12,Yes,No,Android,Chrome,Bank Transfer,English,Evening,9,Individual,mary.johnson885@company.com,,0
176190,Robert Rodriguez,robert.rodriguez969@outlook.com,Analytics Dashboard,Security Concern,Two-factor authentication codes are not being delivered to my phone.,Bug logged internally and workaround shared with the customer.,Urgent,Resolved,Social Media,North America,67,Other,Free,6,1,4,64.26,77.16,2024-05-13,2024-05-13,Yes,No,Android,Edge,PayPal,French,Morning,2,Small Business,robert.rodriguez969@outlook.com,,0
154698,Charles Taylor,charles.taylor700@yahoo.com,Payment Gateway,Refund Request,My subscription was cancelled without my request and I need clarification.,Bug logged internally and workaround shared with the customer.,Medium,Closed,Social Media,Asia,29,Other,Free,30,18,1,70.51,183.99,2023-10-13,2023-10-27,Yes,Yes,Android,Edge,Crypto,Chinese,Evening,9,Small Business,charles.taylor700@yahoo.com,,0
43701,Michael Moore,michael.moore613@outlook.com,CRM Platform,Login Issue,The system is not syncing data across devices properly.,Data synchronization restored after backend service restart.,Medium,Closed,Chat,South America,32,Other,Basic,19,13,5,8.55,206.91,2024-08-05,2024-08-13,No,Yes,Linux,Edge,Credit Card,Spanish,Afternoon,6,Corporate,michael.moore613@outlook.com,,0
109686,Thomas Rodriguez,thomas.rodriguez363@outlook.com,Analytics Dashboard,Security Concern,The application crashes whenever I try to upload a file.,The issue was escalated to engineering and resolved in the latest patch.,Low,Closed,Phone,Australia,59,Other,Enterprise,55,8,5,1.97,34.37,2023-04-26,2023-04-30,Yes,Yes,MacOS,Safari,Debit Card,English,Night,2,Individual,thomas.rodriguez363@outlook.com,,0
71621,James Johnson,james.johnson11@hotmail.com,Subscription Service,Subscription Cancellation,I am unable to access my account after entering the correct credentials.,Data synchronization restored after backend service restart.,Urgent,Resolved,Social Media,Australia,32,Male,Basic,21,7,2,61.95,76.91,2024-09-06,2024-09-17,Yes,No,Windows,Safari,Debit Card,French,Afternoon,6,Corporate,james.johnson11@hotmail.com,2023-04-23,0
86617,Mary Taylor,mary.taylor914@company.com,CRM Platform,Feature Request,The system is not syncing data across devices properly.,Bug logged internally and workaround shared with the customer.,Low,Open,Chat,South America,41,Female,Basic,38,12,3,47.62,108.18,2024-05-16,2024-05-26,Yes,Yes,iOS,Safari,Debit Card,French,Evening,7,Small Business,mary.taylor914@company.com,,0
11805,Jennifer Williams,jennifer.williams865@hotmail.com,Billing System,Login Issue,The application crashes whenever I try to upload a file.,Payment gateway timeout issue fixed and monitoring implemented.,High,Closed,Email,Asia,33,Male,Premium,41,11,3,8.97,21.82,2022-10-14,2022-10-23,No,Yes,MacOS,Unknown,Debit Card,French,Afternoon,10,Individual,jennifer.williams865@hotmail.com,,0
92100,Thomas Jones,thomas.jones342@gmail.com,Cloud Storage,Data Sync Issue,Two-factor authentication codes are not being delivered to my phone.,Payment gateway timeout issue fixed and monitoring implemented.,High,In Progress,Email,South America,64,Other,Free,19,12,1,47.56,60.11,2022-02-18,2022-02-19,No,Yes,Linux,Unknown,Debit Card,French,Afternoon,7,Small Business,thomas.jones342@gmail.com,,0
196787,Susan Smith,susan.smith44@hotmail.com,E-commerce Store,Refund Request,Two-factor authentication codes are not being delivered to my phone.,Explained billing breakdown and clarified applicable charges.,Medium,Closed,Chat,Asia,52,Female,Free,41,13,2,16.51,182.2,2024-01-19,2024-01-31,No,No,Android,Firefox,Bank Transfer,Chinese,Afternoon,3,Individual,susan.smith44@hotmail.com,,0
157196,Charles Williams,charles.williams304@icloud.com,Payment Gateway,Subscription Cancellation,I would like to request a refund for the recent charge.,The duplicate charge was reversed and refund processed within 3-5 business days.,Medium,Resolved,Phone,Europe,24,Female,Premium,5,13,2,13.68,127.77,2022-05-23,2022-06-03,Yes,No,Windows,Edge,Debit Card,Chinese,Evening,4,Corporate,charles.williams304@icloud.com,,0
187289,Thomas Johnson,thomas.johnson659@gmail.com,E-commerce Store,Login Issue,My subscription was cancelled without my request and I need clarification.,Subscription status corrected and confirmation email sent to customer.,Low,Closed,Social Media,South America,39,Other,Premium,52,6,3,28.31,203.2,2022-11-29,2022-12-09,Yes,No,Linux,Safari,PayPal,French,Night,5,Corporate,thomas.johnson659@gmail.com,,0
80444,Sarah Hernandez,sarah.hernandez958@gmail.com,Payment Gateway,Feature Request,The system is not syncing data across devices properly.,We have reset the account credentials and advised the customer to retry login.,Urgent,Resolved,Chat,Europe,66,Male,Free,15,4,1,16.79,125.39,2024-05-27,2024-06-03,Yes,Yes,Windows,Firefox,PayPal,French,Afternoon,10,Individual,sarah.hernandez958@gmail.com,,0
87978,Charles Gonzalez,charles.gonzalez329@gmail.com,Analytics Dashboard,Refund Request,I am unable to access my account after entering the correct credentials.,The duplicate charge was reversed and refund processed within 3-5 business days.,Medium,Resolved,Chat,North America,64,Other,Free,22,18,1,29.18,1.05,2023-09-29,2023-09-29,No,Yes,iOS,Safari,Crypto,Japanese,Afternoon,10,Small Business,charles.gonzalez329@gmail.com,,0
25276,Elizabeth Johnson,elizabeth.johnson694@yahoo.com,Payment Gateway,Data Sync Issue,Two-factor authentication codes are not being delivered to my phone.,Bug logged internally and workaround shared with the customer.,Low,Pending Customer,Phone,North America,39,Female,Free,12,17,5,34.3,65.95,2022-06-15,2022-06-15,No,Yes,MacOS,Unknown,Crypto,English,Night,7,Small Business,elizabeth.johnson694@yahoo.com,,0
93108,Jessica Gonzalez,jessica.gonzalez620@gmail.com,Mobile App,Login Issue,The system is not syncing data across devices properly.,The issue was escalated to engineering and resolved in the latest patch.,Medium,Open,Email,Europe,20,Male,Free,3,11,2,66.05,168.98,2022-03-30,2022-04-10,No,No,MacOS,Chrome,Credit Card,Japanese,Night,2,Corporate,jessica.gonzalez620@gmail.com,,0
121749,Linda Gonzalez,linda.gonzalez105@gmail.com,Subscription Service,Performance Issue,The system is not syncing data across devices properly.,Bug logged internally and workaround shared with the customer.,Low,Resolved,Email,Australia,66,Female,Premium,37,10,2,29.66,159.7,2024-08-05,2024-08-15,No,Yes,iOS,Safari,Debit Card,Spanish,Night,1,Individual,linda.gonzalez105@gmail.com,,0
166320,Thomas Lopez,thomas.lopez470@outlook.com,Subscription Service,Security Concern,I am unable to access my account after entering the correct credentials.,Explained billing breakdown and clarified applicable charges.,Medium,In Progress,Email,Europe,69,Male,Free,51,1,2,60.83,38.6,2023-12-27,2023-12-31,Yes,Yes,MacOS,Unknown,PayPal,Japanese,Morning,9,Small Business,thomas.lopez470@outlook.com,,0
109600,Jennifer Smith,jennifer.smith176@gmail.com,Web Portal,Subscription Cancellation,Two-factor authentication codes are not being delivered to my phone.,The duplicate charge was reversed and refund processed within 3-5 business days.,High,Open,Web Form,Asia,30,Male,Enterprise,45,14,4,32.27,130.19,2024-12-06,2024-12-14,No,Yes,MacOS,Safari,PayPal,English,Afternoon,6,Small Business,jennifer.smith176@gmail.com,,0
170686,Jennifer Moore,jennifer.moore339@icloud.com,CRM Platform,Login Issue,I found a bug in the latest update affecting report generation.,Security settings updated and customer notified of precautionary measures.,High,Pending Customer,Phone,Africa,25,Male,Premium,39,12,4,51.89,183.25,2023-09-27,2023-10-07,No,Yes,MacOS,Edge,Crypto,Japanese,Evening,3,Individual,jennifer.moore339@icloud.com,,0
172879,Susan Brown,susan.brown881@icloud.com,CRM Platform,Feature Request,I am experiencing very slow performance while using the dashboard.,Data synchronization restored after backend service restart.,Low,Open,Email,Africa,40,Other,Premium,8,10,2,1.72,208.99,2022-01-08,2022-01-21,No,Yes,Windows,Unknown,Debit Card,Chinese,Evening,10,Corporate,susan.brown881@icloud.com,,0
18089,Joseph Johnson,joseph.johnson502@hotmail.com,Payment Gateway,Payment Problem,The application crashes whenever I try to upload a file.,Security settings updated and customer notified of precautionary measures.,High,Pending Customer,Web Form,Asia,52,Other,Free,5,2,3,8.61,148.37,2022-10-31,2022-11-01,Yes,Yes,Linux,Safari,Bank Transfer,English,Evening,3,Individual,joseph.johnson502@hotmail.com,,0
674,William Anderson,william.anderson698@yahoo.com,Billing System,Bug Report,I am unable to access my account after entering the correct credentials.,The duplicate charge was reversed and refund processed within 3-5 business days.,Urgent,Pending Customer,Chat,Asia,26,Male,Basic,38,14,2,37.78,57.95,2023-06-04,2023-06-10,Yes,Yes,Windows,Unknown,Bank Transfer,English,Night,3,Corporate,william.anderson698@yahoo.com,,0
96277,Barbara Moore,barbara.moore88@icloud.com,CRM Platform,Data Sync Issue,The application crashes whenever I try to upload a file.,Explained billing breakdown and clarified applicable charges.,Medium,Closed,Chat,Europe,28,Female,Premium,14,7,2,8.44,225.76,2022-01-28,2022-02-02,No,Yes,Linux,Firefox,Credit Card,French,Morning,10,Corporate,barbara.moore88@icloud.com,,0
129147,Charles Jackson,charles.jackson218@yahoo.com,CRM Platform,Subscription Cancellation,The application crashes whenever I try to upload a file.,The issue was escalated to engineering and resolved in the latest patch.,Urgent,Pending Customer,Web Form,South America,60,Female,Basic,24,11,4,52.48,88.15,2022-08-07,2022-08-08,Yes,No,Android,Edge,Bank Transfer,Spanish,Morning,4,Small Business,charles.jackson218@yahoo.com,,0
24584,John Jones,john.jones325@outlook.com,Mobile App,Feature Request,I found a bug in the latest update affecting report generation.,The issue was escalated to engineering and resolved in the latest patch.,Urgent,In Progress,Web Form,South America,64,Male,Free,60,17,5,13.6,5.48,2022-01-09,2022-01-09,Yes,Yes,iOS,Firefox,Debit Card,English,Afternoon,1,Corporate,john.jones325@outlook.com,,0
192661,Richard Martin,richard.martin127@icloud.com,Payment Gateway,Bug Report,I am experiencing very slow performance while using the dashboard.,Explained billing breakdown and clarified applicable charges.,Urgent,Open,Phone,Asia,51,Male,Enterprise,11,2,3,71.96,72.22,2022-11-10,2022-11-15,Yes,Yes,Android,Safari,Crypto,Spanish,Morning,3,Individual,richard.martin127@icloud.com,,0
199976,Karen Garcia,karen.garcia826@company.com,Billing System,Bug Report,I found a bug in the latest update affecting report generation.,Bug logged internally and workaround shared with the customer.,Low,Resolved,Email,Africa,32,Female,Basic,24,7,4,36.01,119.21,2023-05-25,2023-06-05,No,Yes,Windows,Chrome,Credit Card,French,Night,6,Individual,karen.garcia826@company.com,,0
170281,David Martin,david.martin345@icloud.com,Cloud Storage,Bug Report,My subscription was cancelled without my request and I need clarification.,The issue was escalated to engineering and resolved in the latest patch.,High,Closed,Web Form,South America,30,Other,Free,36,19,2,54.03,48.24,2024-09-08,2024-09-21,Yes,Yes,Linux,Unknown,PayPal,German,Morning,10,Individual,david.martin345@icloud.com,,0
110010,Karen Williams,karen.williams697@gmail.com,Payment Gateway,Feature Request,There seems to be a discrepancy in my billing statement for this month.,Bug logged internally and workaround shared with the customer.,Medium,Resolved,Web Form,South America,60,Female,Premium,4,2,1,65.72,92.88,2024-02-07,2024-02-13,No,No,Android,Chrome,Bank Transfer,German,Evening,2,Small Business,karen.williams697@gmail.com,,0
67619,James Johnson,james.johnson40@outlook.com,API Service,Bug Report,My subscription was cancelled without my request and I need clarification.,The issue was escalated to engineering and resolved in the latest patch.,Medium,Resolved,Email,South America,24,Other,Enterprise,33,14,2,53.04,60.75,2023-10-10,2023-10-21,Yes,No,iOS,Unknown,Credit Card,German,Afternoon,5,Small Business,james.johnson40@outlook.com,,0
71484,Elizabeth Wilson,elizabeth.wilson932@outlook.com,Mobile App,Payment Problem,I am unable to access my account after entering the correct credentials.,The duplicate charge was reversed and refund processed within 3-5 business days.,Urgent,Pending Customer,Email,South America,60,Other,Enterprise,5,18,4,48.45,41.19,2023-08-21,2023-08-25,Yes,Yes,Linux,Edge,Bank Transfer,French,Evening,3,Corporate,elizabeth.wilson932@outlook.com,,0
195598,Karen Thomas,karen.thomas927@company.com,Cloud Storage,Feature Request,The application crashes whenever I try to upload a file.,Security settings updated and customer notified of precautionary measures.,Urgent,In Progress,Phone,Africa,66,Female,Enterprise,46,17,4,40.28,63.99,2024-06-15,2024-06-17,Yes,Yes,MacOS,Safari,Debit Card,Chinese,Evening,1,Individual,karen.thomas927@company.com,,0
179508,Robert Jackson,robert.jackson439@icloud.com,API Service,Subscription Cancellation,I would like to request a refund for the recent charge.,Payment gateway timeout issue fixed and monitoring implemented.,Urgent,Pending Customer,Social Media,Africa,45,Other,Premium,59,0,2,40.19,69.16,2022-04-01,2022-04-05,Yes,Yes,Android,Safari,PayPal,English,Morning,2,Small Business,robert.jackson439@icloud.com,,0
124084,David Martinez,david.martinez801@yahoo.com,Payment Gateway,Login Issue,The system is not syncing data across devices properly.,Explained billing breakdown and clarified applicable charges.,Low,Resolved,Chat,Australia,65,Female,Free,46,16,2,42.76,198.33,2023-12-09,2023-12-23,No,No,Linux,Firefox,Credit Card,Chinese,Evening,8,Small Business,david.martinez801@yahoo.com,,0
86206,Robert Garcia,robert.garcia860@icloud.com,Analytics Dashboard,Security Concern,I found a bug in the latest update affecting report generation.,Data synchronization restored after backend service restart.,High,In Progress,Social Media,Africa,71,Female,Enterprise,18,7,4,48.23,146.23,2023-04-22,2023-04-25,Yes,No,MacOS,Edge,Credit Card,French,Morning,7,Individual,robert.garcia860@icloud.com,,0
22010,Mary Garcia,mary.garcia389@hotmail.com,Web Portal,Security Concern,I found a bug in the latest update affecting report generation.,Bug logged internally and workaround shared with the customer.,Urgent,Pending Customer,Chat,Asia,55,Male,Enterprise,41,16,5,27.85,136.85,2023-06-25,2023-07-07,Yes,Yes,Windows,Safari,Bank Transfer,French,Night,3,Small Business,mary.garcia389@hotmail.com,,0
82552,Jennifer Wilson,jennifer.wilson646@company.com,Mobile App,Payment Problem,I found a bug in the latest update affecting report generation.,The issue was escalated to engineering and resolved in the latest patch.,Medium,In Progress,Social Media,North America,69,Female,Basic,20,1,1,11.26,214.21,2023-12-29,2024-01-06,No,Yes,Linux,Safari,Crypto,German,Morning,7,Small Business,jennifer.wilson646@company.com,,0
195091,Elizabeth Anderson,elizabeth.anderson621@yahoo.com,Payment Gateway,Login Issue,The application crashes whenever I try to upload a file.,Subscription status corrected and confirmation email sent to customer.,Medium,In Progress,Chat,Europe,62,Female,Basic,15,15,5,64.4,122.7,2024-12-28,2025-01-09,No,No,Android,Safari,PayPal,French,Evening,2,Corporate,elizabeth.anderson621@yahoo.com,,0
104149,Robert Rodriguez,robert.rodriguez1@icloud.com,API Service,Security Concern,I would like to request a refund for the recent charge.,We have reset the account credentials and advised the customer to retry login.,High,In Progress,Email,Africa,28,Female,Free,37,2,4,53.32,197.62,2024-03-20,2024-03-22,Yes,No,Linux,Unknown,PayPal,Japanese,Night,9,Individual,robert.rodriguez1@icloud.com,,0
58476,James Moore,james.moore662@icloud.com,Mobile App,Login Issue,I would like to request a refund for the recent charge.,The duplicate charge was reversed and refund processed within 3-5 business days.,High,Open,Web Form,Africa,54,Female,Premium,36,5,3,2.88,166.19,2022-07-02,2022-07-12,Yes,No,Linux,Edge,Crypto,Spanish,Night,1,Individual,james.moore662@icloud.com,,0
192330,Barbara Wilson,barbara.wilson683@outlook.com,API Service,Performance Issue,There seems to be a discrepancy in my billing statement for this month.,Data synchronization restored after backend service restart.,High,Closed,Email,North America,50,Male,Basic,22,1,4,15.45,101.21,2023-04-11,2023-04-13,No,Yes,Linux,Unknown,Bank Transfer,German,Night,5,Individual,barbara.wilson683@outlook.com,,0
69137,Jennifer Thomas,jennifer.thomas155@gmail.com,API Service,Security Concern,The system is not syncing data across devices properly.,We have reset the account credentials and advised the customer to retry login.,High,Open,Email,North America,28,Male,Enterprise,50,20,1,36.04,220.44,2024-11-15,2024-11-27,Yes,Yes,iOS,Unknown,Debit Card,French,Morning,8,Individual,jennifer.thomas155@gmail.com,,0
186180,John Brown,john.brown811@outlook.com,Web Portal,Bug Report,I am unable to access my account after entering the correct credentials.,Explained billing breakdown and clarified applicable charges.,Low,Open,Web Form,Europe,50,Male,Premium,32,1,1,64.05,20.52,2022-05-05,2022-05-11,No,Yes,MacOS,Safari,Bank Transfer,German,Afternoon,7,Corporate,john.brown811@outlook.com,,0
104131,David Garcia,david.garcia252@gmail.com,Analytics Dashboard,Login Issue,The system is not syncing data across devices properly.,Subscription status corrected and confirmation email sent to customer.,Low,Closed,Web Form,Europe,55,Female,Premium,16,2,5,16.99,192.08,2023-06-19,2023-07-02,No,Yes,Linux,Safari,Bank Transfer,French,Night,7,Individual,david.garcia252@gmail.com,,0
43475,Joseph Garcia,joseph.garcia336@company.com,Payment Gateway,Payment Problem,There seems to be a discrepancy in my billing statement for this month.,Data synchronization restored after backend service restart.,Urgent,In Progress,Social Media,Europe,46,Female,Basic,57,3,3,40.91,209.6,2023-05-25,2023-06-04,No,No,Android,Edge,Credit Card,Chinese,Night,2,Small Business,joseph.garcia336@company.com,,0
194767,Thomas Williams,thomas.williams352@icloud.com,Web Portal,Bug Report,The payment was deducted from my bank account but the transaction shows failed.,Data synchronization restored after backend service restart.,Medium,Pending Customer,Email,Africa,68,Other,Basic,57,5,1,32.55,180.13,2024-08-23,2024-09-02,Yes,No,MacOS,Chrome,Debit Card,French,Afternoon,9,Small Business,thomas.williams352@icloud.com,,0
79063,Karen Miller,karen.miller99@icloud.com,Cloud Storage,Data Sync Issue,I would like to request a refund for the recent charge.,Subscription status corrected and confirmation email sent to customer.,Urgent,Pending Customer,Web Form,Asia,74,Other,Premium,3,6,3,2.53,34.1,2023-11-15,2023-11-22,Yes,Yes,Android,Chrome,PayPal,Chinese,Night,5,Individual,karen.miller99@icloud.com,,0
97279,Susan Moore,susan.moore8@yahoo.com,CRM Platform,Bug Report,Two-factor authentication codes are not being delivered to my phone.,Security settings updated and customer notified of precautionary measures.,Low,Resolved,Phone,North America,42,Other,Premium,4,18,3,27.64,69.05,2024-11-07,2024-11-18,Yes,No,iOS,Firefox,Debit Card,Spanish,Evening,3,Corporate,susan.moore8@yahoo.com,,0
121860,Thomas Lopez,thomas.lopez196@hotmail.com,Billing System,Performance Issue,The application crashes whenever I try to upload a file.,Bug logged internally and workaround shared with the customer.,Medium,In Progress,Social Media,Europe,22,Female,Free,36,12,4,46.52,156.68,2023-01-08,2023-01-13,Yes,Yes,Android,Firefox,PayPal,Spanish,Afternoon,10,Corporate,thomas.lopez196@hotmail.com,,0
141962,Jennifer Garcia,jennifer.garcia171@hotmail.com,Mobile App,Subscription Cancellation,I would like to request a refund for the recent charge.,Explained billing breakdown and clarified applicable charges.,Low,Open,Web Form,Africa,26,Female,Premium,35,3,1,5.64,227.91,2022-06-21,2022-07-01,No,Yes,Windows,Unknown,Bank Transfer,French,Evening,4,Small Business,jennifer.garcia171@hotmail.com,,0
138740,Robert Davis,robert.davis564@outlook.com,Subscription Service,Bug Report,The payment was deducted from my bank account but the transaction shows failed.,The duplicate charge was reversed and refund processed within 3-5 business days.,Medium,Pending Customer,Phone,North America,54,Other,Basic,28,1,2,23.24,32.88,2023-05-28,2023-06-01,Yes,No,MacOS,Firefox,Credit Card,English,Afternoon,3,Corporate,robert.davis564@outlook.com,,0
116975,John Martinez,john.martinez508@icloud.com,Subscription Service,Login Issue,The application crashes whenever I try to upload a file.,Security settings updated and customer notified of precautionary measures.,Low,Resolved,Phone,Europe,59,Other,Basic,55,15,5,8.43,19.42,2023-07-20,2023-07-20,Yes,Yes,Windows,Edge,Bank Transfer,German,Evening,10,Individual,john.martinez508@icloud.com,,0
139060,Susan Thomas,susan.thomas660@outlook.com,CRM Platform,Performance Issue,I am unable to access my account after entering the correct credentials.,The duplicate charge was reversed and refund processed within 3-5 business days.,Low,In Progress,Email,South America,31,Male,Free,38,19,4,54.7,58.69,2022-12-21,2023-01-01,No,No,Android,Safari,PayPal,Spanish,Afternoon,3,Small Business,susan.thomas660@outlook.com,,0
114418,David Moore,david.moore837@gmail.com,Analytics Dashboard,Performance Issue,The application crashes whenever I try to upload a file.,Data synchronization restored after backend service restart.,High,Resolved,Social Media,Australia,32,Female,Free,6,0,4,17.71,182.92,2024-07-14,2024-07-16,No,No,Android,Chrome,Debit Card,French,Evening,8,Small Business,david.moore837@gmail.com,,0
27118,Michael Taylor,michael.taylor223@yahoo.com,E-commerce Store,Account Suspension,There seems to be a discrepancy in my billing statement for this month.,We have reset the account credentials and advised the customer to retry login.,Urgent,Pending Customer,Chat,Asia,20,Male,Free,1,12,1,68.25,26.31,2023-02-25,2023-03-09,Yes,No,Linux,Edge,Crypto,Japanese,Evening,2,Small Business,michael.taylor223@yahoo.com,,0
87236,Michael Anderson,michael.anderson89@company.com,API Service,Login Issue,The system is not syncing data across devices properly.,The issue was escalated to engineering and resolved in the latest patch.,Low,In Progress,Chat,Asia,55,Other,Premium,58,4,2,42.64,53.51,2023-08-18,2023-08-30,Yes,No,Android,Safari,Credit Card,German,Morning,7,Small Business,michael.anderson89@company.com,,0
87092,David Thomas,david.thomas906@outlook.com,Payment Gateway,Bug Report,There seems to be a discrepancy in my billing statement for this month.,Subscription status corrected and confirmation email sent to customer.,Low,Closed,Chat,Australia,31,Male,Premium,23,14,5,68.59,7.51,2022-01-02,2022-01-06,No,No,MacOS,Firefox,Debit Card,Japanese,Evening,8,Corporate,david.thomas906@outlook.com,,0
105727,William Wilson,william.wilson574@gmail.com,Subscription Service,Data Sync Issue,Two-factor authentication codes are not being delivered to my phone.,Explained billing breakdown and clarified applicable charges.,Medium,Open,Social Media,Africa,23,Female,Free,48,9,4,43.39,4.75,2022-06-22,2022-07-01,No,Yes,Windows,Edge,Credit Card,English,Afternoon,1,Corporate,william.wilson574@gmail.com,,0
131362,John Miller,john.miller265@icloud.com,Subscription Service,Refund Request,There seems to be a discrepancy in my billing statement for this month.,Provided step-by-step troubleshooting instructions and issue resolved.,Medium,Open,Social Media,North America,69,Other,Enterprise,60,13,2,66.8,153.34,2024-09-06,2024-09-19,No,No,MacOS,Safari,PayPal,Chinese,Evening,5,Individual,john.miller265@icloud.com,,0
176979,James Williams,james.williams684@hotmail.com,Analytics Dashboard,Subscription Cancellation,I am unable to access my account after entering the correct credentials.,The duplicate charge was reversed and refund processed within 3-5 business days.,High,Pending Customer,Chat,South America,44,Female,Enterprise,12,13,4,46.32,21.71,2024-06-16,2024-06-29,No,Yes,Windows,Firefox,Bank Transfer,Japanese,Night,7,Small Business,james.williams684@hotmail.com,,0
56313,Jennifer Martinez,jennifer.martinez656@outlook.com,Subscription Service,Subscription Cancellation,Two-factor authentication codes are not being delivered to my phone.,Subscription status corrected and confirmation email sent to customer.,Urgent,Pending Customer,Social Media,Australia,36,Male,Enterprise,23,8,2,0.9,196.94,2023-11-11,2023-11-23,Yes,Yes,iOS,Safari,Debit Card,French,Morning,9,Small Business,jennifer.martinez656@outlook.com,,0
6432,Robert Martinez,robert.martinez507@hotmail.com,CRM Platform,Bug Report,I am experiencing very slow performance while using the dashboard.,Provided step-by-step troubleshooting instructions and issue resolved.,Low,Closed,Phone,Europe,52,Female,Free,29,2,5,25.25,94.91,2024-11-05,2024-11-16,Yes,No,Android,Firefox,Crypto,German,Night,2,Corporate,robert.martinez507@hotmail.com,,0
172505,Thomas Jackson,thomas.jackson891@outlook.com,CRM Platform,Refund Request,I am experiencing very slow performance while using the dashboard.,Bug logged internally and workaround shared with the customer.,Urgent,Open,Phone,Australia,49,Female,Free,50,12,3,26.6,222.65,2024-05-14,2024-05-26,Yes,No,MacOS,Unknown,Debit Card,English,Evening,8,Individual,thomas.jackson891@outlook.com,,0
38033,Jennifer Martinez,jennifer.martinez226@company.com,Billing System,Payment Problem,There seems to be a discrepancy in my billing statement for this month.,Subscription status corrected and confirmation email sent to customer.,Medium,Open,Social Media,Africa,28,Male,Free,40,18,5,41.45,34.31,2024-02-04,2024-02-16,Yes,Yes,Android,Edge,Debit Card,Chinese,Evening,1,Corporate,jennifer.martinez226@company.com,,0
49484,Richard Rodriguez,richard.rodriguez261@outlook.com,Web Portal,Account Suspension,The payment was deducted from my bank account but the transaction shows failed.,Explained billing breakdown and clarified applicable charges.,High,Pending Customer,Web Form,South America,73,Male,Enterprise,6,8,4,46.22,29.94,2023-08-05,2023-08-06,No,No,Windows,Safari,Debit Card,Japanese,Night,3,Corporate,richard.rodriguez261@outlook.com,,0
176353,John Hernandez,john.hernandez837@hotmail.com,Payment Gateway,Payment Problem,The system is not syncing data across devices properly.,Payment gateway timeout issue fixed and monitoring implemented.,Low,Resolved,Email,Australia,55,Other,Basic,34,10,2,48.59,92.13,2022-03-05,2022-03-18,Yes,No,Linux,Safari,Credit Card,Chinese,Afternoon,4,Corporate,john.hernandez837@hotmail.com,,0
171229,Linda Smith,linda.smith382@company.com,Subscription Service,Account Suspension,There seems to be a discrepancy in my billing statement for this month.,Payment gateway timeout issue fixed and monitoring implemented.,Low,Resolved,Web Form,Europe,48,Male,Basic,30,3,5,30.25,222.93,2024-05-10,2024-05-12,Yes,No,Android,Chrome,PayPal,French,Night,8,Corporate,linda.smith382@company.com,,0
170852,Richard Davis,richard.davis163@outlook.com,Mobile App,Security Concern,Two-factor authentication codes are not being delivered to my phone.,Explained billing breakdown and clarified applicable charges.,Low,In Progress,Phone,Asia,66,Female,Free,32,11,5,27.87,1.85,2023-10-27,2023-11-06,Yes,Yes,Android,Firefox,Crypto,German,Night,6,Small Business,richard.davis163@outlook.com,,0
97032,Joseph Thomas,joseph.thomas861@hotmail.com,E-commerce Store,Refund Request,The application crashes whenever I try to upload a file.,Subscription status corrected and confirmation email sent to customer.,Medium,Open,Web Form,Australia,48,Male,Premium,54,8,5,26.28,23.87,2022-11-11,2022-11-23,Yes,Yes,Windows,Firefox,Debit Card,German,Morning,10,Individual,joseph.thomas861@hotmail.com,,0
183831,Barbara Lopez,barbara.lopez329@gmail.com,API Service,Security Concern,I would like to request a refund for the recent charge.,Security settings updated and customer notified of precautionary measures.,Urgent,Open,Phone,South America,64,Female,Premium,43,5,3,40.54,225.24,2024-09-18,2024-09-27,No,Yes,Windows,Chrome,Crypto,English,Morning,4,Small Business,barbara.lopez329@gmail.com,,0
171075,Karen Davis,karen.davis734@gmail.com,CRM Platform,Feature Request,The application crashes whenever I try to upload a file.,The duplicate charge was reversed and refund processed within 3-5 business days.,Low,Pending Customer,Phone,Australia,59,Other,Enterprise,19,9,1,15.43,150.29,2022-03-30,2022-04-10,Yes,Yes,MacOS,Unknown,Debit Card,French,Afternoon,10,Corporate,karen.davis734@gmail.com,,0
47721,Jessica Wilson,jessica.wilson82@yahoo.com,Billing System,Performance Issue,I am unable to access my account after entering the correct credentials.,Data synchronization restored after backend service restart.,High,Open,Phone,Africa,36,Female,Basic,26,12,2,18.42,120.42,2023-10-17,2023-10-19,No,No,MacOS,Unknown,PayPal,French,Night,4,Corporate,jessica.wilson82@yahoo.com,,0
50027,Susan Johnson,susan.johnson833@gmail.com,Subscription Service,Payment Problem,There seems to be a discrepancy in my billing statement for this month.,Bug logged internally and workaround shared with the customer.,Medium,Pending Customer,Social Media,South America,23,Female,Enterprise,54,13,1,23.86,181.07,2024-10-02,2024-10-03,No,No,MacOS,Safari,Crypto,French,Morning,3,Small Business,susan.johnson833@gmail.com,,0
55205,Charles Anderson,charles.anderson178@company.com,E-commerce Store,Account Suspension,I am experiencing very slow performance while using the dashboard.,We have reset the account credentials and advised the customer to retry login.,Urgent,In Progress,Email,South America,20,Male,Free,1,12,1,21.34,144.66,2024-08-23,2024-08-29,No,No,Android,Unknown,Crypto,German,Evening,3,Individual,charles.anderson178@company.com,,0
